2.604451179504394531e-01
7.332890033721923828e-01
4.966775577486259863e-07
3.366032242774963379e-01
7.100893259048461914e-01
-2.780698984861373901e-02
3.966700136661529541e-01
6.566222906112670898e-01
-3.902472555637359619e-02
4.385114908218383789e-01
5.972974300384521484e-01
-4.785092175006866455e-02
4.688180685043334961e-01
5.494301915168762207e-01
-5.647397786378860474e-02
3.504340052604675293e-01
5.328363180160522461e-01
-2.081759646534919739e-02
3.783940970897674561e-01
4.486816227436065674e-01
-3.426443785429000854e-02
3.909683525562286377e-01
3.964169323444366455e-01
-4.561127349734306335e-02
3.987119793891906738e-01
3.539246320724487305e-01
-5.383065342903137207e-02
3.056267201900482178e-01
5.120286345481872559e-01
-1.907976344227790833e-02
3.268761634826660156e-01
4.142184257507324219e-01
-2.812113985419273376e-02
3.367657661437988281e-01
3.534103035926818848e-01
-3.832779079675674438e-02
3.438430130481719971e-01
3.079275190830230713e-01
-4.626420140266418457e-02
2.599010765552520752e-01
5.158709883689880371e-01
-2.078844048082828522e-02
2.665414214134216309e-01
4.247741699218750000e-01
-3.388475999236106873e-02
2.731549441814422607e-01
3.703793287277221680e-01
-4.680033400654792786e-02
2.809347212314605713e-01
3.309423029422760010e-01
-5.632665753364562988e-02
2.157638669013977051e-01
5.403245091438293457e-01
-2.475011534988880157e-02
1.955725401639938354e-01
4.831623733043670654e-01
-4.202711209654808044e-02
1.833207756280899048e-01
4.428457617759704590e-01
-5.122081190347671509e-02
1.753235161304473877e-01
4.078871905803680420e-01
-5.618569999933242798e-02
