2.572749257087707520e-01
7.377601861953735352e-01
5.346623765944968909e-07
3.302372097969055176e-01
7.110274434089660645e-01
-2.850010059773921967e-02
3.923942148685455322e-01
6.558616161346435547e-01
-4.011575132608413696e-02
4.342653155326843262e-01
5.974431633949279785e-01
-4.864233359694480896e-02
4.653733670711517334e-01
5.514582991600036621e-01
-5.654308199882507324e-02
3.465521335601806641e-01
5.355301499366760254e-01
-2.393903024494647980e-02
3.769196271896362305e-01
4.487415254116058350e-01
-3.771396726369857788e-02
3.896959722042083740e-01
3.950236439704895020e-01
-4.912037402391433716e-02
3.975083827972412109e-01
3.518033921718597412e-01
-5.708307027816772461e-02
3.024492859840393066e-01
5.138913989067077637e-01
-2.122886292636394501e-02
3.261820375919342041e-01
4.158931076526641846e-01
-3.065772354602813721e-02
3.360123038291931152e-01
3.531136512756347656e-01
-4.107887297868728638e-02
3.413889408111572266e-01
3.075447082519531250e-01
-4.892499744892120361e-02
2.580274641513824463e-01
5.163300037384033203e-01
-2.162109129130840302e-02
2.671315073966979980e-01
4.235250353813171387e-01
-3.308191895484924316e-02
2.734720706939697266e-01
3.687219619750976562e-01
-4.478948935866355896e-02
2.802937626838684082e-01
3.285581171512603760e-01
-5.366126447916030884e-02
2.152006924152374268e-01
5.393736362457275391e-01
-2.432896196842193604e-02
1.975430697202682495e-01
4.812684953212738037e-01
-3.822490200400352478e-02
1.858512759208679199e-01
4.412505328655242920e-01
-4.529598355293273926e-02
1.784359514713287354e-01
4.072781801223754883e-01
-4.904123023152351379e-02
