2.596961557865142822e-01
7.520350813865661621e-01
5.595341576736245770e-07
3.341454863548278809e-01
7.218594551086425781e-01
-2.820772677659988403e-02
3.956624567508697510e-01
6.651832461357116699e-01
-4.005093500018119812e-02
4.367859959602355957e-01
6.079224348068237305e-01
-4.928432404994964600e-02
4.665488004684448242e-01
5.619208216667175293e-01
-5.794826894998550415e-02
3.468215167522430420e-01
5.419319272041320801e-01
-2.367583103477954865e-02
3.758471608161926270e-01
4.535126686096191406e-01
-3.878390043973922729e-02
3.883367478847503662e-01
3.981176912784576416e-01
-5.105106905102729797e-02
3.958320319652557373e-01
3.530569672584533691e-01
-5.968980863690376282e-02
3.017427027225494385e-01
5.208807587623596191e-01
-2.258826047182083130e-02
3.234656453132629395e-01
4.181781411170959473e-01
-3.423989191651344299e-02
3.324174880981445312e-01
3.529065847396850586e-01
-4.576702415943145752e-02
3.377579748630523682e-01
3.034050464630126953e-01
-5.396549403667449951e-02
2.563035488128662109e-01
5.245144963264465332e-01
-2.480679564177989960e-02
2.624632418155670166e-01
4.278659820556640625e-01
-3.876434639096260071e-02
2.682988941669464111e-01
3.702044785022735596e-01
-5.198780074715614319e-02
2.753172516822814941e-01
3.262569308280944824e-01
-6.135700270533561707e-02
2.123380601406097412e-01
5.495607256889343262e-01
-2.928346954286098480e-02
1.912958323955535889e-01
4.884665608406066895e-01
-4.516972973942756653e-02
1.776934862136840820e-01
4.469448626041412354e-01
-5.329799652099609375e-02
1.692008376121520996e-01
4.107915163040161133e-01
-5.758159980177879333e-02
