2.600323259830474854e-01
7.515988945960998535e-01
5.549985075958829839e-07
3.343310356140136719e-01
7.208692431449890137e-01
-2.656033076345920563e-02
3.961480259895324707e-01
6.638615727424621582e-01
-3.787351027131080627e-02
4.371277093887329102e-01
6.076921820640563965e-01
-4.673064872622489929e-02
4.672135114669799805e-01
5.632646679878234863e-01
-5.517157539725303650e-02
3.465923368930816650e-01
5.417822599411010742e-01
-2.401866018772125244e-02
3.755262494087219238e-01
4.525799453258514404e-01
-3.857706487178802490e-02
3.879217803478240967e-01
3.975767493247985840e-01
-5.023378506302833557e-02
3.955299854278564453e-01
3.526841104030609131e-01
-5.850407108664512634e-02
3.013103008270263672e-01
5.210449099540710449e-01
-2.337197773158550262e-02
3.233599960803985596e-01
4.181224405765533447e-01
-3.467192500829696655e-02
3.324782252311706543e-01
3.525740504264831543e-01
-4.587876051664352417e-02
3.378374874591827393e-01
3.033139407634735107e-01
-5.396315455436706543e-02
2.559739649295806885e-01
5.248505473136901855e-01
-2.569789253175258636e-02
2.622499167919158936e-01
4.280699193477630615e-01
-3.913494199514389038e-02
2.680652141571044922e-01
3.705159425735473633e-01
-5.239375308156013489e-02
2.749069333076477051e-01
3.268033862113952637e-01
-6.196921318769454956e-02
2.124526202678680420e-01
5.497161746025085449e-01
-3.008667752146720886e-02
1.917703747749328613e-01
4.882818460464477539e-01
-4.560680687427520752e-02
1.778132915496826172e-01
4.470988512039184570e-01
-5.380376428365707397e-02
1.687974631786346436e-01
4.114042520523071289e-01
-5.825005099177360535e-02
