2.633025944232940674e-01
7.554381489753723145e-01
5.505355034074455034e-07
3.348655402660369873e-01
7.233852744102478027e-01
-2.958846464753150940e-02
3.963067233562469482e-01
6.666395664215087891e-01
-4.379474371671676636e-02
4.366592764854431152e-01
6.097607016563415527e-01
-5.502995476126670837e-02
4.676024913787841797e-01
5.637226700782775879e-01
-6.569454073905944824e-02
3.481146991252899170e-01
5.419530272483825684e-01
-3.006397373974323273e-02
3.769960403442382812e-01
4.537087082862854004e-01
-4.796384647488594055e-02
3.894841372966766357e-01
3.983881175518035889e-01
-6.170440837740898132e-02
3.971349298954010010e-01
3.528226912021636963e-01
-7.121481001377105713e-02
3.033879399299621582e-01
5.205871462821960449e-01
-2.925139106810092926e-02
3.248526155948638916e-01
4.179173409938812256e-01
-4.311979934573173523e-02
3.338786661624908447e-01
3.535256385803222656e-01
-5.522720143198966980e-02
3.390689790248870850e-01
3.039508163928985596e-01
-6.382610648870468140e-02
2.580659389495849609e-01
5.242977142333984375e-01
-3.152703866362571716e-02
2.638138234615325928e-01
4.283572733402252197e-01
-4.674989357590675354e-02
2.686829268932342529e-01
3.718290030956268311e-01
-5.964028835296630859e-02
2.750589549541473389e-01
3.275752067565917969e-01
-6.883168220520019531e-02
2.139380425214767456e-01
5.496672391891479492e-01
-3.612365946173667908e-02
1.926403194665908813e-01
4.882549643516540527e-01
-5.255673825740814209e-02
1.787597239017486572e-01
4.476760327816009521e-01
-6.035044044256210327e-02
1.697901189327239990e-01
4.119372069835662842e-01
-6.436789035797119141e-02
