2.633764147758483887e-01
7.571048140525817871e-01
5.555402822210453451e-07
3.342180550098419189e-01
7.240389585494995117e-01
-3.086364269256591797e-02
3.954329192638397217e-01
6.664028763771057129e-01
-4.536962509155273438e-02
4.363730549812316895e-01
6.097352504730224609e-01
-5.700081214308738708e-02
4.683722257614135742e-01
5.636056661605834961e-01
-6.805374473333358765e-02
3.479800522327423096e-01
5.419545769691467285e-01
-2.908295951783657074e-02
3.767499327659606934e-01
4.541800618171691895e-01
-4.756172373890876770e-02
3.894731700420379639e-01
3.989944458007812500e-01
-6.214335188269615173e-02
3.974634408950805664e-01
3.531077504158020020e-01
-7.227847725152969360e-02
3.034643530845642090e-01
5.208930969238281250e-01
-2.820765785872936249e-02
3.243139386177062988e-01
4.186215996742248535e-01
-4.252672567963600159e-02
3.334468007087707520e-01
3.548133373260498047e-01
-5.530292913317680359e-02
3.390668332576751709e-01
3.052868247032165527e-01
-6.434672325849533081e-02
2.581854760646820068e-01
5.247693657875061035e-01
-3.081992268562316895e-02
2.637240588665008545e-01
4.291101992130279541e-01
-4.663487896323204041e-02
2.688257694244384766e-01
3.726918697357177734e-01
-5.994289368391036987e-02
2.756218612194061279e-01
3.276849985122680664e-01
-6.931552290916442871e-02
2.136748135089874268e-01
5.504450201988220215e-01
-3.598458692431449890e-02
1.925048381090164185e-01
4.894129037857055664e-01
-5.285349115729331970e-02
1.784464120864868164e-01
4.489301443099975586e-01
-6.088735535740852356e-02
1.692215800285339355e-01
4.124789834022521973e-01
-6.508377939462661743e-02
