2.642499208450317383e-01
7.540084123611450195e-01
5.587995701716863550e-07
3.358814418315887451e-01
7.237324118614196777e-01
-3.230400010943412781e-02
3.974227607250213623e-01
6.666131615638732910e-01
-4.730106890201568604e-02
4.400194883346557617e-01
6.108358502388000488e-01
-5.940238013863563538e-02
4.718950688838958740e-01
5.639526247978210449e-01
-7.086510956287384033e-02
3.494838476181030273e-01
5.397080183029174805e-01
-3.054404631257057190e-02
3.798083662986755371e-01
4.533067941665649414e-01
-5.005220323801040649e-02
3.928084075450897217e-01
3.981572687625885010e-01
-6.522332131862640381e-02
4.012517929077148438e-01
3.518726229667663574e-01
-7.565577328205108643e-02
3.055614233016967773e-01
5.175933241844177246e-01
-2.938668057322502136e-02
3.271313309669494629e-01
4.167933464050292969e-01
-4.411182925105094910e-02
3.356782197952270508e-01
3.532785177230834961e-01
-5.673888325691223145e-02
3.406952917575836182e-01
3.040615320205688477e-01
-6.567048281431198120e-02
2.607891559600830078e-01
5.212007164955139160e-01
-3.192758187651634216e-02
2.675958275794982910e-01
4.271678328514099121e-01
-4.808248952031135559e-02
2.717722058296203613e-01
3.718913197517395020e-01
-6.093201786279678345e-02
2.773337662220001221e-01
3.277321755886077881e-01
-6.993327289819717407e-02
2.170737981796264648e-01
5.479366183280944824e-01
-3.729737177491188049e-02
1.957015544176101685e-01
4.887719750404357910e-01
-5.465291067957878113e-02
1.811581701040267944e-01
4.485945105552673340e-01
-6.256061047315597534e-02
1.710630208253860474e-01
4.122602343559265137e-01
-6.657009571790695190e-02
