2.661274671554565430e-01
7.526488304138183594e-01
5.530874886972014792e-07
3.370651900768280029e-01
7.215554714202880859e-01
-3.132882341742515564e-02
3.983491361141204834e-01
6.646240949630737305e-01
-4.602930694818496704e-02
4.406560659408569336e-01
6.099879741668701172e-01
-5.806943774223327637e-02
4.722491204738616943e-01
5.638746023178100586e-01
-6.969060003757476807e-02
3.511651754379272461e-01
5.402103066444396973e-01
-3.016988560557365417e-02
3.803041577339172363e-01
4.532430768013000488e-01
-4.967958852648735046e-02
3.933155536651611328e-01
3.983973860740661621e-01
-6.482116878032684326e-02
4.018863439559936523e-01
3.527072370052337646e-01
-7.514560222625732422e-02
3.071744441986083984e-01
5.187704563140869141e-01
-2.969739586114883423e-02
3.283940553665161133e-01
4.169096946716308594e-01
-4.462954774498939514e-02
3.375683426856994629e-01
3.532004356384277344e-01
-5.739603936672210693e-02
3.433433473110198975e-01
3.042215406894683838e-01
-6.629898399114608765e-02
2.622717022895812988e-01
5.230336189270019531e-01
-3.284697607159614563e-02
2.679835557937622070e-01
4.265719354152679443e-01
-4.955045133829116821e-02
2.724629938602447510e-01
3.700562715530395508e-01
-6.274950504302978516e-02
2.787447273731231689e-01
3.255373537540435791e-01
-7.181663811206817627e-02
2.181395292282104492e-01
5.505190491676330566e-01
-3.863883391022682190e-02
1.962011009454727173e-01
4.888718724250793457e-01
-5.652651563286781311e-02
1.819030344486236572e-01
4.480529427528381348e-01
-6.444720923900604248e-02
1.723958700895309448e-01
4.116930365562438965e-01
-6.838287413120269775e-02
