2.733966708183288574e-01
7.528147101402282715e-01
5.529046802621451207e-07
3.445426225662231445e-01
7.213735580444335938e-01
-3.186320886015892029e-02
4.072929024696350098e-01
6.642427444458007812e-01
-4.621908441185951233e-02
4.490527510643005371e-01
6.102128028869628906e-01
-5.786519125103950500e-02
4.804046154022216797e-01
5.653784871101379395e-01
-6.894046813249588013e-02
3.575119376182556152e-01
5.395922660827636719e-01
-3.014067187905311584e-02
3.885911703109741211e-01
4.530167281627655029e-01
-4.990120232105255127e-02
4.020244181156158447e-01
3.979573249816894531e-01
-6.501734256744384766e-02
4.112283289432525635e-01
3.520022034645080566e-01
-7.516573369503021240e-02
3.135963082313537598e-01
5.181638002395629883e-01
-2.909962274134159088e-02
3.336301743984222412e-01
4.171553552150726318e-01
-4.407677054405212402e-02
3.421857655048370361e-01
3.525632023811340332e-01
-5.688256770372390747e-02
3.478628695011138916e-01
3.021265864372253418e-01
-6.579309701919555664e-02
2.692345380783081055e-01
5.210568904876708984e-01
-3.172826394438743591e-02
2.744656801223754883e-01
4.271303415298461914e-01
-4.766137152910232544e-02
2.779203653335571289e-01
3.707483112812042236e-01
-6.073322147130966187e-02
2.832193076610565186e-01
3.256639838218688965e-01
-6.983247399330139160e-02
2.258344292640686035e-01
5.463283061981201172e-01
-3.723509982228279114e-02
2.031936198472976685e-01
4.882269799709320068e-01
-5.427050963044166565e-02
1.884655058383941650e-01
4.474336802959442139e-01
-6.251838803291320801e-02
1.785160005092620850e-01
4.104816913604736328e-01
-6.671828031539916992e-02
