2.763739824295043945e-01
7.514151930809020996e-01
5.575500949817069340e-07
3.458528220653533936e-01
7.193974256515502930e-01
-3.083799779415130615e-02
4.074257612228393555e-01
6.631628274917602539e-01
-4.560535401105880737e-02
4.487411975860595703e-01
6.093345880508422852e-01
-5.773175880312919617e-02
4.810793995857238770e-01
5.656375885009765625e-01
-6.934942305088043213e-02
3.584102690219879150e-01
5.389121174812316895e-01
-3.026413358747959137e-02
3.883096575736999512e-01
4.521164894104003906e-01
-4.978448897600173950e-02
4.017052650451660156e-01
3.977464139461517334e-01
-6.472159177064895630e-02
4.102659225463867188e-01
3.523142933845520020e-01
-7.475115358829498291e-02
3.146775364875793457e-01
5.184520483016967773e-01
-2.997067756950855255e-02
3.355749547481536865e-01
4.158846139907836914e-01
-4.496802017092704773e-02
3.448622524738311768e-01
3.524404168128967285e-01
-5.738764256238937378e-02
3.505529463291168213e-01
3.028641939163208008e-01
-6.596123427152633667e-02
2.700597643852233887e-01
5.222097039222717285e-01
-3.320278599858283997e-02
2.752389013767242432e-01
4.263638854026794434e-01
-4.956085607409477234e-02
2.802892327308654785e-01
3.705250918865203857e-01
-6.194889172911643982e-02
2.869433462619781494e-01
3.260570764541625977e-01
-7.037856429815292358e-02
2.257291972637176514e-01
5.481696128845214844e-01
-3.908094018697738647e-02
2.029321491718292236e-01
4.862937629222869873e-01
-5.601400509476661682e-02
1.887057721614837646e-01
4.457514882087707520e-01
-6.316366791725158691e-02
1.792377531528472900e-01
4.092344939708709717e-01
-6.658598035573959351e-02
