2.870078384876251221e-01
7.499824762344360352e-01
5.497042252500250470e-07
3.579158782958984375e-01
7.184687256813049316e-01
-3.080600872635841370e-02
4.204686284065246582e-01
6.619271039962768555e-01
-4.480335116386413574e-02
4.634857475757598877e-01
6.095929741859436035e-01
-5.644328892230987549e-02
4.961300492286682129e-01
5.685300230979919434e-01
-6.781899929046630859e-02
3.714217245578765869e-01
5.386611223220825195e-01
-2.921626716852188110e-02
4.036386609077453613e-01
4.527492821216583252e-01
-4.847121611237525940e-02
4.170790314674377441e-01
3.978745937347412109e-01
-6.344790011644363403e-02
4.260916411876678467e-01
3.521941304206848145e-01
-7.368251681327819824e-02
3.262221515178680420e-01
5.168194770812988281e-01
-2.838137187063694000e-02
3.449762165546417236e-01
4.164493083953857422e-01
-4.256254807114601135e-02
3.532373309135437012e-01
3.527719676494598389e-01
-5.521370470523834229e-02
3.588021397590637207e-01
3.039654195308685303e-01
-6.428334116935729980e-02
2.809470593929290771e-01
5.194796919822692871e-01
-3.109807334840297699e-02
2.855095267295837402e-01
4.250389635562896729e-01
-4.588573798537254333e-02
2.891505956649780273e-01
3.681730926036834717e-01
-5.912705138325691223e-02
2.947069108486175537e-01
3.236612975597381592e-01
-6.874188780784606934e-02
2.373931556940078735e-01
5.446648597717285156e-01
-3.665728121995925903e-02
2.145394384860992432e-01
4.876031279563903809e-01
-5.289618670940399170e-02
1.995049268007278442e-01
4.473610222339630127e-01
-6.115242466330528259e-02
1.892777532339096069e-01
4.115048050880432129e-01
-6.557738035917282104e-02
