2.882207036018371582e-01
7.502754926681518555e-01
5.498930590874806512e-07
3.577541708946228027e-01
7.190079689025878906e-01
-3.049514815211296082e-02
4.189291000366210938e-01
6.630135178565979004e-01
-4.562865570187568665e-02
4.620787799358367920e-01
6.104057431221008301e-01
-5.832789465785026550e-02
4.961223602294921875e-01
5.691276788711547852e-01
-7.074029743671417236e-02
3.714424967765808105e-01
5.410380959510803223e-01
-3.167631104588508606e-02
4.026211202144622803e-01
4.538370966911315918e-01
-5.191397666931152344e-02
4.163562059402465820e-01
3.984946310520172119e-01
-6.707376986742019653e-02
4.252193570137023926e-01
3.524074554443359375e-01
-7.722127437591552734e-02
3.271519839763641357e-01
5.192136168479919434e-01
-3.150482848286628723e-02
3.478420972824096680e-01
4.165775775909423828e-01
-4.666955769062042236e-02
3.566814064979553223e-01
3.534689545631408691e-01
-5.872875452041625977e-02
3.623987436294555664e-01
3.041280210018157959e-01
-6.713270395994186401e-02
2.822185754776000977e-01
5.214090347290039062e-01
-3.475747630000114441e-02
2.868352830410003662e-01
4.248886704444885254e-01
-5.091395974159240723e-02
2.915028333663940430e-01
3.691984415054321289e-01
-6.265161186456680298e-02
2.979527115821838379e-01
3.249490857124328613e-01
-7.081173360347747803e-02
2.380439639091491699e-01
5.458915233612060547e-01
-4.067541658878326416e-02
2.138207554817199707e-01
4.840582013130187988e-01
-5.733733996748924255e-02
1.989059448242187500e-01
4.445935785770416260e-01
-6.386561691761016846e-02
1.889651268720626831e-01
4.096172451972961426e-01
-6.690204888582229614e-02
