2.632179260253906250e-01
7.392809391021728516e-01
5.413002099885488860e-07
3.346726000308990479e-01
7.100801467895507812e-01
-2.821485139429569244e-02
3.948105275630950928e-01
6.537101864814758301e-01
-4.015634953975677490e-02
4.336095452308654785e-01
5.981178283691406250e-01
-4.940658807754516602e-02
4.623799324035644531e-01
5.547456741333007812e-01
-5.817905440926551819e-02
3.470449447631835938e-01
5.327638983726501465e-01
-2.573495730757713318e-02
3.760215938091278076e-01
4.477817714214324951e-01
-4.132837057113647461e-02
3.882622718811035156e-01
3.944033384323120117e-01
-5.394278466701507568e-02
3.953681886196136475e-01
3.504094183444976807e-01
-6.287648528814315796e-02
3.028985857963562012e-01
5.134435892105102539e-01
-2.463877201080322266e-02
3.248243927955627441e-01
4.148603975772857666e-01
-3.671320900321006775e-02
3.330195546150207520e-01
3.519605994224548340e-01
-4.851330816745758057e-02
3.372060656547546387e-01
3.046034276485443115e-01
-5.699120461940765381e-02
2.587658762931823730e-01
5.178138017654418945e-01
-2.662123739719390869e-02
2.653756141662597656e-01
4.239406585693359375e-01
-4.026493430137634277e-02
2.702190279960632324e-01
3.685644865036010742e-01
-5.278689414262771606e-02
2.761761546134948730e-01
3.265464305877685547e-01
-6.182131171226501465e-02
2.153758108615875244e-01
5.426056981086730957e-01
-3.090808540582656860e-02
1.953402757644653320e-01
4.822950363159179688e-01
-4.619405418634414673e-02
1.825037449598312378e-01
4.419413805007934570e-01
-5.379506573081016541e-02
1.745301783084869385e-01
4.070559144020080566e-01
-5.780754610896110535e-02
