3.033932447433471680e-01
7.456140518188476562e-01
5.283044401949155144e-07
3.733055293560028076e-01
7.165543437004089355e-01
-2.931489422917366028e-02
4.356234073638916016e-01
6.638139486312866211e-01
-4.357496649026870728e-02
4.788954257965087891e-01
6.130091547966003418e-01
-5.584844946861267090e-02
5.116419196128845215e-01
5.712187886238098145e-01
-6.806474179029464722e-02
3.866159915924072266e-01
5.389885306358337402e-01
-2.886677533388137817e-02
4.195885062217712402e-01
4.524639546871185303e-01
-4.767646640539169312e-02
4.335275292396545410e-01
3.981575965881347656e-01
-6.199475005269050598e-02
4.428330063819885254e-01
3.525269329547882080e-01
-7.192321121692657471e-02
3.435884416103363037e-01
5.162705779075622559e-01
-2.845246531069278717e-02
3.629000186920166016e-01
4.155896008014678955e-01
-4.254059866070747375e-02
3.723095357418060303e-01
3.518879711627960205e-01
-5.510531365871429443e-02
3.776367306709289551e-01
3.040682375431060791e-01
-6.441933661699295044e-02
3.002795577049255371e-01
5.180849432945251465e-01
-3.136499226093292236e-02
3.047196269035339355e-01
4.233465194702148438e-01
-4.642709344625473022e-02
3.083717226982116699e-01
3.682162165641784668e-01
-5.986946448683738708e-02
3.129720985889434814e-01
3.264396786689758301e-01
-6.973673403263092041e-02
2.588529288768768311e-01
5.413103103637695312e-01
-3.689128905534744263e-02
2.350364327430725098e-01
4.828569889068603516e-01
-5.380388349294662476e-02
2.192696183919906616e-01
4.423602819442749023e-01
-6.294459104537963867e-02
2.078237086534500122e-01
4.074118435382843018e-01
-6.809185445308685303e-02
