3.051216900348663330e-01
7.492669224739074707e-01
5.509992320185119752e-07
3.739447295665740967e-01
7.197651863098144531e-01
-3.101113624870777130e-02
4.343959391117095947e-01
6.654953956604003906e-01
-4.600105062127113342e-02
4.779835939407348633e-01
6.132278442382812500e-01
-5.847031995654106140e-02
5.122082233428955078e-01
5.698079466819763184e-01
-7.042630016803741455e-02
3.852792680263519287e-01
5.391559600830078125e-01
-2.977553196251392365e-02
4.184063076972961426e-01
4.539101719856262207e-01
-4.876936599612236023e-02
4.343785047531127930e-01
4.001567959785461426e-01
-6.336558610200881958e-02
4.448109269142150879e-01
3.557908535003662109e-01
-7.315099984407424927e-02
3.433160483837127686e-01
5.172470211982727051e-01
-2.875515632331371307e-02
3.656944930553436279e-01
4.164291918277740479e-01
-4.254500940442085266e-02
3.754304945468902588e-01
3.537022173404693604e-01
-5.432329699397087097e-02
3.808124065399169922e-01
3.060668110847473145e-01
-6.269009411334991455e-02
3.004509806632995605e-01
5.188862085342407227e-01
-3.134090453386306763e-02
3.065996766090393066e-01
4.236087203025817871e-01
-4.637384042143821716e-02
3.112276494503021240e-01
3.685234189033508301e-01
-5.878344178199768066e-02
3.165599405765533447e-01
3.253819942474365234e-01
-6.755486130714416504e-02
2.584597766399383545e-01
5.424004197120666504e-01
-3.666036948561668396e-02
2.346394062042236328e-01
4.812024831771850586e-01
-5.312464013695716858e-02
2.191113829612731934e-01
4.413860440254211426e-01
-6.076833978295326233e-02
2.077166289091110229e-01
4.066523313522338867e-01
-6.461108475923538208e-02
