3.197807669639587402e-01
7.391270399093627930e-01
5.463987235998502001e-07
3.906418681144714355e-01
7.147303819656372070e-01
-3.133527189493179321e-02
4.546348452568054199e-01
6.653648614883422852e-01
-4.615957662463188171e-02
4.990634322166442871e-01
6.152437925338745117e-01
-5.859474837779998779e-02
5.330460071563720703e-01
5.752112865447998047e-01
-7.090380787849426270e-02
4.054995477199554443e-01
5.376551747322082520e-01
-2.950743772089481354e-02
4.383442699909210205e-01
4.531483650207519531e-01
-4.808142408728599548e-02
4.523466825485229492e-01
4.003303050994873047e-01
-6.239414215087890625e-02
4.614163041114807129e-01
3.554836511611938477e-01
-7.246354967355728149e-02
3.621974587440490723e-01
5.138342976570129395e-01
-2.809372916817665100e-02
3.833907246589660645e-01
4.158134460449218750e-01
-4.239472001791000366e-02
3.935448229312896729e-01
3.536462187767028809e-01
-5.531996488571166992e-02
3.996517062187194824e-01
3.067432343959808350e-01
-6.483232229948043823e-02
3.184014558792114258e-01
5.146173834800720215e-01
-3.022041544318199158e-02
3.243781924247741699e-01
4.220218956470489502e-01
-4.614946991205215454e-02
3.290231525897979736e-01
3.669763207435607910e-01
-6.025035306811332703e-02
3.347742557525634766e-01
3.256934881210327148e-01
-7.035533338785171509e-02
2.761238813400268555e-01
5.364089608192443848e-01
-3.507541865110397339e-02
2.534660696983337402e-01
4.789194762706756592e-01
-5.315093323588371277e-02
2.381039112806320190e-01
4.383382499217987061e-01
-6.299670040607452393e-02
2.272063791751861572e-01
4.030108749866485596e-01
-6.847990304231643677e-02
