3.221150040626525879e-01
7.440910339355468750e-01
5.525880624190904200e-07
3.929364681243896484e-01
7.174421548843383789e-01
-3.249746188521385193e-02
4.546498060226440430e-01
6.656968593597412109e-01
-4.816799610853195190e-02
4.999740719795227051e-01
6.147252321243286133e-01
-6.101556867361068726e-02
5.351160168647766113e-01
5.737566351890563965e-01
-7.337947189807891846e-02
4.058923721313476562e-01
5.372402667999267578e-01
-3.097921796143054962e-02
4.381680190563201904e-01
4.546254277229309082e-01
-4.991670325398445129e-02
4.531120359897613525e-01
4.017286300659179688e-01
-6.480135768651962280e-02
4.629180431365966797e-01
3.576932251453399658e-01
-7.494572550058364868e-02
3.631895184516906738e-01
5.140574574470520020e-01
-2.914362587034702301e-02
3.859520852565765381e-01
4.160395264625549316e-01
-4.305690154433250427e-02
3.963886797428131104e-01
3.537467122077941895e-01
-5.498194321990013123e-02
4.028469920158386230e-01
3.057312369346618652e-01
-6.364402174949645996e-02
3.189518153667449951e-01
5.147052407264709473e-01
-3.102129884064197540e-02
3.252183198928833008e-01
4.212796092033386230e-01
-4.661541059613227844e-02
3.305655717849731445e-01
3.669135570526123047e-01
-5.926697328686714172e-02
3.368574678897857666e-01
3.246872425079345703e-01
-6.825624406337738037e-02
2.754754424095153809e-01
5.368345975875854492e-01
-3.574430570006370544e-02
2.519842684268951416e-01
4.768050014972686768e-01
-5.273109301924705505e-02
2.369870543479919434e-01
4.364568591117858887e-01
-6.071322411298751831e-02
2.264476716518402100e-01
4.011877179145812988e-01
-6.491269916296005249e-02
