3.366648554801940918e-01
7.443504929542541504e-01
5.225408585829427466e-07
4.093215763568878174e-01
7.173949480056762695e-01
-2.796780131757259369e-02
4.745957851409912109e-01
6.664775609970092773e-01
-4.034910723567008972e-02
5.168422460556030273e-01
6.166998147964477539e-01
-5.098265409469604492e-02
5.494041442871093750e-01
5.774706602096557617e-01
-6.152471527457237244e-02
4.229547381401062012e-01
5.373556613922119141e-01
-2.447598055005073547e-02
4.571838974952697754e-01
4.524167776107788086e-01
-4.128676280379295349e-02
4.726262986660003662e-01
3.993089497089385986e-01
-5.461065471172332764e-02
4.836031794548034668e-01
3.549658656120300293e-01
-6.386026740074157715e-02
3.802710771560668945e-01
5.144084095954895020e-01
-2.398526482284069061e-02
4.017233252525329590e-01
4.168485999107360840e-01
-3.607495501637458801e-02
4.122743010520935059e-01
3.543676137924194336e-01
-4.798802733421325684e-02
4.191934168338775635e-01
3.071414828300476074e-01
-5.700825527310371399e-02
3.371552824974060059e-01
5.147651433944702148e-01
-2.689761482179164886e-02
3.429384827613830566e-01
4.212757349014282227e-01
-4.035776481032371521e-02
3.472200334072113037e-01
3.656221032142639160e-01
-5.377949401736259460e-02
3.531046211719512939e-01
3.230933547019958496e-01
-6.385378539562225342e-02
2.952815890312194824e-01
5.358945727348327637e-01
-3.243192657828330994e-02
2.713795900344848633e-01
4.785146117210388184e-01
-4.825089499354362488e-02
2.559495270252227783e-01
4.374816417694091797e-01
-5.738542973995208740e-02
2.454486191272735596e-01
4.015567898750305176e-01
-6.269780546426773071e-02
