3.391590118408203125e-01
7.455407977104187012e-01
5.388329782363143750e-07
4.104038476943969727e-01
7.192806005477905273e-01
-3.046624176204204559e-02
4.726144075393676758e-01
6.668422222137451172e-01
-4.395070672035217285e-02
5.157943367958068848e-01
6.156492829322814941e-01
-5.491259321570396423e-02
5.497427582740783691e-01
5.761200785636901855e-01
-6.531096249818801880e-02
4.226660728454589844e-01
5.347742438316345215e-01
-2.720199711620807648e-02
4.565325379371643066e-01
4.522790014743804932e-01
-4.413312673568725586e-02
4.720804095268249512e-01
4.002704620361328125e-01
-5.777933821082115173e-02
4.824244976043701172e-01
3.567862510681152344e-01
-6.722177565097808838e-02
3.802483081817626953e-01
5.123285651206970215e-01
-2.572309598326683044e-02
4.042603373527526855e-01
4.146850705146789551e-01
-3.785272315144538879e-02
4.150536954402923584e-01
3.536511659622192383e-01
-4.891872033476829529e-02
4.219376146793365479e-01
3.063759207725524902e-01
-5.716155096888542175e-02
3.370472192764282227e-01
5.135569572448730469e-01
-2.788001857697963715e-02
3.441126644611358643e-01
4.210977554321289062e-01
-4.174200817942619324e-02
3.495154976844787598e-01
3.673947751522064209e-01
-5.407249554991722107e-02
3.558022975921630859e-01
3.246868252754211426e-01
-6.307860463857650757e-02
2.942397296428680420e-01
5.365173220634460449e-01
-3.281266987323760986e-02
2.709781825542449951e-01
4.766026735305786133e-01
-4.843071848154067993e-02
2.562456429004669189e-01
4.363587498664855957e-01
-5.629547312855720520e-02
2.459535300731658936e-01
4.002737700939178467e-01
-6.066880002617835999e-02
