3.473496437072753906e-01
7.426211833953857422e-01
5.424282107924227603e-07
4.210838079452514648e-01
7.209870219230651855e-01
-3.015467151999473572e-02
4.869768619537353516e-01
6.705876588821411133e-01
-4.289228096604347229e-02
5.310258865356445312e-01
6.184819936752319336e-01
-5.343362689018249512e-02
5.657664537429809570e-01
5.790971517562866211e-01
-6.348370015621185303e-02
4.391270279884338379e-01
5.371775031089782715e-01
-2.435559220612049103e-02
4.733243584632873535e-01
4.527358114719390869e-01
-4.112765938043594360e-02
4.888282418251037598e-01
4.007573723793029785e-01
-5.464849621057510376e-02
5.001567602157592773e-01
3.565645813941955566e-01
-6.414683908224105835e-02
3.954451680183410645e-01
5.121543407440185547e-01
-2.276858128607273102e-02
4.176828563213348389e-01
4.142779409885406494e-01
-3.473531082272529602e-02
4.285743832588195801e-01
3.523928523063659668e-01
-4.668508097529411316e-02
4.366413652896881104e-01
3.044655919075012207e-01
-5.566444247961044312e-02
3.510713279247283936e-01
5.114527940750122070e-01
-2.492949552834033966e-02
3.578032851219177246e-01
4.193815588951110840e-01
-3.839342668652534485e-02
3.627916276454925537e-01
3.633393645286560059e-01
-5.201565474271774292e-02
3.697438836097717285e-01
3.193687498569488525e-01
-6.209228560328483582e-02
3.074569106101989746e-01
5.322648882865905762e-01
-2.995335496962070465e-02
2.854858934879302979e-01
4.755824208259582520e-01
-4.564758762717247009e-02
2.707004249095916748e-01
4.346786141395568848e-01
-5.476793646812438965e-02
2.607290446758270264e-01
3.975488543510437012e-01
-6.002607196569442749e-02
