3.476278483867645264e-01
7.442402839660644531e-01
5.385323902373784222e-07
4.211011528968811035e-01
7.203833460807800293e-01
-3.001524694263935089e-02
4.851292669773101807e-01
6.684223413467407227e-01
-4.348858818411827087e-02
5.300796031951904297e-01
6.172202229499816895e-01
-5.464990064501762390e-02
5.653949379920959473e-01
5.788589715957641602e-01
-6.536097079515457153e-02
4.390390813350677490e-01
5.373911857604980469e-01
-2.686540596187114716e-02
4.730149805545806885e-01
4.547144770622253418e-01
-4.445197060704231262e-02
4.892886877059936523e-01
4.027259945869445801e-01
-5.866568163037300110e-02
5.007601976394653320e-01
3.592076301574707031e-01
-6.853958964347839355e-02
3.960407972335815430e-01
5.136592984199523926e-01
-2.609749324619770050e-02
4.208316802978515625e-01
4.154642224311828613e-01
-3.885500878095626831e-02
4.330382049083709717e-01
3.532598614692687988e-01
-5.060017853975296021e-02
4.416592121124267578e-01
3.045488893985748291e-01
-5.940111726522445679e-02
3.516132831573486328e-01
5.136626362800598145e-01
-2.900579385459423065e-02
3.597187101840972900e-01
4.202483594417572021e-01
-4.379902407526969910e-02
3.655638098716735840e-01
3.649190068244934082e-01
-5.685129389166831970e-02
3.727172017097473145e-01
3.208806216716766357e-01
-6.635329127311706543e-02
3.069221377372741699e-01
5.352878570556640625e-01
-3.461305424571037292e-02
2.850050926208496094e-01
4.740949869155883789e-01
-5.124432593584060669e-02
2.708493471145629883e-01
4.334119260311126709e-01
-5.947145819664001465e-02
2.613629102706909180e-01
3.970575928688049316e-01
-6.407760083675384521e-02
