3.564469218254089355e-01
7.447174191474914551e-01
5.425727067631669343e-07
4.295892715454101562e-01
7.198811173439025879e-01
-3.111087530851364136e-02
4.957793951034545898e-01
6.689368486404418945e-01
-4.515920951962471008e-02
5.418649315834045410e-01
6.199691295623779297e-01
-5.691515654325485229e-02
5.758217573165893555e-01
5.794423818588256836e-01
-6.820386648178100586e-02
4.482108056545257568e-01
5.360714197158813477e-01
-2.768453024327754974e-02
4.834440648555755615e-01
4.541186988353729248e-01
-4.677727818489074707e-02
5.006171464920043945e-01
4.022672176361083984e-01
-6.200787052512168884e-02
5.136220455169677734e-01
3.585542440414428711e-01
-7.240224629640579224e-02
4.060868620872497559e-01
5.107719302177429199e-01
-2.658301964402198792e-02
4.307775795459747314e-01
4.140992164611816406e-01
-4.054396972060203552e-02
4.431799352169036865e-01
3.520973920822143555e-01
-5.323125049471855164e-02
4.524513185024261475e-01
3.031336665153503418e-01
-6.253404915332794189e-02
3.625284135341644287e-01
5.094514489173889160e-01
-2.930339239537715912e-02
3.715270757675170898e-01
4.173715114593505859e-01
-4.419630765914916992e-02
3.772338330745697021e-01
3.608582019805908203e-01
-5.787699669599533081e-02
3.845543265342712402e-01
3.157958984375000000e-01
-6.784076243638992310e-02
3.192409276962280273e-01
5.304354429244995117e-01
-3.498017415404319763e-02
2.976589798927307129e-01
4.719318449497222900e-01
-5.128442868590354919e-02
2.833901643753051758e-01
4.298784136772155762e-01
-6.015251576900482178e-02
2.738467752933502197e-01
3.919516205787658691e-01
-6.518673151731491089e-02
