3.582446277141571045e-01
7.452635765075683594e-01
5.506669822352705523e-07
4.303643405437469482e-01
7.216222882270812988e-01
-3.196670114994049072e-02
4.948295354843139648e-01
6.710205078125000000e-01
-4.683700203895568848e-02
5.412276983261108398e-01
6.198296546936035156e-01
-5.895614251494407654e-02
5.776304006576538086e-01
5.803113579750061035e-01
-7.049681991338729858e-02
4.496868252754211426e-01
5.366626977920532227e-01
-2.957339957356452942e-02
4.849208295345306396e-01
4.553661644458770752e-01
-4.791881144046783447e-02
5.020953416824340820e-01
4.034169316291809082e-01
-6.259553134441375732e-02
5.138400793075561523e-01
3.599198460578918457e-01
-7.271213084459304810e-02
4.073363244533538818e-01
5.115936994552612305e-01
-2.816464379429817200e-02
4.335198700428009033e-01
4.139585494995117188e-01
-4.146080091595649719e-02
4.459758996963500977e-01
3.524721860885620117e-01
-5.323836579918861389e-02
4.543560445308685303e-01
3.038032352924346924e-01
-6.190817803144454956e-02
3.632931113243103027e-01
5.105347037315368652e-01
-3.051142022013664246e-02
3.725678324699401855e-01
4.182363748550415039e-01
-4.551187902688980103e-02
3.788873553276062012e-01
3.625692725181579590e-01
-5.853721871972084045e-02
3.863144516944885254e-01
3.176006078720092773e-01
-6.797110289335250854e-02
3.187711238861083984e-01
5.317791700363159180e-01
-3.571953624486923218e-02
2.962824702262878418e-01
4.712507128715515137e-01
-5.214748159050941467e-02
2.820643782615661621e-01
4.299446642398834229e-01
-6.030699238181114197e-02
2.725039124488830566e-01
3.926132917404174805e-01
-6.483598798513412476e-02
