2.619003057479858398e-01
7.414096593856811523e-01
5.570500434259884059e-07
3.326465785503387451e-01
7.116973400115966797e-01
-3.149238228797912598e-02
3.933745920658111572e-01
6.548795104026794434e-01
-4.533080384135246277e-02
4.326094388961791992e-01
5.982191562652587891e-01
-5.606998503208160400e-02
4.633605480194091797e-01
5.530878901481628418e-01
-6.624279171228408813e-02
3.474465608596801758e-01
5.346788167953491211e-01
-2.898091822862625122e-02
3.770012855529785156e-01
4.499207735061645508e-01
-4.671895131468772888e-02
3.897921442985534668e-01
3.952644467353820801e-01
-6.030395627021789551e-02
3.974044322967529297e-01
3.504700660705566406e-01
-6.970372051000595093e-02
3.033083081245422363e-01
5.141600370407104492e-01
-2.732835337519645691e-02
3.244064748287200928e-01
4.148009419441223145e-01
-4.141918942332267761e-02
3.331497311592102051e-01
3.524959385395050049e-01
-5.338311195373535156e-02
3.383972644805908203e-01
3.047194182872772217e-01
-6.158518418669700623e-02
2.585577666759490967e-01
5.178292989730834961e-01
-2.926087565720081329e-02
2.647825777530670166e-01
4.238534271717071533e-01
-4.539817571640014648e-02
2.703745663166046143e-01
3.686009943485260010e-01
-5.830371752381324768e-02
2.770507037639617920e-01
3.255987465381622314e-01
-6.703329086303710938e-02
2.144174575805664062e-01
5.430884957313537598e-01
-3.375700488686561584e-02
1.939808428287506104e-01
4.829661548137664795e-01
-5.106128007173538208e-02
1.804585605859756470e-01
4.432396292686462402e-01
-5.913202464580535889e-02
1.714818030595779419e-01
4.079459905624389648e-01
-6.316932290792465210e-02
