3.644762635231018066e-01
7.394053936004638672e-01
5.442571477942692582e-07
4.387955069541931152e-01
7.168582677841186523e-01
-3.087870031595230103e-02
5.058426260948181152e-01
6.665798425674438477e-01
-4.364345595240592957e-02
5.513702034950256348e-01
6.169005632400512695e-01
-5.408734083175659180e-02
5.848995447158813477e-01
5.771288871765136719e-01
-6.395953893661499023e-02
4.571718573570251465e-01
5.325511097908020020e-01
-2.464839071035385132e-02
4.921867549419403076e-01
4.510079622268676758e-01
-4.193781688809394836e-02
5.087347030639648438e-01
3.993120789527893066e-01
-5.595973134040832520e-02
5.208660364151000977e-01
3.560852408409118652e-01
-6.571448594331741333e-02
4.152791500091552734e-01
5.084877014160156250e-01
-2.329322509467601776e-02
4.399088323116302490e-01
4.109433293342590332e-01
-3.620319068431854248e-02
4.527664482593536377e-01
3.483820557594299316e-01
-4.859104380011558533e-02
4.625066518783569336e-01
2.989370822906494141e-01
-5.768534168601036072e-02
3.721015453338623047e-01
5.079035758972167969e-01
-2.592133544385433197e-02
3.804059028625488281e-01
4.142924547195434570e-01
-4.083285108208656311e-02
3.857018053531646729e-01
3.566091060638427734e-01
-5.541170388460159302e-02
3.927270770072937012e-01
3.099423050880432129e-01
-6.590647995471954346e-02
3.288838863372802734e-01
5.286135673522949219e-01
-3.143289312720298767e-02
3.067999482154846191e-01
4.703414440155029297e-01
-4.826398566365242004e-02
2.919683754444122314e-01
4.280470609664916992e-01
-5.810866132378578186e-02
2.823142409324645996e-01
3.892323970794677734e-01
-6.388311088085174561e-02
