3.669843375682830811e-01
7.400425076484680176e-01
5.511877816388732754e-07
4.397543966770172119e-01
7.189411520957946777e-01
-3.238600492477416992e-02
5.048073530197143555e-01
6.686699390411376953e-01
-4.653796926140785217e-02
5.510916709899902344e-01
6.163907051086425781e-01
-5.785582214593887329e-02
5.866521596908569336e-01
5.765831470489501953e-01
-6.858598440885543823e-02
4.583232998847961426e-01
5.363898873329162598e-01
-2.898585982620716095e-02
4.928058683872222900e-01
4.534115791320800781e-01
-4.712669923901557922e-02
5.098311901092529297e-01
4.005239605903625488e-01
-6.132784858345985413e-02
5.214823484420776367e-01
3.565696477890014648e-01
-7.111585885286331177e-02
4.161517024040222168e-01
5.114133358001708984e-01
-2.738245576620101929e-02
4.427144229412078857e-01
4.123258590698242188e-01
-4.113378003239631653e-02
4.556196331977844238e-01
3.493857085704803467e-01
-5.311310291290283203e-02
4.643874168395996094e-01
2.993075549602508545e-01
-6.172435730695724487e-02
3.723806440830230713e-01
5.103734135627746582e-01
-2.965236082673072815e-02
3.813481628894805908e-01
4.157405495643615723e-01
-4.561842605471611023e-02
3.878493905067443848e-01
3.585626482963562012e-01
-5.909790471196174622e-02
3.954941034317016602e-01
3.121361136436462402e-01
-6.856987625360488892e-02
3.279688358306884766e-01
5.311645269393920898e-01
-3.478811308741569519e-02
3.057350814342498779e-01
4.694463312625885010e-01
-5.224077403545379639e-02
2.917629480361938477e-01
4.270414113998413086e-01
-6.096820905804634094e-02
2.828774154186248779e-01
3.882697820663452148e-01
-6.581568717956542969e-02
