3.718639016151428223e-01
7.406070232391357422e-01
5.476561000250512734e-07
4.443467557430267334e-01
7.164666652679443359e-01
-3.082139417529106140e-02
5.117746591567993164e-01
6.630437374114990234e-01
-4.379691928625106812e-02
5.577971339225769043e-01
6.142579913139343262e-01
-5.441942438483238220e-02
5.926116108894348145e-01
5.767477750778198242e-01
-6.456200778484344482e-02
4.654493629932403564e-01
5.302537679672241211e-01
-2.626993693411350250e-02
4.998416006565093994e-01
4.477202296257019043e-01
-4.410962760448455811e-02
5.164643526077270508e-01
3.965932726860046387e-01
-5.847016349434852600e-02
5.288451910018920898e-01
3.538109660148620605e-01
-6.838736683130264282e-02
4.224689602851867676e-01
5.067586898803710938e-01
-2.557254210114479065e-02
4.471735954284667969e-01
4.081011116504669189e-01
-3.903371468186378479e-02
4.606470763683319092e-01
3.461401164531707764e-01
-5.151456221938133240e-02
4.705094993114471436e-01
2.973402142524719238e-01
-6.059901416301727295e-02
3.783529400825500488e-01
5.072625875473022461e-01
-2.879670821130275726e-02
3.866989016532897949e-01
4.129995405673980713e-01
-4.415214061737060547e-02
3.917177319526672363e-01
3.560478091239929199e-01
-5.833696946501731873e-02
3.983757793903350830e-01
3.093963563442230225e-01
-6.840356439352035522e-02
3.341637849807739258e-01
5.298392176628112793e-01
-3.486580774188041687e-02
3.135956227779388428e-01
4.684532880783081055e-01
-5.165214091539382935e-02
2.994413077831268311e-01
4.263584315776824951e-01
-6.069277599453926086e-02
2.900850176811218262e-01
3.870896697044372559e-01
-6.589994579553604126e-02
