3.731618523597717285e-01
7.422367334365844727e-01
5.520327590602391865e-07
4.450659751892089844e-01
7.184940576553344727e-01
-3.162094578146934509e-02
5.115969181060791016e-01
6.649056673049926758e-01
-4.529121890664100647e-02
5.581901073455810547e-01
6.143562197685241699e-01
-5.625044554471969604e-02
5.942903757095336914e-01
5.760822296142578125e-01
-6.666444987058639526e-02
4.656658172607421875e-01
5.334368348121643066e-01
-2.827219478785991669e-02
5.007386803627014160e-01
4.501885175704956055e-01
-4.631097614765167236e-02
5.180112719535827637e-01
3.981101214885711670e-01
-6.059374287724494934e-02
5.300889015197753906e-01
3.548557758331298828e-01
-7.042350620031356812e-02
4.226565957069396973e-01
5.096628665924072266e-01
-2.729902975261211395e-02
4.481023550033569336e-01
4.092357456684112549e-01
-4.107147082686424255e-02
4.619984030723571777e-01
3.466383218765258789e-01
-5.334692820906639099e-02
4.716410040855407715e-01
2.969401180744171143e-01
-6.214851513504981995e-02
3.786095976829528809e-01
5.100399851799011230e-01
-3.016124479472637177e-02
3.873271346092224121e-01
4.150091409683227539e-01
-4.597352445125579834e-02
3.942731320858001709e-01
3.579988479614257812e-01
-5.958084389567375183e-02
4.021281898021697998e-01
3.114032745361328125e-01
-6.905613094568252563e-02
3.345234096050262451e-01
5.325514078140258789e-01
-3.582886978983879089e-02
3.132896721363067627e-01
4.691438674926757812e-01
-5.295592173933982849e-02
2.994913458824157715e-01
4.268742799758911133e-01
-6.140462681651115417e-02
2.901517152786254883e-01
3.878511786460876465e-01
-6.602787226438522339e-02
