3.797788619995117188e-01
7.396534681320190430e-01
5.647923444485059008e-07
4.535850882530212402e-01
7.165073156356811523e-01
-3.118819184601306915e-02
5.197473764419555664e-01
6.627255082130432129e-01
-4.430428147315979004e-02
5.646651983261108398e-01
6.129334568977355957e-01
-5.478632822632789612e-02
5.987895727157592773e-01
5.734807252883911133e-01
-6.479221582412719727e-02
4.720413982868194580e-01
5.283294916152954102e-01
-2.761961892247200012e-02
5.050151348114013672e-01
4.452826976776123047e-01
-4.529925435781478882e-02
5.221086740493774414e-01
3.935902118682861328e-01
-5.946385860443115234e-02
5.351351499557495117e-01
3.497157692909240723e-01
-6.940255314111709595e-02
4.289392530918121338e-01
5.049933195114135742e-01
-2.660384960472583771e-02
4.528732299804687500e-01
4.063067436218261719e-01
-4.016482457518577576e-02
4.657585024833679199e-01
3.431216478347778320e-01
-5.252878367900848389e-02
4.752408564090728760e-01
2.920559048652648926e-01
-6.160278990864753723e-02
3.844783902168273926e-01
5.059584975242614746e-01
-2.947559952735900879e-02
3.917849659919738770e-01
4.126214981079101562e-01
-4.547657445073127747e-02
3.976968526840209961e-01
3.546939492225646973e-01
-6.015465036034584045e-02
4.049999713897705078e-01
3.066951632499694824e-01
-7.045952230691909790e-02
3.403700292110443115e-01
5.284192562103271484e-01
-3.511474654078483582e-02
3.177811503410339355e-01
4.660799503326416016e-01
-5.274329707026481628e-02
3.027490675449371338e-01
4.233550727367401123e-01
-6.240074709057807922e-02
2.926286160945892334e-01
3.834146261215209961e-01
-6.803987920284271240e-02
