3.793045580387115479e-01
7.417560815811157227e-01
5.580622541856428143e-07
4.534292221069335938e-01
7.182552218437194824e-01
-3.115490637719631195e-02
5.191234350204467773e-01
6.648653745651245117e-01
-4.482325911521911621e-02
5.652097463607788086e-01
6.130534410476684570e-01
-5.570006370544433594e-02
6.006971597671508789e-01
5.731055140495300293e-01
-6.603655964136123657e-02
4.720383882522583008e-01
5.302830338478088379e-01
-2.872006967663764954e-02
5.061615109443664551e-01
4.466658830642700195e-01
-4.666629806160926819e-02
5.236262679100036621e-01
3.942621350288391113e-01
-6.084249168634414673e-02
5.363994240760803223e-01
3.504551053047180176e-01
-7.070288807153701782e-02
4.284463524818420410e-01
5.058415532112121582e-01
-2.771714515984058380e-02
4.527598619461059570e-01
4.050574600696563721e-01
-4.155289381742477417e-02
4.659660160541534424e-01
3.419536352157592773e-01
-5.364327505230903625e-02
4.756551086902618408e-01
2.915200591087341309e-01
-6.239349022507667542e-02
3.837247788906097412e-01
5.062877535820007324e-01
-3.045534528791904449e-02
3.910555541515350342e-01
4.126754999160766602e-01
-4.644581675529479980e-02
3.976624310016632080e-01
3.551881015300750732e-01
-6.048461794853210449e-02
4.057772755622863770e-01
3.077076673507690430e-01
-7.033696770668029785e-02
3.395671248435974121e-01
5.289437174797058105e-01
-3.589095175266265869e-02
3.167129158973693848e-01
4.664522111415863037e-01
-5.313594266772270203e-02
3.022144138813018799e-01
4.235888123512268066e-01
-6.208171322941780090e-02
2.926582694053649902e-01
3.836992979049682617e-01
-6.717605888843536377e-02
