3.877518177032470703e-01
7.390842437744140625e-01
5.367382414078747388e-07
4.625267386436462402e-01
7.134397625923156738e-01
-2.826911024749279022e-02
5.280275344848632812e-01
6.538581252098083496e-01
-3.909473493695259094e-02
5.716589689254760742e-01
6.002436876296997070e-01
-4.760431125760078430e-02
6.042298674583435059e-01
5.619704723358154297e-01
-5.573072656989097595e-02
4.770289659500122070e-01
5.238561034202575684e-01
-2.558379434049129486e-02
5.086765885353088379e-01
4.380383491516113281e-01
-4.191499203443527222e-02
5.251368284225463867e-01
3.854382038116455078e-01
-5.459373071789741516e-02
5.370627045631408691e-01
3.419500887393951416e-01
-6.363672763109207153e-02
4.323781132698059082e-01
5.022964477539062500e-01
-2.572271786630153656e-02
4.539453089237213135e-01
3.990233838558197021e-01
-3.879619017243385315e-02
4.662715792655944824e-01
3.357374668121337891e-01
-5.048073828220367432e-02
4.750132858753204346e-01
2.854942679405212402e-01
-5.902681127190589905e-02
3.877117037773132324e-01
5.051476955413818359e-01
-2.941762469708919525e-02
3.917218744754791260e-01
4.090816676616668701e-01
-4.528138414025306702e-02
3.968536555767059326e-01
3.500940203666687012e-01
-5.998039990663528442e-02
4.033508300781250000e-01
3.020726740360260010e-01
-7.033423334360122681e-02
3.439409732818603516e-01
5.298222303390502930e-01
-3.553965315222740173e-02
3.178513348102569580e-01
4.658099114894866943e-01
-5.320478603243827820e-02
3.009877204895019531e-01
4.230567812919616699e-01
-6.302391737699508667e-02
2.892840504646301270e-01
3.834589719772338867e-01
-6.888015568256378174e-02
