3.874379694461822510e-01
7.404390573501586914e-01
5.384913492889609188e-07
4.626388549804687500e-01
7.141103744506835938e-01
-2.832575328648090363e-02
5.272067189216613770e-01
6.560689806938171387e-01
-3.974028304219245911e-02
5.716199874877929688e-01
6.021673679351806641e-01
-4.893042519688606262e-02
6.059002280235290527e-01
5.637471675872802734e-01
-5.782401934266090393e-02
4.769904613494873047e-01
5.245460867881774902e-01
-2.504066005349159241e-02
5.096059441566467285e-01
4.388474822044372559e-01
-4.130960255861282349e-02
5.259792208671569824e-01
3.855525255203247070e-01
-5.426498875021934509e-02
5.380092263221740723e-01
3.415897786617279053e-01
-6.349085271358489990e-02
4.327186644077301025e-01
5.026925206184387207e-01
-2.482600323855876923e-02
4.544273912906646729e-01
4.001454114913940430e-01
-3.730260208249092102e-02
4.669576287269592285e-01
3.367523550987243652e-01
-4.869887232780456543e-02
4.762261509895324707e-01
2.864558398723602295e-01
-5.721390619874000549e-02
3.879191875457763672e-01
5.051259994506835938e-01
-2.821382507681846619e-02
3.917730748653411865e-01
4.088072180747985840e-01
-4.347292333841323853e-02
3.966127932071685791e-01
3.498871326446533203e-01
-5.782138183712959290e-02
4.029445946216583252e-01
3.018881082534790039e-01
-6.806598603725433350e-02
3.439875245094299316e-01
5.295012593269348145e-01
-3.404178470373153687e-02
3.175300359725952148e-01
4.660947918891906738e-01
-5.123434588313102722e-02
3.010734617710113525e-01
4.230104386806488037e-01
-6.078550219535827637e-02
2.897899150848388672e-01
3.831534087657928467e-01
-6.645741313695907593e-02
