3.921580314636230469e-01
7.379395961761474609e-01
5.423314064501028042e-07
4.668324589729309082e-01
7.090173959732055664e-01
-2.775530330836772919e-02
5.309246182441711426e-01
6.488251686096191406e-01
-3.953889757394790649e-02
5.740956068038940430e-01
5.959819555282592773e-01
-4.923195391893386841e-02
6.066089272499084473e-01
5.572637915611267090e-01
-5.860381573438644409e-02
4.803079962730407715e-01
5.182101130485534668e-01
-2.660119719803333282e-02
5.114379525184631348e-01
4.318339228630065918e-01
-4.362811893224716187e-02
5.279582142829895020e-01
3.790793418884277344e-01
-5.649962648749351501e-02
5.403617024421691895e-01
3.359198570251464844e-01
-6.561249494552612305e-02
4.354626536369323730e-01
4.969512522220611572e-01
-2.734444662928581238e-02
4.558093845844268799e-01
3.938867151737213135e-01
-4.132101312279701233e-02
4.672457873821258545e-01
3.300471901893615723e-01
-5.298902839422225952e-02
4.755314588546752930e-01
2.801786959171295166e-01
-6.127641350030899048e-02
3.907825946807861328e-01
5.006034374237060547e-01
-3.161859139800071716e-02
3.933323621749877930e-01
4.046767055988311768e-01
-4.853798076510429382e-02
3.975789248943328857e-01
3.456532359123229980e-01
-6.352192163467407227e-02
4.038576185703277588e-01
2.973013222217559814e-01
-7.392981648445129395e-02
3.477799892425537109e-01
5.267438292503356934e-01
-3.820506483316421509e-02
3.203123211860656738e-01
4.650116264820098877e-01
-5.704465880990028381e-02
3.020376265048980713e-01
4.232293069362640381e-01
-6.730373203754425049e-02
2.893376946449279785e-01
3.838682472705841064e-01
-7.329015433788299561e-02
