3.923209607601165771e-01
7.373539209365844727e-01
5.486361942530493252e-07
4.667004346847534180e-01
7.095414400100708008e-01
-2.898730523884296417e-02
5.304630398750305176e-01
6.517180204391479492e-01
-4.148302227258682251e-02
5.742025971412658691e-01
5.978925824165344238e-01
-5.164518579840660095e-02
6.081125140190124512e-01
5.578516721725463867e-01
-6.150770187377929688e-02
4.801157414913177490e-01
5.190269947052001953e-01
-2.689710631966590881e-02
5.114694237709045410e-01
4.328748583793640137e-01
-4.414303973317146301e-02
5.281502604484558105e-01
3.797017633914947510e-01
-5.742252245545387268e-02
5.406807065010070801e-01
3.364038467407226562e-01
-6.676534563302993774e-02
4.355981647968292236e-01
4.982297420501708984e-01
-2.708796970546245575e-02
4.563212692737579346e-01
3.949828445911407471e-01
-4.108298942446708679e-02
4.680886268615722656e-01
3.309063315391540527e-01
-5.298418179154396057e-02
4.767611324787139893e-01
2.808559238910675049e-01
-6.148262694478034973e-02
3.910599648952484131e-01
5.026023983955383301e-01
-3.095490112900733948e-02
3.940447866916656494e-01
4.054625332355499268e-01
-4.823459684848785400e-02
3.979876041412353516e-01
3.453104496002197266e-01
-6.345171481370925903e-02
4.040285944938659668e-01
2.964380681514739990e-01
-7.390560954809188843e-02
3.478558659553527832e-01
5.293814539909362793e-01
-3.716242313385009766e-02
3.201838731765747070e-01
4.660803079605102539e-01
-5.635311454534530640e-02
3.023668229579925537e-01
4.231037795543670654e-01
-6.668099761009216309e-02
2.902495563030242920e-01
3.829663991928100586e-01
-7.261171191930770874e-02
