2.641267478466033936e-01
7.431629300117492676e-01
5.577190336225612555e-07
3.355534076690673828e-01
7.128327488899230957e-01
-3.282428532838821411e-02
3.963440656661987305e-01
6.563027501106262207e-01
-4.670451954007148743e-02
4.358586668968200684e-01
5.995876789093017578e-01
-5.748290196061134338e-02
4.663803577423095703e-01
5.534129738807678223e-01
-6.758005917072296143e-02
3.468428552150726318e-01
5.341474413871765137e-01
-2.783442474901676178e-02
3.752044141292572021e-01
4.495659470558166504e-01
-4.584932699799537659e-02
3.876747488975524902e-01
3.960153460502624512e-01
-6.035533174872398376e-02
3.953704237937927246e-01
3.506374359130859375e-01
-7.048957049846649170e-02
3.030360043048858643e-01
5.141878724098205566e-01
-2.597093209624290466e-02
3.234649896621704102e-01
4.150823354721069336e-01
-3.998130559921264648e-02
3.323402702808380127e-01
3.527574539184570312e-01
-5.267323553562164307e-02
3.379400074481964111e-01
3.031530976295471191e-01
-6.162859126925468445e-02
2.586591839790344238e-01
5.184487700462341309e-01
-2.805494703352451324e-02
2.637817859649658203e-01
4.260638952255249023e-01
-4.410110786557197571e-02
2.693170905113220215e-01
3.708938658237457275e-01
-5.728323012590408325e-02
2.765489816665649414e-01
3.262775540351867676e-01
-6.632802635431289673e-02
2.147752493619918823e-01
5.440829992294311523e-01
-3.302494809031486511e-02
1.936542987823486328e-01
4.842249453067779541e-01
-5.013713985681533813e-02
1.799022257328033447e-01
4.443174600601196289e-01
-5.813388898968696594e-02
1.708652675151824951e-01
4.076305627822875977e-01
-6.231413036584854126e-02
