3.940174877643585205e-01
7.361307144165039062e-01
5.504971340997144580e-07
4.673969149589538574e-01
7.077159881591796875e-01
-2.868788503110408783e-02
5.312572121620178223e-01
6.484279632568359375e-01
-4.068497568368911743e-02
5.753251314163208008e-01
5.938295722007751465e-01
-5.053555592894554138e-02
6.086883544921875000e-01
5.537265539169311523e-01
-5.983265489339828491e-02
4.804447293281555176e-01
5.157914757728576660e-01
-2.475901506841182709e-02
5.111833810806274414e-01
4.297657012939453125e-01
-4.187997430562973022e-02
5.286929607391357422e-01
3.768069148063659668e-01
-5.559254065155982971e-02
5.420886278152465820e-01
3.334398269653320312e-01
-6.526187807321548462e-02
4.362314939498901367e-01
4.947781860828399658e-01
-2.510379999876022339e-02
4.556885063648223877e-01
3.910757899284362793e-01
-3.856465592980384827e-02
4.674617350101470947e-01
3.270998895168304443e-01
-5.063986405730247498e-02
4.762612879276275635e-01
2.763151526451110840e-01
-5.932880192995071411e-02
3.923982977867126465e-01
4.987797141075134277e-01
-2.922888658940792084e-02
3.939577937126159668e-01
4.031977951526641846e-01
-4.514140263199806213e-02
3.977862894535064697e-01
3.431575298309326172e-01
-5.952076986432075500e-02
4.042969942092895508e-01
2.934760451316833496e-01
-6.958483159542083740e-02
3.494150042533874512e-01
5.252462625503540039e-01
-3.594897314906120300e-02
3.209798634052276611e-01
4.627009034156799316e-01
-5.335172638297080994e-02
3.030930459499359131e-01
4.197514355182647705e-01
-6.277550011873245239e-02
2.914617061614990234e-01
3.786596655845642090e-01
-6.828328967094421387e-02
