3.941869735717773438e-01
7.350721359252929688e-01
5.482525580191577319e-07
4.684768021106719971e-01
7.075658440589904785e-01
-2.843608334660530090e-02
5.323486924171447754e-01
6.488488316535949707e-01
-4.020490869879722595e-02
5.760859251022338867e-01
5.935905575752258301e-01
-4.977405071258544922e-02
6.096946001052856445e-01
5.533763170242309570e-01
-5.881129205226898193e-02
4.806846380233764648e-01
5.157133936882019043e-01
-2.446717582643032074e-02
5.113826394081115723e-01
4.301529824733734131e-01
-4.103231802582740784e-02
5.285423398017883301e-01
3.771118521690368652e-01
-5.438431352376937866e-02
5.416691303253173828e-01
3.336490690708160400e-01
-6.380098313093185425e-02
4.362928271293640137e-01
4.943306148052215576e-01
-2.454408816993236542e-02
4.559535086154937744e-01
3.911191821098327637e-01
-3.730319440364837646e-02
4.680526554584503174e-01
3.273028135299682617e-01
-4.886813461780548096e-02
4.772380888462066650e-01
2.768896222114562988e-01
-5.726373195648193359e-02
3.921375274658203125e-01
4.981444478034973145e-01
-2.832536026835441589e-02
3.938379585742950439e-01
4.027006328105926514e-01
-4.378125816583633423e-02
3.977421522140502930e-01
3.429778218269348145e-01
-5.804102867841720581e-02
4.042178988456726074e-01
2.937805056571960449e-01
-6.804861873388290405e-02
3.490546941757202148e-01
5.245850086212158203e-01
-3.462502732872962952e-02
3.206248283386230469e-01
4.621203243732452393e-01
-5.176194757223129272e-02
3.029755651950836182e-01
4.192825853824615479e-01
-6.110852211713790894e-02
2.915815412998199463e-01
3.786315321922302246e-01
-6.654542684555053711e-02
