3.922732770442962646e-01
7.368628978729248047e-01
5.368418101170391310e-07
4.646487534046173096e-01
7.081425786018371582e-01
-3.055476583540439606e-02
5.284989476203918457e-01
6.477497816085815430e-01
-4.361398518085479736e-02
5.731453299522399902e-01
5.930546522140502930e-01
-5.412175878882408142e-02
6.071200966835021973e-01
5.542954206466674805e-01
-6.431614607572555542e-02
4.785480797290802002e-01
5.183593034744262695e-01
-2.934685908257961273e-02
5.098404884338378906e-01
4.304853975772857666e-01
-4.759081453084945679e-02
5.266166329383850098e-01
3.766152262687683105e-01
-6.192613393068313599e-02
5.396496653556823730e-01
3.322501778602600098e-01
-7.194916158914566040e-02
4.345263838768005371e-01
4.970641434192657471e-01
-2.915492653846740723e-02
4.546757340431213379e-01
3.934158980846405029e-01
-4.312602803111076355e-02
4.657933115959167480e-01
3.280855119228363037e-01
-5.558429658412933350e-02
4.740886688232421875e-01
2.765627801418304443e-01
-6.478369235992431641e-02
3.904172182083129883e-01
5.003999471664428711e-01
-3.268180787563323975e-02
3.938719332218170166e-01
4.031428992748260498e-01
-4.913360998034477234e-02
3.974821269512176514e-01
3.428510427474975586e-01
-6.384138017892837524e-02
4.033564627170562744e-01
2.931717932224273682e-01
-7.431443780660629272e-02
3.468835055828094482e-01
5.267539620399475098e-01
-3.887455165386199951e-02
3.192818164825439453e-01
4.631559848785400391e-01
-5.705173313617706299e-02
3.018935918807983398e-01
4.205098748207092285e-01
-6.668342649936676025e-02
2.903552055358886719e-01
3.801424503326416016e-01
-7.240396738052368164e-02
