3.924561738967895508e-01
7.364033460617065430e-01
5.403145451055024751e-07
4.650042951107025146e-01
7.081540822982788086e-01
-2.975194714963436127e-02
5.286900401115417480e-01
6.472668647766113281e-01
-4.219239577651023865e-02
5.722265243530273438e-01
5.927485823631286621e-01
-5.222754180431365967e-02
6.058464646339416504e-01
5.541774630546569824e-01
-6.189164519309997559e-02
4.783356487751007080e-01
5.171627998352050781e-01
-2.797134220600128174e-02
5.090003609657287598e-01
4.297588169574737549e-01
-4.607271030545234680e-02
5.262132883071899414e-01
3.764256238937377930e-01
-6.020314246416091919e-02
5.395530462265014648e-01
3.326570093631744385e-01
-7.009714096784591675e-02
4.342634081840515137e-01
4.962325096130371094e-01
-2.835894376039505005e-02
4.542537927627563477e-01
3.922058939933776855e-01
-4.253270104527473450e-02
4.652527570724487305e-01
3.275683522224426270e-01
-5.496427789330482483e-02
4.733127057552337646e-01
2.765232324600219727e-01
-6.397787481546401978e-02
3.900428414344787598e-01
5.003151297569274902e-01
-3.251209482550621033e-02
3.936184644699096680e-01
4.032675623893737793e-01
-4.950241371989250183e-02
3.972381651401519775e-01
3.427411317825317383e-01
-6.461664289236068726e-02
4.030190408229827881e-01
2.926102578639984131e-01
-7.519529014825820923e-02
3.465265035629272461e-01
5.271761417388916016e-01
-3.922021016478538513e-02
3.187564313411712646e-01
4.638043045997619629e-01
-5.797706544399261475e-02
3.009530305862426758e-01
4.212644398212432861e-01
-6.800577044486999512e-02
2.889570295810699463e-01
3.805986046791076660e-01
-7.393819093704223633e-02
