3.881374299526214600e-01
7.350738048553466797e-01
5.503410420715226792e-07
4.594161212444305420e-01
7.064387798309326172e-01
-3.084984980523586273e-02
5.222169756889343262e-01
6.486529111862182617e-01
-4.505958408117294312e-02
5.667043924331665039e-01
5.944526791572570801e-01
-5.668092891573905945e-02
6.015487313270568848e-01
5.531670451164245605e-01
-6.790187954902648926e-02
4.724573791027069092e-01
5.151729583740234375e-01
-2.975154668092727661e-02
5.039057135581970215e-01
4.300915002822875977e-01
-4.830118641257286072e-02
5.207220315933227539e-01
3.769697546958923340e-01
-6.306088715791702271e-02
5.331056714057922363e-01
3.326163887977600098e-01
-7.338706403970718384e-02
4.286380112171173096e-01
4.940529763698577881e-01
-2.969758585095405579e-02
4.494352042675018311e-01
3.911633193492889404e-01
-4.365860670804977417e-02
4.600580632686614990e-01
3.263484537601470947e-01
-5.585031211376190186e-02
4.671760797500610352e-01
2.751642465591430664e-01
-6.480158120393753052e-02
3.845216333866119385e-01
4.987905025482177734e-01
-3.335738927125930786e-02
3.881850838661193848e-01
4.018257856369018555e-01
-4.974955320358276367e-02
3.914258480072021484e-01
3.415075838565826416e-01
-6.391683220863342285e-02
3.964969217777252197e-01
2.915226817131042480e-01
-7.398492842912673950e-02
3.407360911369323730e-01
5.271186232566833496e-01
-3.966940939426422119e-02
3.127021789550781250e-01
4.631355404853820801e-01
-5.770831555128097534e-02
2.957814633846282959e-01
4.204739034175872803e-01
-6.680031120777130127e-02
2.844499349594116211e-01
3.804138898849487305e-01
-7.202187180519104004e-02
