3.875621855258941650e-01
7.356688976287841797e-01
5.377907541515014600e-07
4.592858254909515381e-01
7.067537307739257812e-01
-2.974752523005008698e-02
5.220506787300109863e-01
6.477743387222290039e-01
-4.355495050549507141e-02
5.653952360153198242e-01
5.932241678237915039e-01
-5.488185957074165344e-02
6.004545688629150391e-01
5.527864098548889160e-01
-6.581350415945053101e-02
4.715100526809692383e-01
5.151640176773071289e-01
-2.967236749827861786e-02
5.025300979614257812e-01
4.297317862510681152e-01
-4.862602427601814270e-02
5.194752812385559082e-01
3.772209286689758301e-01
-6.332650780677795410e-02
5.321238040924072266e-01
3.332136869430541992e-01
-7.356034219264984131e-02
4.277595281600952148e-01
4.939147531986236572e-01
-3.036000579595565796e-02
4.482741951942443848e-01
3.904042541980743408e-01
-4.493202641606330872e-02
4.594038426876068115e-01
3.267639279365539551e-01
-5.708482488989830017e-02
4.673275947570800781e-01
2.760604023933410645e-01
-6.583223491907119751e-02
3.836906850337982178e-01
4.987732172012329102e-01
-3.466967865824699402e-02
3.869235515594482422e-01
4.019149541854858398e-01
-5.198378488421440125e-02
3.902332782745361328e-01
3.418166637420654297e-01
-6.658131629228591919e-02
3.959363102912902832e-01
2.916944026947021484e-01
-7.673335075378417969e-02
3.403618335723876953e-01
5.274187326431274414e-01
-4.143433645367622375e-02
3.112749457359313965e-01
4.641443789005279541e-01
-6.030725687742233276e-02
2.932172417640686035e-01
4.219241142272949219e-01
-6.979185342788696289e-02
2.810672521591186523e-01
3.819132447242736816e-01
-7.516421377658843994e-02
