3.820783793926239014e-01
7.338947057723999023e-01
5.570890948547457810e-07
4.524922668933868408e-01
7.060786485671997070e-01
-3.137492388486862183e-02
5.153944492340087891e-01
6.489051580429077148e-01
-4.626586288213729858e-02
5.593380928039550781e-01
5.945388078689575195e-01
-5.841176584362983704e-02
5.940421223640441895e-01
5.530947446823120117e-01
-7.031246274709701538e-02
4.637632369995117188e-01
5.189988613128662109e-01
-3.328796848654747009e-02
4.947124123573303223e-01
4.326398074626922607e-01
-5.328410118818283081e-02
5.117012858390808105e-01
3.784799873828887939e-01
-6.853245943784713745e-02
5.247971415519714355e-01
3.332639932632446289e-01
-7.893088459968566895e-02
4.195545017719268799e-01
4.971989989280700684e-01
-3.280637040734291077e-02
4.398086965084075928e-01
3.936038613319396973e-01
-4.786846041679382324e-02
4.508702456951141357e-01
3.281602859497070312e-01
-6.021470203995704651e-02
4.591933190822601318e-01
2.768979966640472412e-01
-6.925812363624572754e-02
3.751033246517181396e-01
5.006909966468811035e-01
-3.582875058054924011e-02
3.782228529453277588e-01
4.020921885967254639e-01
-5.295577272772789001e-02
3.814642727375030518e-01
3.427422046661376953e-01
-6.683222949504852295e-02
3.864728510379791260e-01
2.950455546379089355e-01
-7.660157233476638794e-02
3.318231701850891113e-01
5.270897150039672852e-01
-4.146113246679306030e-02
3.029394149780273438e-01
4.633440375328063965e-01
-6.009729951620101929e-02
2.854718565940856934e-01
4.206534326076507568e-01
-6.932563334703445435e-02
2.732247114181518555e-01
3.813782632350921631e-01
-7.446350902318954468e-02
