3.809882700443267822e-01
7.344329953193664551e-01
5.555101552090491168e-07
4.517648816108703613e-01
7.062474489212036133e-01
-3.051701746881008148e-02
5.141513347625732422e-01
6.485431194305419922e-01
-4.496002569794654846e-02
5.581603050231933594e-01
5.939038991928100586e-01
-5.672481656074523926e-02
5.925381779670715332e-01
5.526527166366577148e-01
-6.827900558710098267e-02
4.626109302043914795e-01
5.191485285758972168e-01
-3.279232978820800781e-02
4.944938719272613525e-01
4.328042566776275635e-01
-5.226479843258857727e-02
5.116716027259826660e-01
3.795706033706665039e-01
-6.679991632699966431e-02
5.246855616569519043e-01
3.348181545734405518e-01
-7.672110199928283691e-02
4.188150167465209961e-01
4.971712231636047363e-01
-3.265834972262382507e-02
4.391634464263916016e-01
3.930652737617492676e-01
-4.750630259513854980e-02
4.506995975971221924e-01
3.286038041114807129e-01
-5.941913649439811707e-02
4.592159986495971680e-01
2.775063216686248779e-01
-6.813407689332962036e-02
3.742120862007141113e-01
5.005750656127929688e-01
-3.597855940461158752e-02
3.771377503871917725e-01
4.029877781867980957e-01
-5.340858921408653259e-02
3.802996873855590820e-01
3.432905673980712891e-01
-6.797657161951065063e-02
3.854958713054656982e-01
2.944251894950866699e-01
-7.818140834569931030e-02
3.306673169136047363e-01
5.268217325210571289e-01
-4.172830283641815186e-02
3.010445535182952881e-01
4.643300473690032959e-01
-6.086507439613342285e-02
2.823517322540283203e-01
4.228136837482452393e-01
-7.065334916114807129e-02
2.689578533172607422e-01
3.841188848018646240e-01
-7.621480524539947510e-02
