3.711195290088653564e-01
7.374559640884399414e-01
5.375931664275412913e-07
4.430574178695678711e-01
7.047833204269409180e-01
-2.875635586678981781e-02
5.061375498771667480e-01
6.445091962814331055e-01
-4.163143783807754517e-02
5.492520928382873535e-01
5.900654792785644531e-01
-5.251945182681083679e-02
5.840805768966674805e-01
5.510408878326416016e-01
-6.314966827630996704e-02
4.540463089942932129e-01
5.145874023437500000e-01
-2.656694129109382629e-02
4.845150411128997803e-01
4.281197786331176758e-01
-4.445303976535797119e-02
5.005545616149902344e-01
3.744024932384490967e-01
-5.897039547562599182e-02
5.123074054718017578e-01
3.296094238758087158e-01
-6.916898488998413086e-02
4.093964099884033203e-01
4.947230517864227295e-01
-2.741936221718788147e-02
4.287801980972290039e-01
3.909724354743957520e-01
-4.065771028399467468e-02
4.389403164386749268e-01
3.269321322441101074e-01
-5.263867229223251343e-02
4.461272060871124268e-01
2.772207856178283691e-01
-6.158340722322463989e-02
3.647874593734741211e-01
4.997464120388031006e-01
-3.190185874700546265e-02
3.675156831741333008e-01
4.013642668724060059e-01
-4.747999459505081177e-02
3.701080381870269775e-01
3.426562249660491943e-01
-6.092188879847526550e-02
3.745099306106567383e-01
2.948256433010101318e-01
-7.061631977558135986e-02
3.210816979408264160e-01
5.282605886459350586e-01
-3.897982835769653320e-02
2.927305698394775391e-01
4.642580449581146240e-01
-5.622212216258049011e-02
2.753047347068786621e-01
4.222885072231292725e-01
-6.457481533288955688e-02
2.629692554473876953e-01
3.832671344280242920e-01
-6.935787945985794067e-02
