3.695855736732482910e-01
7.355010509490966797e-01
5.520017225535411853e-07
4.428547322750091553e-01
7.036470770835876465e-01
-2.867291122674942017e-02
5.057519078254699707e-01
6.442912220954895020e-01
-4.186414182186126709e-02
5.485698580741882324e-01
5.898758172988891602e-01
-5.294967442750930786e-02
5.825726985931396484e-01
5.499752163887023926e-01
-6.374162435531616211e-02
4.520944356918334961e-01
5.149278640747070312e-01
-2.827511355280876160e-02
4.839867353439331055e-01
4.275744855403900146e-01
-4.673485830426216125e-02
5.003183484077453613e-01
3.738781809806823730e-01
-6.088791787624359131e-02
5.122200250625610352e-01
3.293131589889526367e-01
-7.068234682083129883e-02
4.076068103313446045e-01
4.943507313728332520e-01
-2.929954230785369873e-02
4.279215335845947266e-01
3.897423446178436279e-01
-4.328882321715354919e-02
4.387656152248382568e-01
3.259823322296142578e-01
-5.503171682357788086e-02
4.465949237346649170e-01
2.760205566883087158e-01
-6.356311589479446411e-02
3.628911375999450684e-01
4.992616772651672363e-01
-3.387709334492683411e-02
3.652042746543884277e-01
4.017578363418579102e-01
-5.022851377725601196e-02
3.685722053050994873e-01
3.429929316043853760e-01
-6.408039480447769165e-02
3.743372559547424316e-01
2.949622273445129395e-01
-7.386119663715362549e-02
3.194876909255981445e-01
5.277563929557800293e-01
-4.092157632112503052e-02
2.903411686420440674e-01
4.651905894279479980e-01
-5.885441601276397705e-02
2.724985182285308838e-01
4.232360422611236572e-01
-6.773305684328079224e-02
2.601959109306335449e-01
3.841812014579772949e-01
-7.276486605405807495e-02
