2.640317678451538086e-01
7.423795461654663086e-01
5.527512598746397998e-07
3.339508771896362305e-01
7.116703391075134277e-01
-3.180836141109466553e-02
3.948506116867065430e-01
6.559167504310607910e-01
-4.574285447597503662e-02
4.347361922264099121e-01
5.995685458183288574e-01
-5.680677667260169983e-02
4.658799469470977783e-01
5.536957979202270508e-01
-6.716926395893096924e-02
3.468887209892272949e-01
5.326693654060363770e-01
-2.693961746990680695e-02
3.750250041484832764e-01
4.476162195205688477e-01
-4.460434988141059875e-02
3.874157667160034180e-01
3.949531912803649902e-01
-5.885854735970497131e-02
3.950921297073364258e-01
3.504823446273803711e-01
-6.878563016653060913e-02
3.031367063522338867e-01
5.132319331169128418e-01
-2.562577091157436371e-02
3.235741257667541504e-01
4.139074683189392090e-01
-3.938173130154609680e-02
3.325155377388000488e-01
3.522439599037170410e-01
-5.195539817214012146e-02
3.378918766975402832e-01
3.037773966789245605e-01
-6.085884198546409607e-02
2.588374912738800049e-01
5.178908109664916992e-01
-2.818130701780319214e-02
2.641252875328063965e-01
4.260359704494476318e-01
-4.404119402170181274e-02
2.696993350982666016e-01
3.711541295051574707e-01
-5.701749026775360107e-02
2.767983973026275635e-01
3.266940116882324219e-01
-6.595548987388610840e-02
2.148274481296539307e-01
5.438467860221862793e-01
-3.351241722702980042e-02
1.939074397087097168e-01
4.842406511306762695e-01
-5.043608695268630981e-02
1.800209134817123413e-01
4.448500573635101318e-01
-5.811347067356109619e-02
1.708213537931442261e-01
4.084179103374481201e-01
-6.207448989152908325e-02
