3.575239181518554688e-01
7.371622323989868164e-01
5.405361207522219047e-07
4.286193549633026123e-01
7.050354480743408203e-01
-3.084963001310825348e-02
4.921878576278686523e-01
6.450951099395751953e-01
-4.526603221893310547e-02
5.367635488510131836e-01
5.894704461097717285e-01
-5.704667046666145325e-02
5.719016194343566895e-01
5.473491549491882324e-01
-6.852634996175765991e-02
4.407423436641693115e-01
5.124316811561584473e-01
-3.103929013013839722e-02
4.694967567920684814e-01
4.263400137424468994e-01
-5.009159445762634277e-02
4.844386577606201172e-01
3.719740808010101318e-01
-6.523548066616058350e-02
4.956977665424346924e-01
3.270110487937927246e-01
-7.589814066886901855e-02
3.952846527099609375e-01
4.919258356094360352e-01
-3.134654089808464050e-02
4.134590029716491699e-01
3.892533183097839355e-01
-4.544343426823616028e-02
4.238054752349853516e-01
3.248244822025299072e-01
-5.770466476678848267e-02
4.317179024219512939e-01
2.755077481269836426e-01
-6.705529242753982544e-02
3.498926162719726562e-01
4.976441264152526855e-01
-3.530672937631607056e-02
3.531515598297119141e-01
3.992461264133453369e-01
-5.202101916074752808e-02
3.557517826557159424e-01
3.406367599964141846e-01
-6.597605347633361816e-02
3.604800999164581299e-01
2.939284443855285645e-01
-7.617498189210891724e-02
3.059177994728088379e-01
5.278612971305847168e-01
-4.190091416239738464e-02
2.755900025367736816e-01
4.655010402202606201e-01
-6.055814027786254883e-02
2.576471865177154541e-01
4.237678647041320801e-01
-6.990687549114227295e-02
2.453179955482482910e-01
3.853394389152526855e-01
-7.538087666034698486e-02
