3.563683032989501953e-01
7.396684885025024414e-01
5.409270897871465422e-07
4.279971420764923096e-01
7.058398723602294922e-01
-2.909711375832557678e-02
4.904100298881530762e-01
6.435694694519042969e-01
-4.262721911072731018e-02
5.351561307907104492e-01
5.887722373008728027e-01
-5.398685857653617859e-02
5.699653029441833496e-01
5.481028556823730469e-01
-6.505269557237625122e-02
4.387798011302947998e-01
5.139809846878051758e-01
-2.922726236283779144e-02
4.707672297954559326e-01
4.273270666599273682e-01
-4.808462783694267273e-02
4.863310456275939941e-01
3.737301826477050781e-01
-6.260564923286437988e-02
4.971481263637542725e-01
3.291088938713073730e-01
-7.263825088739395142e-02
3.938827812671661377e-01
4.928735196590423584e-01
-3.039847500622272491e-02
4.136413335800170898e-01
3.876862525939941406e-01
-4.457904025912284851e-02
4.234435260295867920e-01
3.230773806571960449e-01
-5.638005211949348450e-02
4.299021065235137939e-01
2.726952135562896729e-01
-6.493003666400909424e-02
3.486581444740295410e-01
4.983929395675659180e-01
-3.514934331178665161e-02
3.503622412681579590e-01
4.007126688957214355e-01
-5.151325464248657227e-02
3.529817163944244385e-01
3.418434262275695801e-01
-6.530280411243438721e-02
3.580646812915802002e-01
2.938215136528015137e-01
-7.513304054737091064e-02
3.048322200775146484e-01
5.284696817398071289e-01
-4.243785515427589417e-02
2.744362056255340576e-01
4.664472341537475586e-01
-6.043742224574089050e-02
2.557300329208374023e-01
4.255931973457336426e-01
-6.913750618696212769e-02
2.428320348262786865e-01
3.875313103199005127e-01
-7.401165366172790527e-02
