3.491649925708770752e-01
7.340161800384521484e-01
5.439042070065625012e-07
4.208259582519531250e-01
7.019460797309875488e-01
-3.085361048579216003e-02
4.827538132667541504e-01
6.396563053131103516e-01
-4.443739727139472961e-02
5.253900289535522461e-01
5.841247439384460449e-01
-5.548122152686119080e-02
5.605007410049438477e-01
5.432624816894531250e-01
-6.639857590198516846e-02
4.276525378227233887e-01
5.105457901954650879e-01
-3.020812571048736572e-02
4.549820423126220703e-01
4.238939881324768066e-01
-4.833697900176048279e-02
4.695204198360443115e-01
3.699570596218109131e-01
-6.290868669748306274e-02
4.805075824260711670e-01
3.250788450241088867e-01
-7.325678318738937378e-02
3.811746239662170410e-01
4.922004938125610352e-01
-3.020843304693698883e-02
3.984250128269195557e-01
3.886023759841918945e-01
-4.384375363588333130e-02
4.088183343410491943e-01
3.234865367412567139e-01
-5.603025108575820923e-02
4.166114628314971924e-01
2.734812200069427490e-01
-6.539093703031539917e-02
3.357048034667968750e-01
4.993893206119537354e-01
-3.392762318253517151e-02
3.372915983200073242e-01
4.001037776470184326e-01
-5.050810053944587708e-02
3.399240374565124512e-01
3.410592079162597656e-01
-6.488141417503356934e-02
3.445277512073516846e-01
2.938235402107238770e-01
-7.529523968696594238e-02
2.922986745834350586e-01
5.294802188873291016e-01
-4.027961567044258118e-02
2.617650628089904785e-01
4.653409421443939209e-01
-5.924139544367790222e-02
2.433854937553405762e-01
4.235532879829406738e-01
-6.905490159988403320e-02
2.307459414005279541e-01
3.847789764404296875e-01
-7.491593062877655029e-02
