3.481641709804534912e-01
7.361696958541870117e-01
5.564936031987599563e-07
4.204611480236053467e-01
7.027306556701660156e-01
-2.899290993809700012e-02
4.821892380714416504e-01
6.398018002510070801e-01
-4.210587963461875916e-02
5.254228115081787109e-01
5.849551558494567871e-01
-5.301699414849281311e-02
5.587450265884399414e-01
5.428583621978759766e-01
-6.391426920890808105e-02
4.252098500728607178e-01
5.123028159141540527e-01
-2.963222935795783997e-02
4.556587934494018555e-01
4.240581393241882324e-01
-4.824593663215637207e-02
4.715065956115722656e-01
3.706630468368530273e-01
-6.239010766148567200e-02
4.832181036472320557e-01
3.261908888816833496e-01
-7.197238504886627197e-02
3.799101412296295166e-01
4.932098388671875000e-01
-3.022416308522224426e-02
3.989875614643096924e-01
3.873626291751861572e-01
-4.390617832541465759e-02
4.090189635753631592e-01
3.225191235542297363e-01
-5.542125552892684937e-02
4.162968397140502930e-01
2.720313072204589844e-01
-6.386744976043701172e-02
3.346240520477294922e-01
4.995083510875701904e-01
-3.436740487813949585e-02
3.352070450782775879e-01
4.005170762538909912e-01
-5.044892802834510803e-02
3.377032279968261719e-01
3.402522802352905273e-01
-6.462474912405014038e-02
3.428705632686614990e-01
2.913044095039367676e-01
-7.476357370615005493e-02
2.910023331642150879e-01
5.290852785110473633e-01
-4.095492139458656311e-02
2.591502666473388672e-01
4.669090509414672852e-01
-5.909875407814979553e-02
2.396657317876815796e-01
4.253991842269897461e-01
-6.830519437789916992e-02
2.262634038925170898e-01
3.869999647140502930e-01
-7.356998324394226074e-02
