3.366636037826538086e-01
7.389600276947021484e-01
5.604379111900925636e-07
4.095476865768432617e-01
7.029901742935180664e-01
-3.153236955404281616e-02
4.718970060348510742e-01
6.386611461639404297e-01
-4.632562026381492615e-02
5.152258872985839844e-01
5.820474624633789062e-01
-5.853782966732978821e-02
5.494620800018310547e-01
5.385923385620117188e-01
-7.049384713172912598e-02
4.147602319717407227e-01
5.102977156639099121e-01
-3.203529119491577148e-02
4.435845017433166504e-01
4.210197329521179199e-01
-5.150377750396728516e-02
4.586799144744873047e-01
3.658086061477661133e-01
-6.675490736961364746e-02
4.695501029491424561e-01
3.200523555278778076e-01
-7.727880030870437622e-02
3.685773015022277832e-01
4.912508428096771240e-01
-3.182211518287658691e-02
3.862521946430206299e-01
3.843911290168762207e-01
-4.605824872851371765e-02
3.955348730087280273e-01
3.187509179115295410e-01
-5.810908228158950806e-02
4.015632271766662598e-01
2.683158814907073975e-01
-6.704881787300109863e-02
3.231455683708190918e-01
4.981577098369598389e-01
-3.525994345545768738e-02
3.236685991287231445e-01
3.964499831199645996e-01
-5.144017189741134644e-02
3.255123198032379150e-01
3.373234272003173828e-01
-6.460250169038772583e-02
3.290907144546508789e-01
2.889463901519775391e-01
-7.405778765678405762e-02
2.798570990562438965e-01
5.292674899101257324e-01
-4.145071282982826233e-02
2.500916719436645508e-01
4.648807942867279053e-01
-5.929030478000640869e-02
2.321174889802932739e-01
4.232164025306701660e-01
-6.758689135313034058e-02
2.190468311309814453e-01
3.848516941070556641e-01
-7.215652614831924438e-02
