3.363736867904663086e-01
7.383763194084167480e-01
5.581967457146674860e-07
4.092867970466613770e-01
7.018243074417114258e-01
-2.988755702972412109e-02
4.717131555080413818e-01
6.370118856430053711e-01
-4.373876750469207764e-02
5.148080587387084961e-01
5.803759694099426270e-01
-5.533073842525482178e-02
5.482277870178222656e-01
5.372370481491088867e-01
-6.669759750366210938e-02
4.138212203979492188e-01
5.105575323104858398e-01
-3.041434660553932190e-02
4.437008202075958252e-01
4.215096533298492432e-01
-4.991305992007255554e-02
4.592535197734832764e-01
3.668628334999084473e-01
-6.483408808708190918e-02
4.701002836227416992e-01
3.215467631816864014e-01
-7.499969005584716797e-02
3.679012060165405273e-01
4.910673797130584717e-01
-3.122577071189880371e-02
3.856824040412902832e-01
3.835884928703308105e-01
-4.581978172063827515e-02
3.952947854995727539e-01
3.184448778629302979e-01
-5.787240713834762573e-02
4.016616344451904297e-01
2.675693333148956299e-01
-6.654475629329681396e-02
3.221737146377563477e-01
4.977943599224090576e-01
-3.564865514636039734e-02
3.227285146713256836e-01
3.971000909805297852e-01
-5.241026729345321655e-02
3.250078558921813965e-01
3.363484740257263184e-01
-6.652934104204177856e-02
3.296996057033538818e-01
2.863063514232635498e-01
-7.645476609468460083e-02
2.784100174903869629e-01
5.286382436752319336e-01
-4.260569438338279724e-02
2.475599795579910278e-01
4.651664495468139648e-01
-6.087866052985191345e-02
2.282677590847015381e-01
4.236251711845397949e-01
-6.967026740312576294e-02
2.144243717193603516e-01
3.855313062667846680e-01
-7.452448457479476929e-02
