3.295638859272003174e-01
7.367887496948242188e-01
5.664011837325233500e-07
4.016352593898773193e-01
6.994005441665649414e-01
-2.906570397317409515e-02
4.628081321716308594e-01
6.338774561882019043e-01
-4.333371669054031372e-02
5.063440799713134766e-01
5.780929327011108398e-01
-5.545080453157424927e-02
5.405368804931640625e-01
5.354347229003906250e-01
-6.747947633266448975e-02
4.055984914302825928e-01
5.069788098335266113e-01
-3.112969361245632172e-02
4.348063766956329346e-01
4.177274405956268311e-01
-5.068189650774002075e-02
4.498276710510253906e-01
3.619148731231689453e-01
-6.565248966217041016e-02
4.601469039916992188e-01
3.162065744400024414e-01
-7.588598877191543579e-02
3.590328991413116455e-01
4.881195724010467529e-01
-3.207158669829368591e-02
3.763310611248016357e-01
3.806940019130706787e-01
-4.640612378716468811e-02
3.853509426116943359e-01
3.148416280746459961e-01
-5.818621069192886353e-02
3.909382522106170654e-01
2.644247710704803467e-01
-6.681220233440399170e-02
3.132174611091613770e-01
4.955556094646453857e-01
-3.638948127627372742e-02
3.126701414585113525e-01
3.940035700798034668e-01
-5.255066975951194763e-02
3.148182034492492676e-01
3.337538838386535645e-01
-6.555013358592987061e-02
3.188365995883941650e-01
2.846666872501373291e-01
-7.487168908119201660e-02
2.697979211807250977e-01
5.272904038429260254e-01
-4.317758977413177490e-02
2.389018833637237549e-01
4.633460640907287598e-01
-6.089976057410240173e-02
2.207273393869400024e-01
4.214109480381011963e-01
-6.885834038257598877e-02
2.077347189188003540e-01
3.831748068332672119e-01
-7.312396168708801270e-02
