3.278390467166900635e-01
7.353546619415283203e-01
5.591777494373673107e-07
4.004091322422027588e-01
6.988695859909057617e-01
-2.844830416142940521e-02
4.623949527740478516e-01
6.337271928787231445e-01
-4.204226285219192505e-02
5.059728622436523438e-01
5.776054263114929199e-01
-5.355955660343170166e-02
5.395070314407348633e-01
5.337778925895690918e-01
-6.503312289714813232e-02
4.047915637493133545e-01
5.063248872756958008e-01
-2.987710759043693542e-02
4.344997704029083252e-01
4.167826771736145020e-01
-4.914467036724090576e-02
4.495331346988677979e-01
3.620043396949768066e-01
-6.358597427606582642e-02
4.599982202053070068e-01
3.166490197181701660e-01
-7.337040454149246216e-02
3.583995401859283447e-01
4.873201251029968262e-01
-3.102841414511203766e-02
3.760554194450378418e-01
3.798248767852783203e-01
-4.547662660479545593e-02
3.853672742843627930e-01
3.148215413093566895e-01
-5.719137191772460938e-02
3.915978968143463135e-01
2.638637125492095947e-01
-6.556235253810882568e-02
3.123044967651367188e-01
4.947134852409362793e-01
-3.559213876724243164e-02
3.122223913669586182e-01
3.944748044013977051e-01
-5.214185267686843872e-02
3.141831755638122559e-01
3.333428800106048584e-01
-6.596925854682922363e-02
3.187550008296966553e-01
2.826678752899169922e-01
-7.570169121026992798e-02
2.686539590358734131e-01
5.261955261230468750e-01
-4.250210896134376526e-02
2.373137921094894409e-01
4.641536176204681396e-01
-6.056171655654907227e-02
2.180345952510833740e-01
4.225800037384033203e-01
-6.910017877817153931e-02
2.044170200824737549e-01
3.841240406036376953e-01
-7.371904700994491577e-02
