3.206532299518585205e-01
7.345314025878906250e-01
5.783797405456425622e-07
3.938695788383483887e-01
6.972496509552001953e-01
-2.946990355849266052e-02
4.561233818531036377e-01
6.304204463958740234e-01
-4.308704286813735962e-02
5.006269216537475586e-01
5.732659101486206055e-01
-5.440960824489593506e-02
5.327041149139404297e-01
5.295290946960449219e-01
-6.553259491920471191e-02
3.971613347530364990e-01
5.043027400970458984e-01
-3.079052828252315521e-02
4.261885881423950195e-01
4.134643077850341797e-01
-5.011448264122009277e-02
4.408418238162994385e-01
3.563501238822937012e-01
-6.486856192350387573e-02
4.502809047698974609e-01
3.100652396678924561e-01
-7.490739971399307251e-02
3.505607247352600098e-01
4.852800965309143066e-01
-3.157144412398338318e-02
3.686234056949615479e-01
3.745580911636352539e-01
-4.609411209821701050e-02
3.769735395908355713e-01
3.063960671424865723e-01
-5.803038179874420166e-02
3.813975453376770020e-01
2.546851038932800293e-01
-6.659290194511413574e-02
3.046011924743652344e-01
4.923429489135742188e-01
-3.580800816416740417e-02
3.043366372585296631e-01
3.887025117874145508e-01
-5.213316902518272400e-02
3.060427308082580566e-01
3.273521959781646729e-01
-6.575307995080947876e-02
3.092613816261291504e-01
2.779992818832397461e-01
-7.538556307554244995e-02
2.607206702232360840e-01
5.237199068069458008e-01
-4.255535826086997986e-02
2.304362356662750244e-01
4.589061141014099121e-01
-6.039956212043762207e-02
2.116267085075378418e-01
4.166164994239807129e-01
-6.881979107856750488e-02
1.980352401733398438e-01
3.778085112571716309e-01
-7.343309372663497925e-02
