3.209367990493774414e-01
7.337926626205444336e-01
5.701086820408818312e-07
3.942123651504516602e-01
6.958131790161132812e-01
-2.935082837939262390e-02
4.565621316432952881e-01
6.293787956237792969e-01
-4.292067885398864746e-02
5.002133250236511230e-01
5.721125006675720215e-01
-5.421188473701477051e-02
5.318505764007568359e-01
5.278522372245788574e-01
-6.524143368005752563e-02
3.976193666458129883e-01
5.044530034065246582e-01
-3.110091201961040497e-02
4.272760152816772461e-01
4.129669070243835449e-01
-5.068590864539146423e-02
4.419208765029907227e-01
3.562227487564086914e-01
-6.532809883356094360e-02
4.515138566493988037e-01
3.095318675041198730e-01
-7.525279372930526733e-02
3.503306806087493896e-01
4.850167036056518555e-01
-3.217227011919021606e-02
3.674058616161346436e-01
3.736489117145538330e-01
-4.717565700411796570e-02
3.766672909259796143e-01
3.064453303813934326e-01
-5.923433974385261536e-02
3.826569616794586182e-01
2.543699145317077637e-01
-6.775236874818801880e-02
3.036930859088897705e-01
4.917811155319213867e-01
-3.669089823961257935e-02
3.029057979583740234e-01
3.891330361366271973e-01
-5.371483042836189270e-02
3.053947985172271729e-01
3.274531364440917969e-01
-6.790307164192199707e-02
3.101781904697418213e-01
2.772533595561981201e-01
-7.776794582605361938e-02
2.595072090625762939e-01
5.227518081665039062e-01
-4.364865645766258240e-02
2.283676564693450928e-01
4.583528935909271240e-01
-6.192126125097274780e-02
2.087985724210739136e-01
4.160405099391937256e-01
-7.063376903533935547e-02
1.950679868459701538e-01
3.771308064460754395e-01
-7.539819180965423584e-02
