2.616719603538513184e-01
7.494375705718994141e-01
5.670930249834782444e-07
3.336528539657592773e-01
7.189625501632690430e-01
-3.290315717458724976e-02
3.954440653324127197e-01
6.617410182952880859e-01
-4.730368405580520630e-02
4.362316131591796875e-01
6.054475307464599609e-01
-5.851582810282707214e-02
4.679572582244873047e-01
5.584477782249450684e-01
-6.915149092674255371e-02
3.482547402381896973e-01
5.365440249443054199e-01
-2.878937125205993652e-02
3.773007988929748535e-01
4.503130614757537842e-01
-4.690120369195938110e-02
3.895947933197021484e-01
3.954441547393798828e-01
-6.134700030088424683e-02
3.970396816730499268e-01
3.498650193214416504e-01
-7.137016952037811279e-02
3.041676580905914307e-01
5.165565609931945801e-01
-2.665970660746097565e-02
3.250296115875244141e-01
4.172772765159606934e-01
-4.082621261477470398e-02
3.335682749748229980e-01
3.535105586051940918e-01
-5.369620770215988159e-02
3.385611474514007568e-01
3.039537072181701660e-01
-6.267686933279037476e-02
2.589448988437652588e-01
5.214226245880126953e-01
-2.840770035982131958e-02
2.645464837551116943e-01
4.278464317321777344e-01
-4.484445601701736450e-02
2.697041928768157959e-01
3.714593052864074707e-01
-5.872406810522079468e-02
2.761413455009460449e-01
3.268522918224334717e-01
-6.817577034235000610e-02
2.143411189317703247e-01
5.480029582977294922e-01
-3.286771103739738464e-02
1.935772746801376343e-01
4.875123798847198486e-01
-5.065030604600906372e-02
1.798887401819229126e-01
4.473685026168823242e-01
-5.941409990191459656e-02
1.707673072814941406e-01
4.107311367988586426e-01
-6.398258358240127563e-02
