3.163553178310394287e-01
7.312893867492675781e-01
5.684459551957843360e-07
3.899101018905639648e-01
6.913183927536010742e-01
-2.860770747065544128e-02
4.513964354991912842e-01
6.254982352256774902e-01
-4.231042042374610901e-02
4.952780604362487793e-01
5.685854554176330566e-01
-5.404850840568542480e-02
5.282340049743652344e-01
5.244609713554382324e-01
-6.579875946044921875e-02
3.926040828227996826e-01
4.993454217910766602e-01
-2.962411940097808838e-02
4.214629828929901123e-01
4.086010456085205078e-01
-4.897794127464294434e-02
4.358274340629577637e-01
3.522845506668090820e-01
-6.410016864538192749e-02
4.447738230228424072e-01
3.052512407302856445e-01
-7.455317676067352295e-02
3.453378379344940186e-01
4.806161224842071533e-01
-3.124299831688404083e-02
3.622742891311645508e-01
3.700536489486694336e-01
-4.609248414635658264e-02
3.704575598239898682e-01
3.026583194732666016e-01
-5.860887840390205383e-02
3.748649358749389648e-01
2.498109638690948486e-01
-6.767299026250839233e-02
2.986373305320739746e-01
4.885211288928985596e-01
-3.629022836685180664e-02
2.982378602027893066e-01
3.860900998115539551e-01
-5.320539698004722595e-02
3.005393147468566895e-01
3.242631256580352783e-01
-6.722319126129150391e-02
3.045597076416015625e-01
2.734223604202270508e-01
-7.715168595314025879e-02
2.540438175201416016e-01
5.207729339599609375e-01
-4.373938590288162231e-02
2.231880277395248413e-01
4.557102918624877930e-01
-6.195085868239402771e-02
2.040932774543762207e-01
4.135927557945251465e-01
-7.022919505834579468e-02
1.904218941926956177e-01
3.746217489242553711e-01
-7.482445985078811646e-02
