3.165140151977539062e-01
7.277415990829467773e-01
5.698270797438453883e-07
3.898562192916870117e-01
6.900889277458190918e-01
-2.917087823152542114e-02
4.517783522605895996e-01
6.251607537269592285e-01
-4.283075034618377686e-02
4.943324327468872070e-01
5.680993795394897461e-01
-5.437410995364189148e-02
5.273561477661132812e-01
5.240098834037780762e-01
-6.587402522563934326e-02
3.925310373306274414e-01
4.976725876331329346e-01
-3.020571731030941010e-02
4.214778542518615723e-01
4.059866666793823242e-01
-4.967631027102470398e-02
4.362635016441345215e-01
3.503746092319488525e-01
-6.452997773885726929e-02
4.459951817989349365e-01
3.035870194435119629e-01
-7.471069693565368652e-02
3.450189530849456787e-01
4.793533980846405029e-01
-3.156325221061706543e-02
3.617278635501861572e-01
3.682204484939575195e-01
-4.640886187553405762e-02
3.709279298782348633e-01
3.018258810043334961e-01
-5.887367948889732361e-02
3.765723705291748047e-01
2.495282888412475586e-01
-6.788349151611328125e-02
2.981974482536315918e-01
4.875013232231140137e-01
-3.641511127352714539e-02
2.969260811805725098e-01
3.860682845115661621e-01
-5.338903889060020447e-02
2.991916835308074951e-01
3.236839175224304199e-01
-6.783490628004074097e-02
3.037354946136474609e-01
2.719161212444305420e-01
-7.807191461324691772e-02
2.534426152706146240e-01
5.194308161735534668e-01
-4.370079934597015381e-02
2.219740897417068481e-01
4.551507532596588135e-01
-6.186161562800407410e-02
2.025270015001296997e-01
4.131504595279693604e-01
-7.044259458780288696e-02
1.887585669755935669e-01
3.737635612487792969e-01
-7.532463222742080688e-02
