3.080399632453918457e-01
7.269153594970703125e-01
5.851559308212017640e-07
3.821272253990173340e-01
6.876937150955200195e-01
-2.929832413792610168e-02
4.451546967029571533e-01
6.230502724647521973e-01
-4.298158362507820129e-02
4.903455376625061035e-01
5.667460560798645020e-01
-5.460752546787261963e-02
5.224411487579345703e-01
5.224637985229492188e-01
-6.615276634693145752e-02
3.865826725959777832e-01
4.961614310741424561e-01
-2.834266796708106995e-02
4.147051572799682617e-01
4.028583467006683350e-01
-4.699745774269104004e-02
4.285827875137329102e-01
3.459536433219909668e-01
-6.170242279767990112e-02
4.378377199172973633e-01
2.995760440826416016e-01
-7.171460986137390137e-02
3.383769392967224121e-01
4.780245125293731689e-01
-2.909938991069793701e-02
3.543189167976379395e-01
3.662179112434387207e-01
-4.285022616386413574e-02
3.624275624752044678e-01
2.981858551502227783e-01
-5.520771071314811707e-02
3.675295412540435791e-01
2.455604970455169678e-01
-6.423036754131317139e-02
2.909211814403533936e-01
4.856238961219787598e-01
-3.343881666660308838e-02
2.899009287357330322e-01
3.813492655754089355e-01
-4.941421747207641602e-02
2.917822599411010742e-01
3.197178542613983154e-01
-6.338839232921600342e-02
2.958156168460845947e-01
2.700459063053131104e-01
-7.330994307994842529e-02
2.458091974258422852e-01
5.164046287536621094e-01
-4.025587812066078186e-02
2.147699445486068726e-01
4.507153332233428955e-01
-5.786346271634101868e-02
1.959572583436965942e-01
4.086284041404724121e-01
-6.606774777173995972e-02
1.827012896537780762e-01
3.702199459075927734e-01
-7.052007317543029785e-02
