3.073512613773345947e-01
7.284950613975524902e-01
5.756475047746789642e-07
3.807016909122467041e-01
6.876662969589233398e-01
-2.934304624795913696e-02
4.435914456844329834e-01
6.225311756134033203e-01
-4.307270795106887817e-02
4.880974292755126953e-01
5.662977695465087891e-01
-5.480113625526428223e-02
5.204769372940063477e-01
5.224501490592956543e-01
-6.630996614694595337e-02
3.861021995544433594e-01
4.955758750438690186e-01
-2.861841768026351929e-02
4.149246811866760254e-01
4.020306169986724854e-01
-4.796830192208290100e-02
4.291091561317443848e-01
3.458109498023986816e-01
-6.317466497421264648e-02
4.385971426963806152e-01
2.989296317100524902e-01
-7.348018139600753784e-02
3.380267918109893799e-01
4.766762852668762207e-01
-2.980418130755424500e-02
3.544318974018096924e-01
3.643515706062316895e-01
-4.406029731035232544e-02
3.633342087268829346e-01
2.968559265136718750e-01
-5.671052634716033936e-02
3.692546486854553223e-01
2.441807091236114502e-01
-6.585393100976943970e-02
2.905542552471160889e-01
4.839200675487518311e-01
-3.462287411093711853e-02
2.891612350940704346e-01
3.812483251094818115e-01
-5.074563622474670410e-02
2.915665209293365479e-01
3.194298148155212402e-01
-6.480356305837631226e-02
2.968068718910217285e-01
2.690001726150512695e-01
-7.478898018598556519e-02
2.453480809926986694e-01
5.149054527282714844e-01
-4.201693087816238403e-02
2.134996950626373291e-01
4.505055546760559082e-01
-5.925439670681953430e-02
1.940750330686569214e-01
4.083239436149597168e-01
-6.713099032640457153e-02
1.808233857154846191e-01
3.694213330745697021e-01
-7.142017036676406860e-02
