2.979668378829956055e-01
7.295132875442504883e-01
5.858104827893839683e-07
3.718912005424499512e-01
6.905822753906250000e-01
-3.089991398155689240e-02
4.353305399417877197e-01
6.245831251144409180e-01
-4.514856636524200439e-02
4.799423813819885254e-01
5.660799145698547363e-01
-5.708791315555572510e-02
5.135944485664367676e-01
5.208526849746704102e-01
-6.887529790401458740e-02
3.751885890960693359e-01
4.942826628684997559e-01
-2.965345233678817749e-02
4.035428166389465332e-01
4.010578095912933350e-01
-4.867475107312202454e-02
4.175945520401000977e-01
3.435317575931549072e-01
-6.391600519418716431e-02
4.274089932441711426e-01
2.964391112327575684e-01
-7.443436235189437866e-02
3.269433379173278809e-01
4.764473140239715576e-01
-2.972854115068912506e-02
3.433482050895690918e-01
3.653014004230499268e-01
-4.370699450373649597e-02
3.522115647792816162e-01
2.971715331077575684e-01
-5.633455887436866760e-02
3.581393361091613770e-01
2.461225092411041260e-01
-6.571325659751892090e-02
2.791421711444854736e-01
4.845045506954193115e-01
-3.351865336298942566e-02
2.787274718284606934e-01
3.785125017166137695e-01
-4.992606863379478455e-02
2.802849709987640381e-01
3.172081112861633301e-01
-6.396410614252090454e-02
2.838043868541717529e-01
2.689093053340911865e-01
-7.401471585035324097e-02
2.335724085569381714e-01
5.161678194999694824e-01
-3.992814198136329651e-02
2.028610706329345703e-01
4.491777122020721436e-01
-5.827981978654861450e-02
1.841757446527481079e-01
4.069216847419738770e-01
-6.693203002214431763e-02
1.707041412591934204e-01
3.689754307270050049e-01
-7.165610045194625854e-02
