2.985375523567199707e-01
7.316675782203674316e-01
5.875008355360478163e-07
3.723832964897155762e-01
6.912569403648376465e-01
-3.025791980326175690e-02
4.348764419555664062e-01
6.254873275756835938e-01
-4.523792117834091187e-02
4.792964458465576172e-01
5.675532817840576172e-01
-5.809326842427253723e-02
5.126942992210388184e-01
5.203436017036437988e-01
-7.086557894945144653e-02
3.742049038410186768e-01
4.975554049015045166e-01
-3.172314912080764771e-02
4.037399888038635254e-01
4.025473892688751221e-01
-5.216133221983909607e-02
4.184963107109069824e-01
3.450839519500732422e-01
-6.773103773593902588e-02
4.285317361354827881e-01
2.970768213272094727e-01
-7.817544043064117432e-02
3.266234993934631348e-01
4.786197841167449951e-01
-3.264220431447029114e-02
3.440143465995788574e-01
3.650284707546234131e-01
-4.756431654095649719e-02
3.528542220592498779e-01
2.967211008071899414e-01
-6.004894152283668518e-02
3.583160042762756348e-01
2.440464198589324951e-01
-6.908136606216430664e-02
2.788733839988708496e-01
4.860195517539978027e-01
-3.714429214596748352e-02
2.780722975730895996e-01
3.802869915962219238e-01
-5.397452414035797119e-02
2.795987427234649658e-01
3.176038861274719238e-01
-6.816801428794860840e-02
2.834056913852691650e-01
2.667111754417419434e-01
-7.828304916620254517e-02
2.334659099578857422e-01
5.172557234764099121e-01
-4.417891055345535278e-02
2.019645720720291138e-01
4.513868093490600586e-01
-6.251473724842071533e-02
1.817673593759536743e-01
4.092327058315277100e-01
-7.098349183797836304e-02
1.667300909757614136e-01
3.711154460906982422e-01
-7.555656880140304565e-02
