2.878625690937042236e-01
7.306080460548400879e-01
6.091082127568370197e-07
3.599272370338439941e-01
6.891062855720520020e-01
-3.233590722084045410e-02
4.225648045539855957e-01
6.250323653221130371e-01
-4.892556741833686829e-02
4.669570922851562500e-01
5.673706531524658203e-01
-6.309676170349121094e-02
5.016493201255798340e-01
5.220347046852111816e-01
-7.717929780483245850e-02
3.620239496231079102e-01
4.936530292034149170e-01
-3.369609639048576355e-02
3.893735110759735107e-01
4.001466631889343262e-01
-5.486076697707176208e-02
4.026289880275726318e-01
3.414722681045532227e-01
-7.163860648870468140e-02
4.117537736892700195e-01
2.930473685264587402e-01
-8.318582922220230103e-02
3.120926320552825928e-01
4.763293862342834473e-01
-3.432498127222061157e-02
3.272933661937713623e-01
3.637539744377136230e-01
-5.008389800786972046e-02
3.360375463962554932e-01
2.956134378910064697e-01
-6.343196332454681396e-02
3.421550691127777100e-01
2.446314990520477295e-01
-7.329859584569931030e-02
2.635076344013214111e-01
4.857571721076965332e-01
-3.868688270449638367e-02
2.624121904373168945e-01
3.788758218288421631e-01
-5.642407760024070740e-02
2.640368938446044922e-01
3.171531260013580322e-01
-7.053530961275100708e-02
2.678803503513336182e-01
2.685452997684478760e-01
-8.062205463647842407e-02
2.180194854736328125e-01
5.194668173789978027e-01
-4.579494148492813110e-02
1.873873174190521240e-01
4.521140158176422119e-01
-6.492468714714050293e-02
1.686685234308242798e-01
4.099614918231964111e-01
-7.345261424779891968e-02
1.550528109073638916e-01
3.717215657234191895e-01
-7.806350290775299072e-02
