2.877399921417236328e-01
7.300896048545837402e-01
5.958010547146841418e-07
3.609588444232940674e-01
6.895895004272460938e-01
-3.141404315829277039e-02
4.233821034431457520e-01
6.257345080375671387e-01
-4.773786291480064392e-02
4.659894108772277832e-01
5.678859353065490723e-01
-6.176264956593513489e-02
4.981558322906494141e-01
5.200347900390625000e-01
-7.571980357170104980e-02
3.602174222469329834e-01
4.965450465679168701e-01
-3.493034839630126953e-02
3.899092674255371094e-01
4.009807705879211426e-01
-5.666485801339149475e-02
4.041429162025451660e-01
3.426446318626403809e-01
-7.289483398199081421e-02
4.134184420108795166e-01
2.933164834976196289e-01
-8.370878547430038452e-02
3.118516802787780762e-01
4.776128232479095459e-01
-3.578494116663932800e-02
3.288680911064147949e-01
3.635252714157104492e-01
-5.170514434576034546e-02
3.370359241962432861e-01
2.951962947845458984e-01
-6.438186019659042358e-02
3.418123722076416016e-01
2.423221170902252197e-01
-7.350090891122817993e-02
2.640909254550933838e-01
4.857355356216430664e-01
-4.015366733074188232e-02
2.622622251510620117e-01
3.801890909671783447e-01
-5.762318894267082214e-02
2.632147073745727539e-01
3.175429701805114746e-01
-7.166801393032073975e-02
2.664152383804321289e-01
2.667296528816223145e-01
-8.161050826311111450e-02
2.191830128431320190e-01
5.181902050971984863e-01
-4.713376238942146301e-02
1.868299692869186401e-01
4.528864920139312744e-01
-6.579950451850891113e-02
1.663438379764556885e-01
4.111002683639526367e-01
-7.411905378103256226e-02
1.510483473539352417e-01
3.734424114227294922e-01
-7.850734144449234009e-02
