2.747894823551177979e-01
7.326996326446533203e-01
5.970255756437836681e-07
3.464848399162292480e-01
6.916873455047607422e-01
-3.217694908380508423e-02
4.089673161506652832e-01
6.244763135910034180e-01
-4.807849600911140442e-02
4.514870941638946533e-01
5.647640228271484375e-01
-6.161182746291160583e-02
4.863182306289672852e-01
5.197440981864929199e-01
-7.518500089645385742e-02
3.460262119770050049e-01
4.946884214878082275e-01
-3.325431048870086670e-02
3.717605471611022949e-01
3.998942971229553223e-01
-5.449116602540016174e-02
3.837542831897735596e-01
3.399478793144226074e-01
-7.143902033567428589e-02
3.913381099700927734e-01
2.901213467121124268e-01
-8.315902948379516602e-02
2.955581843852996826e-01
4.779393076896667480e-01
-3.417332842946052551e-02
3.093858361244201660e-01
3.634935021400451660e-01
-5.005025863647460938e-02
3.173118829727172852e-01
2.943505048751831055e-01
-6.349045783281326294e-02
3.226531744003295898e-01
2.421313226222991943e-01
-7.333421707153320312e-02
2.467636168003082275e-01
4.880466461181640625e-01
-3.880399838089942932e-02
2.441610246896743774e-01
3.798970580101013184e-01
-5.662901327013969421e-02
2.450485527515411377e-01
3.175417780876159668e-01
-7.050184160470962524e-02
2.480191588401794434e-01
2.682424783706665039e-01
-8.034055680036544800e-02
2.012326717376708984e-01
5.224713683128356934e-01
-4.620259627699851990e-02
1.702775210142135620e-01
4.548404514789581299e-01
-6.527540832757949829e-02
1.512224376201629639e-01
4.126529097557067871e-01
-7.348855584859848022e-02
1.368669271469116211e-01
3.745625019073486328e-01
-7.785226404666900635e-02
