2.730008363723754883e-01
7.375962734222412109e-01
5.921222054894315079e-07
3.461064696311950684e-01
6.938562393188476562e-01
-3.160245716571807861e-02
4.090861082077026367e-01
6.244442462921142578e-01
-4.746182262897491455e-02
4.506211280822753906e-01
5.647751092910766602e-01
-6.111211702227592468e-02
4.847075343132019043e-01
5.189688205718994141e-01
-7.469452917575836182e-02
3.448966145515441895e-01
4.978459477424621582e-01
-3.352283686399459839e-02
3.730946481227874756e-01
4.011891782283782959e-01
-5.572064965963363647e-02
3.861614763736724854e-01
3.416965603828430176e-01
-7.268200814723968506e-02
3.944468796253204346e-01
2.910366058349609375e-01
-8.410822600126266479e-02
2.957642078399658203e-01
4.796575903892517090e-01
-3.466374054551124573e-02
3.109322190284729004e-01
3.635523319244384766e-01
-5.116457864642143250e-02
3.181139528751373291e-01
2.943888902664184570e-01
-6.426533311605453491e-02
3.222339451313018799e-01
2.405362725257873535e-01
-7.341250032186508179e-02
2.475442290306091309e-01
4.884454011917114258e-01
-3.945882245898246765e-02
2.449493408203125000e-01
3.810183405876159668e-01
-5.752690508961677551e-02
2.447375953197479248e-01
3.177626132965087891e-01
-7.153363525867462158e-02
2.465285062789916992e-01
2.661678493022918701e-01
-8.113513886928558350e-02
2.023216038942337036e-01
5.222510099411010742e-01
-4.696942493319511414e-02
1.708016544580459595e-01
4.557587802410125732e-01
-6.587006151676177979e-02
1.500375568866729736e-01
4.141705632209777832e-01
-7.380916178226470947e-02
1.335689425468444824e-01
3.768870234489440918e-01
-7.771629095077514648e-02
