2.610949873924255371e-01
7.504333853721618652e-01
5.665742150995356496e-07
3.326708376407623291e-01
7.191533446311950684e-01
-3.125517070293426514e-02
3.941971957683563232e-01
6.621595621109008789e-01
-4.473955929279327393e-02
4.347767233848571777e-01
6.057336330413818359e-01
-5.542141571640968323e-02
4.663865566253662109e-01
5.595187544822692871e-01
-6.549169123172760010e-02
3.471051752567291260e-01
5.367015004158020020e-01
-2.512884698808193207e-02
3.756212294101715088e-01
4.503911733627319336e-01
-4.190889000892639160e-02
3.877011239528656006e-01
3.959920108318328857e-01
-5.583865940570831299e-02
3.947877287864685059e-01
3.508808016777038574e-01
-6.556235998868942261e-02
3.029602766036987305e-01
5.169125199317932129e-01
-2.335408329963684082e-02
3.243352174758911133e-01
4.169622957706451416e-01
-3.639031946659088135e-02
3.330602645874023438e-01
3.531252741813659668e-01
-4.917365312576293945e-02
3.379620015621185303e-01
3.038837015628814697e-01
-5.812101438641548157e-02
2.580610215663909912e-01
5.215768218040466309e-01
-2.536835707724094391e-02
2.645989060401916504e-01
4.271829724311828613e-01
-4.073629155755043030e-02
2.702587544918060303e-01
3.706598877906799316e-01
-5.447831004858016968e-02
2.768813669681549072e-01
3.267771303653717041e-01
-6.390381604433059692e-02
2.137751281261444092e-01
5.473831892013549805e-01
-2.998912520706653595e-02
1.936969906091690063e-01
4.865305125713348389e-01
-4.678832739591598511e-02
1.802223026752471924e-01
4.461413025856018066e-01
-5.512970313429832458e-02
1.711430102586746216e-01
4.099998474121093750e-01
-5.943032354116439819e-02
