2.571222186088562012e-01
7.369739413261413574e-01
6.137715331533399876e-07
3.302170634269714355e-01
6.925472617149353027e-01
-3.074658289551734924e-02
3.934008479118347168e-01
6.234050989151000977e-01
-4.579246789216995239e-02
4.353867769241333008e-01
5.625731348991394043e-01
-5.841499567031860352e-02
4.681766033172607422e-01
5.151212215423583984e-01
-7.112878561019897461e-02
3.311171531677246094e-01
4.946604967117309570e-01
-3.286595642566680908e-02
3.564803302288055420e-01
3.985804915428161621e-01
-5.294023081660270691e-02
3.673647344112396240e-01
3.374824225902557373e-01
-6.893524527549743652e-02
3.737992644309997559e-01
2.869859933853149414e-01
-8.010134100914001465e-02
2.792267501354217529e-01
4.784826040267944336e-01
-3.406418859958648682e-02
2.926756441593170166e-01
3.641443252563476562e-01
-4.895391315221786499e-02
2.989719808101654053e-01
2.926769256591796875e-01
-6.218127906322479248e-02
3.022362589836120605e-01
2.385737001895904541e-01
-7.211945950984954834e-02
2.290471792221069336e-01
4.897281825542449951e-01
-3.870286792516708374e-02
2.261454463005065918e-01
3.816806077957153320e-01
-5.581507086753845215e-02
2.258519381284713745e-01
3.185061216354370117e-01
-7.020331174135208130e-02
2.268556207418441772e-01
2.687800526618957520e-01
-8.068992197513580322e-02
1.826054751873016357e-01
5.255973339080810547e-01
-4.586740583181381226e-02
1.511244773864746094e-01
4.595543146133422852e-01
-6.484654545783996582e-02
1.313645392656326294e-01
4.177205860614776611e-01
-7.353705167770385742e-02
1.159461587667465210e-01
3.796575367450714111e-01
-7.833632826805114746e-02
