2.569551467895507812e-01
7.404431104660034180e-01
5.926989388171932660e-07
3.314381241798400879e-01
6.927220821380615234e-01
-3.061651997268199921e-02
3.935427367687225342e-01
6.227830052375793457e-01
-4.629119858145713806e-02
4.341831803321838379e-01
5.619959235191345215e-01
-5.963424965739250183e-02
4.653396010398864746e-01
5.134888887405395508e-01
-7.285846769809722900e-02
3.277610540390014648e-01
4.954192638397216797e-01
-3.435323759913444519e-02
3.556409478187561035e-01
3.978101015090942383e-01
-5.610420182347297668e-02
3.677592277526855469e-01
3.376578688621520996e-01
-7.251089066267013550e-02
3.748860955238342285e-01
2.869784832000732422e-01
-8.362612128257751465e-02
2.782684266567230225e-01
4.774270653724670410e-01
-3.572297468781471252e-02
2.929593920707702637e-01
3.614892363548278809e-01
-5.204999074339866638e-02
2.989775836467742920e-01
2.914159297943115234e-01
-6.505121290683746338e-02
3.017103374004364014e-01
2.371455729007720947e-01
-7.421996444463729858e-02
2.299648076295852661e-01
4.871956110000610352e-01
-4.050387814640998840e-02
2.258840799331665039e-01
3.807709515094757080e-01
-5.843530967831611633e-02
2.260419428348541260e-01
3.180987536907196045e-01
-7.257057726383209229e-02
2.284232825040817261e-01
2.675223946571350098e-01
-8.241926878690719604e-02
1.854533553123474121e-01
5.223470926284790039e-01
-4.779504984617233276e-02
1.510788947343826294e-01
4.574735462665557861e-01
-6.663951277732849121e-02
1.295429766178131104e-01
4.163543879985809326e-01
-7.477628439664840698e-02
1.132126748561859131e-01
3.795421123504638672e-01
-7.888871431350708008e-02
