2.477095127105712891e-01
7.347801327705383301e-01
6.042247946425050031e-07
3.202071785926818848e-01
6.898157596588134766e-01
-3.088336437940597534e-02
3.826541304588317871e-01
6.191540956497192383e-01
-4.577314481139183044e-02
4.245148301124572754e-01
5.574585199356079102e-01
-5.806743353605270386e-02
4.556595087051391602e-01
5.096452832221984863e-01
-7.052287459373474121e-02
3.162551820278167725e-01
4.951361119747161865e-01
-3.431935980916023254e-02
3.406199514865875244e-01
3.985017538070678711e-01
-5.445647612214088440e-02
3.508646786212921143e-01
3.375434875488281250e-01
-7.017514854669570923e-02
3.567939698696136475e-01
2.872400879859924316e-01
-8.106444031000137329e-02
2.642992436885833740e-01
4.781596362590789795e-01
-3.509708866477012634e-02
2.771668434143066406e-01
3.630939126014709473e-01
-4.962835460901260376e-02
2.829793989658355713e-01
2.923370897769927979e-01
-6.230517104268074036e-02
2.862317562103271484e-01
2.393001914024353027e-01
-7.185476273298263550e-02
2.141546010971069336e-01
4.889067113399505615e-01
-3.917630389332771301e-02
2.099596560001373291e-01
3.799982070922851562e-01
-5.593968555331230164e-02
2.097282707691192627e-01
3.178654909133911133e-01
-6.990592926740646362e-02
2.114400118589401245e-01
2.692094445228576660e-01
-8.016829937696456909e-02
1.681410670280456543e-01
5.245984792709350586e-01
-4.573787376284599304e-02
1.348236203193664551e-01
4.593345224857330322e-01
-6.446872651576995850e-02
1.146665662527084351e-01
4.176212251186370850e-01
-7.292993366718292236e-02
9.965106844902038574e-02
3.800654411315917969e-01
-7.758370041847229004e-02
