2.465034723281860352e-01
7.411249876022338867e-01
5.949381716163770761e-07
3.199914097785949707e-01
6.928992271423339844e-01
-2.999617531895637512e-02
3.816903233528137207e-01
6.199600696563720703e-01
-4.455944150686264038e-02
4.220410287380218506e-01
5.588238835334777832e-01
-5.682190135121345520e-02
4.527552127838134766e-01
5.118132829666137695e-01
-6.920228153467178345e-02
3.132624626159667969e-01
4.953235387802124023e-01
-3.266900777816772461e-02
3.398988842964172363e-01
3.975914716720581055e-01
-5.324003472924232483e-02
3.514719605445861816e-01
3.372725248336791992e-01
-6.913705170154571533e-02
3.579125702381134033e-01
2.864181399345397949e-01
-7.993889600038528442e-02
2.629723548889160156e-01
4.786185026168823242e-01
-3.391771763563156128e-02
2.774705588817596436e-01
3.614699542522430420e-01
-4.869541525840759277e-02
2.828139066696166992e-01
2.910049557685852051e-01
-6.120271235704421997e-02
2.850292921066284180e-01
2.368848323822021484e-01
-7.026024907827377319e-02
2.139611840248107910e-01
4.894762635231018066e-01
-3.852792829275131226e-02
2.098678350448608398e-01
3.814533352851867676e-01
-5.527856200933456421e-02
2.089048326015472412e-01
3.177115321159362793e-01
-6.940619647502899170e-02
2.103573977947235107e-01
2.662141323089599609e-01
-7.948573678731918335e-02
1.685199290513992310e-01
5.254456996917724609e-01
-4.559345543384552002e-02
1.336560845375061035e-01
4.608691930770874023e-01
-6.362448632717132568e-02
1.124302744865417480e-01
4.190648496150970459e-01
-7.159530371427536011e-02
9.700220823287963867e-02
3.812858462333679199e-01
-7.580225914716720581e-02
