2.337646186351776123e-01
7.403836250305175781e-01
6.269958134907938074e-07
3.084747195243835449e-01
6.969408988952636719e-01
-3.408363834023475647e-02
3.719718158245086670e-01
6.274253129959106445e-01
-5.111626908183097839e-02
4.127997159957885742e-01
5.633415579795837402e-01
-6.504409015178680420e-02
4.442482292652130127e-01
5.120634436607360840e-01
-7.903683185577392578e-02
3.050114810466766357e-01
4.999009966850280762e-01
-3.778212890028953552e-02
3.301163613796234131e-01
4.006127119064331055e-01
-6.032760441303253174e-02
3.402970433235168457e-01
3.380595147609710693e-01
-7.752086967229843140e-02
3.451715707778930664e-01
2.857562601566314697e-01
-8.914617449045181274e-02
2.533846199512481689e-01
4.830389618873596191e-01
-3.771274536848068237e-02
2.669667303562164307e-01
3.642088174819946289e-01
-5.468792095780372620e-02
2.716292738914489746e-01
2.914724349975585938e-01
-6.853915005922317505e-02
2.729801535606384277e-01
2.344456017017364502e-01
-7.857437431812286377e-02
2.034054398536682129e-01
4.942808747291564941e-01
-4.121700674295425415e-02
1.995383054018020630e-01
3.848163485527038574e-01
-5.995779484510421753e-02
1.992914378643035889e-01
3.200573921203613281e-01
-7.419260591268539429e-02
2.006971836090087891e-01
2.676477432250976562e-01
-8.417370915412902832e-02
1.561683267354965210e-01
5.300084352493286133e-01
-4.740051925182342529e-02
1.235622912645339966e-01
4.627855122089385986e-01
-6.683492660522460938e-02
1.041311025619506836e-01
4.202271997928619385e-01
-7.479825615882873535e-02
8.990193903446197510e-02
3.811616301536560059e-01
-7.889426499605178833e-02
