2.340289950370788574e-01
7.379901409149169922e-01
6.139668471405457240e-07
3.081592321395874023e-01
6.941979527473449707e-01
-3.346950188279151917e-02
3.707040846347808838e-01
6.254433989524841309e-01
-5.033098161220550537e-02
4.112369418144226074e-01
5.627467632293701172e-01
-6.427125632762908936e-02
4.426121711730957031e-01
5.119443535804748535e-01
-7.827869802713394165e-02
3.048064410686492920e-01
4.988472461700439453e-01
-3.820935636758804321e-02
3.302114009857177734e-01
3.980574309825897217e-01
-6.042270362377166748e-02
3.401467204093933105e-01
3.356695175170898438e-01
-7.669088989496231079e-02
3.451912403106689453e-01
2.836149930953979492e-01
-8.768395334482192993e-02
2.538072168827056885e-01
4.812082052230834961e-01
-3.833751752972602844e-02
2.667868137359619141e-01
3.621429204940795898e-01
-5.515624955296516418e-02
2.720147371292114258e-01
2.897017300128936768e-01
-6.846664100885391235e-02
2.743412554264068604e-01
2.338732779026031494e-01
-7.801103591918945312e-02
2.038510441780090332e-01
4.921498298645019531e-01
-4.192241653800010681e-02
1.986294388771057129e-01
3.832284808158874512e-01
-6.047548726201057434e-02
1.987739205360412598e-01
3.186024427413940430e-01
-7.513286918401718140e-02
2.017646133899688721e-01
2.662916183471679688e-01
-8.554760366678237915e-02
1.571723520755767822e-01
5.278341174125671387e-01
-4.810902848839759827e-02
1.236356496810913086e-01
4.634183943271636963e-01
-6.752978265285491943e-02
1.033776402473449707e-01
4.214886128902435303e-01
-7.611408084630966187e-02
8.888737857341766357e-02
3.833812475204467773e-01
-8.076506108045578003e-02
