2.318690717220306396e-01
7.433207631111145020e-01
6.141951303106907289e-07
3.053641915321350098e-01
6.983131170272827148e-01
-3.404295817017555237e-02
3.689906001091003418e-01
6.282631158828735352e-01
-5.088273435831069946e-02
4.088150560855865479e-01
5.661199688911437988e-01
-6.476677209138870239e-02
4.389134049415588379e-01
5.149524807929992676e-01
-7.874327152967453003e-02
3.011993467807769775e-01
5.015553832054138184e-01
-3.733271360397338867e-02
3.264985084533691406e-01
4.033425450325012207e-01
-6.048572063446044922e-02
3.371031880378723145e-01
3.413975238800048828e-01
-7.847312092781066895e-02
3.426178991794586182e-01
2.886876463890075684e-01
-9.070443361997604370e-02
2.499264478683471680e-01
4.848856925964355469e-01
-3.785838931798934937e-02
2.637613713741302490e-01
3.664054870605468750e-01
-5.532398819923400879e-02
2.687503397464752197e-01
2.932228744029998779e-01
-6.982608884572982788e-02
2.706643342971801758e-01
2.351391613483428955e-01
-8.019517362117767334e-02
1.997601687908172607e-01
4.962435960769653320e-01
-4.203864559531211853e-02
1.950056403875350952e-01
3.858621120452880859e-01
-6.131906434893608093e-02
1.950038969516754150e-01
3.207125067710876465e-01
-7.596765458583831787e-02
1.977049708366394043e-01
2.670276761054992676e-01
-8.611943572759628296e-02
1.524566411972045898e-01
5.324335694313049316e-01
-4.897212237119674683e-02
1.196833997964859009e-01
4.639272093772888184e-01
-6.877094507217407227e-02
1.000810414552688599e-01
4.212684333324432373e-01
-7.669625431299209595e-02
8.600969612598419189e-02
3.822409510612487793e-01
-8.070802688598632812e-02
