2.316917479038238525e-01
7.430158853530883789e-01
6.192844352881365921e-07
3.061352670192718506e-01
6.972491741180419922e-01
-3.237164020538330078e-02
3.690212368965148926e-01
6.275056004524230957e-01
-4.836295917630195618e-02
4.081510901451110840e-01
5.656515359878540039e-01
-6.179600581526756287e-02
4.372176229953765869e-01
5.146320462226867676e-01
-7.540998607873916626e-02
3.008114099502563477e-01
5.013070106506347656e-01
-3.570516034960746765e-02
3.265969157218933105e-01
4.015742838382720947e-01
-5.811559036374092102e-02
3.373014330863952637e-01
3.392456769943237305e-01
-7.528897374868392944e-02
3.430368006229400635e-01
2.866379022598266602e-01
-8.689468353986740112e-02
2.498059868812561035e-01
4.851491749286651611e-01
-3.659416362643241882e-02
2.626177072525024414e-01
3.658179044723510742e-01
-5.352201312780380249e-02
2.674262523651123047e-01
2.925922274589538574e-01
-6.779365986585617065e-02
2.694623470306396484e-01
2.349588572978973389e-01
-7.806362956762313843e-02
1.998116225004196167e-01
4.964734017848968506e-01
-4.099051654338836670e-02
1.942575871944427490e-01
3.877498805522918701e-01
-5.940717458724975586e-02
1.935500800609588623e-01
3.216562867164611816e-01
-7.453951984643936157e-02
1.958291679620742798e-01
2.671041488647460938e-01
-8.531695604324340820e-02
1.525839269161224365e-01
5.321677923202514648e-01
-4.801465943455696106e-02
1.194879561662673950e-01
4.665560722351074219e-01
-6.702172756195068359e-02
9.903421998023986816e-02
4.240266382694244385e-01
-7.540494948625564575e-02
8.430589735507965088e-02
3.844566345214843750e-01
-8.002001792192459106e-02
