2.322811782360076904e-01
7.495833635330200195e-01
6.306827344815246761e-07
3.061951100826263428e-01
7.031485438346862793e-01
-3.216516226530075073e-02
3.681172430515289307e-01
6.333945393562316895e-01
-4.843325540423393250e-02
4.095190167427062988e-01
5.718976259231567383e-01
-6.206640601158142090e-02
4.393604099750518799e-01
5.197494626045227051e-01
-7.573939859867095947e-02
3.013864755630493164e-01
5.028228759765625000e-01
-3.473676368594169617e-02
3.281332254409790039e-01
4.040503799915313721e-01
-5.621250718832015991e-02
3.394949436187744141e-01
3.431701660156250000e-01
-7.293362170457839966e-02
3.457962274551391602e-01
2.917037010192871094e-01
-8.430401980876922607e-02
2.500651478767395020e-01
4.863479733467102051e-01
-3.555979952216148376e-02
2.639330327510833740e-01
3.672954440116882324e-01
-5.172156915068626404e-02
2.693794071674346924e-01
2.944550514221191406e-01
-6.564442068338394165e-02
2.716041803359985352e-01
2.370937466621398926e-01
-7.574889808893203735e-02
1.991690695285797119e-01
4.980445206165313721e-01
-3.992471471428871155e-02
1.950664520263671875e-01
3.878000080585479736e-01
-5.803420022130012512e-02
1.941753625869750977e-01
3.215435743331909180e-01
-7.350506633520126343e-02
1.959252059459686279e-01
2.674129605293273926e-01
-8.452200144529342651e-02
1.512303799390792847e-01
5.344362854957580566e-01
-4.678264632821083069e-02
1.178631931543350220e-01
4.674623608589172363e-01
-6.581141054630279541e-02
9.723678231239318848e-02
4.243972003459930420e-01
-7.453423738479614258e-02
8.257894217967987061e-02
3.846043050289154053e-01
-7.932204008102416992e-02
