2.316421866416931152e-01
7.501432895660400391e-01
6.216523047442024108e-07
3.059048652648925781e-01
7.028223276138305664e-01
-3.155095875263214111e-02
3.676031231880187988e-01
6.308701634407043457e-01
-4.721228778362274170e-02
4.087790846824645996e-01
5.689514279365539551e-01
-6.043135374784469604e-02
4.385258257389068604e-01
5.177367329597473145e-01
-7.387758791446685791e-02
3.017417192459106445e-01
5.039728879928588867e-01
-3.460398688912391663e-02
3.280416131019592285e-01
4.047718048095703125e-01
-5.606297776103019714e-02
3.394787013530731201e-01
3.436741232872009277e-01
-7.261314243078231812e-02
3.461786508560180664e-01
2.921721339225769043e-01
-8.384332060813903809e-02
2.503630518913269043e-01
4.875727593898773193e-01
-3.563947230577468872e-02
2.639187276363372803e-01
3.680379986763000488e-01
-5.179316923022270203e-02
2.694282531738281250e-01
2.949570417404174805e-01
-6.558802723884582520e-02
2.717944979667663574e-01
2.374118268489837646e-01
-7.565765082836151123e-02
1.994235515594482422e-01
4.989983141422271729e-01
-4.016295820474624634e-02
1.952236890792846680e-01
3.888748884201049805e-01
-5.812839046120643616e-02
1.938787847757339478e-01
3.223979771137237549e-01
-7.356224954128265381e-02
1.950639635324478149e-01
2.680459618568420410e-01
-8.465404063463211060e-02
1.513373404741287231e-01
5.351121425628662109e-01
-4.718057438731193542e-02
1.186587363481521606e-01
4.680185914039611816e-01
-6.605674326419830322e-02
9.800469875335693359e-02
4.251422882080078125e-01
-7.475869357585906982e-02
8.289019763469696045e-02
3.855416476726531982e-01
-7.968232780694961548e-02
