2.622049748897552490e-01
7.509507536888122559e-01
5.545359726966125891e-07
3.338194191455841064e-01
7.198066711425781250e-01
-3.019008785486221313e-02
3.955021500587463379e-01
6.618896722793579102e-01
-4.341551661491394043e-02
4.363019466400146484e-01
6.054891943931579590e-01
-5.371396243572235107e-02
4.675846993923187256e-01
5.601921081542968750e-01
-6.340949237346649170e-02
3.493076562881469727e-01
5.389018654823303223e-01
-2.722237445414066315e-02
3.766926229000091553e-01
4.511435329914093018e-01
-4.393045976758003235e-02
3.886333405971527100e-01
3.970610201358795166e-01
-5.718375369906425476e-02
3.961154818534851074e-01
3.522709012031555176e-01
-6.646736711263656616e-02
3.045459985733032227e-01
5.182386636734008789e-01
-2.612078003585338593e-02
3.254343569278717041e-01
4.169878959655761719e-01
-3.917496651411056519e-02
3.338493704795837402e-01
3.528438210487365723e-01
-5.147490650415420532e-02
3.387628495693206787e-01
3.036933541297912598e-01
-6.006747856736183167e-02
2.589204013347625732e-01
5.223973393440246582e-01
-2.847009710967540741e-02
2.649275958538055420e-01
4.270438849925994873e-01
-4.394593089818954468e-02
2.701824009418487549e-01
3.702589571475982666e-01
-5.770121142268180847e-02
2.769618034362792969e-01
3.259204626083374023e-01
-6.721337884664535522e-02
2.144853174686431885e-01
5.481148362159729004e-01
-3.323223069310188293e-02
1.929605752229690552e-01
4.877847433090209961e-01
-5.041746422648429871e-02
1.787838786840438843e-01
4.476149380207061768e-01
-5.889190733432769775e-02
1.698507219552993774e-01
4.115050137042999268e-01
-6.327142566442489624e-02
