2.330980002880096436e-01
7.581922411918640137e-01
6.416754558813408948e-07
3.094961643218994141e-01
7.140175104141235352e-01
-3.634833544492721558e-02
3.706119656562805176e-01
6.435447335243225098e-01
-5.428646132349967957e-02
4.118553102016448975e-01
5.803271532058715820e-01
-6.900357455015182495e-02
4.434578418731689453e-01
5.272249579429626465e-01
-8.369310200214385986e-02
3.039309680461883545e-01
5.121946334838867188e-01
-3.928456455469131470e-02
3.305256962776184082e-01
4.113547801971435547e-01
-6.295721232891082764e-02
3.422412574291229248e-01
3.479003906250000000e-01
-8.092631399631500244e-02
3.496619164943695068e-01
2.943235337734222412e-01
-9.314621984958648682e-02
2.514868974685668945e-01
4.938003420829772949e-01
-3.878395631909370422e-02
2.643748223781585693e-01
3.737433850765228271e-01
-5.656289309263229370e-02
2.706524133682250977e-01
2.987756133079528809e-01
-7.122655212879180908e-02
2.744168937206268311e-01
2.398476600646972656e-01
-8.187120407819747925e-02
2.003101408481597900e-01
5.050280690193176270e-01
-4.223594069480895996e-02
1.954626739025115967e-01
3.930364847183227539e-01
-6.241510808467864990e-02
1.940378546714782715e-01
3.242262601852416992e-01
-7.913739979267120361e-02
1.951637566089630127e-01
2.688765823841094971e-01
-9.079843759536743164e-02
1.535199135541915894e-01
5.420190691947937012e-01
-4.851992428302764893e-02
1.185598522424697876e-01
4.746932089328765869e-01
-7.036814838647842407e-02
9.658996760845184326e-02
4.295872449874877930e-01
-8.097863942384719849e-02
8.034478127956390381e-02
3.880902528762817383e-01
-8.683754503726959229e-02
