2.321300655603408813e-01
7.583698034286499023e-01
6.405079489013587590e-07
3.084385395050048828e-01
7.116973996162414551e-01
-3.398759663105010986e-02
3.704258203506469727e-01
6.409420371055603027e-01
-5.164072662591934204e-02
4.125366806983947754e-01
5.781406760215759277e-01
-6.637088209390640259e-02
4.435263276100158691e-01
5.243695974349975586e-01
-8.117595314979553223e-02
3.038040101528167725e-01
5.112656354904174805e-01
-3.901299089193344116e-02
3.310300111770629883e-01
4.101488888263702393e-01
-6.193856894969940186e-02
3.428131937980651855e-01
3.472144007682800293e-01
-7.880785316228866577e-02
3.500007987022399902e-01
2.947194576263427734e-01
-9.018920361995697021e-02
2.517876029014587402e-01
4.930227994918823242e-01
-3.940585628151893616e-02
2.655930817127227783e-01
3.721495568752288818e-01
-5.653462186455726624e-02
2.720804810523986816e-01
2.982684969902038574e-01
-7.006484270095825195e-02
2.755767703056335449e-01
2.408621609210968018e-01
-7.991402596235275269e-02
2.005339264869689941e-01
5.040046572685241699e-01
-4.343667253851890564e-02
1.962688267230987549e-01
3.920876979827880859e-01
-6.266663968563079834e-02
1.953954547643661499e-01
3.240498304367065430e-01
-7.839743793010711670e-02
1.968833357095718384e-01
2.687490880489349365e-01
-8.957972377538681030e-02
1.534714996814727783e-01
5.405080318450927734e-01
-5.006907880306243896e-02
1.190511733293533325e-01
4.732419848442077637e-01
-7.093676179647445679e-02
9.737022221088409424e-02
4.289744496345520020e-01
-8.082170784473419189e-02
8.120752871036529541e-02
3.883496522903442383e-01
-8.631955832242965698e-02
