2.417317479848861694e-01
7.626582980155944824e-01
6.021695071467547677e-07
3.173336386680603027e-01
7.181247472763061523e-01
-3.270626440644264221e-02
3.819527626037597656e-01
6.466119885444641113e-01
-4.879651963710784912e-02
4.232981801033020020e-01
5.846014618873596191e-01
-6.266840547323226929e-02
4.562421739101409912e-01
5.383962988853454590e-01
-7.678931206464767456e-02
3.160476684570312500e-01
5.153498649597167969e-01
-3.511774167418479919e-02
3.427398204803466797e-01
4.144033193588256836e-01
-5.805308744311332703e-02
3.539723753929138184e-01
3.516331315040588379e-01
-7.557587325572967529e-02
3.607473969459533691e-01
2.987524271011352539e-01
-8.752155303955078125e-02
2.627538144588470459e-01
4.962996542453765869e-01
-3.654924407601356506e-02
2.751254439353942871e-01
3.764486908912658691e-01
-5.393021926283836365e-02
2.806663513183593750e-01
3.019620180130004883e-01
-6.858552992343902588e-02
2.839393019676208496e-01
2.437579929828643799e-01
-7.914800196886062622e-02
2.107711583375930786e-01
5.063284635543823242e-01
-4.166492074728012085e-02
2.062320560216903687e-01
3.947706818580627441e-01
-6.050455942749977112e-02
2.055698782205581665e-01
3.274722993373870850e-01
-7.639883458614349365e-02
2.083370387554168701e-01
2.738315761089324951e-01
-8.768837898969650269e-02
1.624412983655929565e-01
5.424811244010925293e-01
-4.956491291522979736e-02
1.279473900794982910e-01
4.762537479400634766e-01
-6.990624219179153442e-02
1.061168462038040161e-01
4.310526549816131592e-01
-7.958353310823440552e-02
9.060314297676086426e-02
3.896584510803222656e-01
-8.488802611827850342e-02
