2.437151223421096802e-01
7.653177380561828613e-01
6.090070883146836422e-07
3.187123537063598633e-01
7.176250815391540527e-01
-3.191049769520759583e-02
3.823113143444061279e-01
6.452134847640991211e-01
-4.800412058830261230e-02
4.251514077186584473e-01
5.838109254837036133e-01
-6.186641007661819458e-02
4.575173556804656982e-01
5.358070135116577148e-01
-7.581025362014770508e-02
3.145403265953063965e-01
5.130634903907775879e-01
-3.463589772582054138e-02
3.425301015377044678e-01
4.136226773262023926e-01
-5.725782364606857300e-02
3.549911379814147949e-01
3.521995246410369873e-01
-7.492865622043609619e-02
3.625544309616088867e-01
3.002043664455413818e-01
-8.687626570463180542e-02
2.628360390663146973e-01
4.952631890773773193e-01
-3.620854392647743225e-02
2.769492864608764648e-01
3.753831088542938232e-01
-5.286368727684020996e-02
2.828083336353302002e-01
3.023405075073242188e-01
-6.675232201814651489e-02
2.858800888061523438e-01
2.453459501266479492e-01
-7.678996771574020386e-02
2.122753113508224487e-01
5.053778290748596191e-01
-4.145072773098945618e-02
2.082306891679763794e-01
3.941022455692291260e-01
-5.970002338290214539e-02
2.063699066638946533e-01
3.269551992416381836e-01
-7.485113292932510376e-02
2.074774950742721558e-01
2.722150981426239014e-01
-8.564239740371704102e-02
1.648284494876861572e-01
5.418858528137207031e-01
-4.939070343971252441e-02
1.292027235031127930e-01
4.744866788387298584e-01
-6.877060979604721069e-02
1.068916618824005127e-01
4.298526346683502197e-01
-7.751561701297760010e-02
9.068553149700164795e-02
3.887100815773010254e-01
-8.225259184837341309e-02
