2.553833127021789551e-01
7.611783146858215332e-01
6.227469384612049907e-07
3.308050632476806641e-01
7.200518846511840820e-01
-3.244506567716598511e-02
3.976441025733947754e-01
6.537526249885559082e-01
-4.937669262290000916e-02
4.419846534729003906e-01
5.935418605804443359e-01
-6.404998898506164551e-02
4.777885079383850098e-01
5.462716817855834961e-01
-7.916858792304992676e-02
3.310766816139221191e-01
5.182157158851623535e-01
-3.584068268537521362e-02
3.612773418426513672e-01
4.165470600128173828e-01
-5.806977301836013794e-02
3.729736804962158203e-01
3.532733023166656494e-01
-7.487538456916809082e-02
3.794473111629486084e-01
2.999780476093292236e-01
-8.636565506458282471e-02
2.788814008235931396e-01
4.976658225059509277e-01
-3.695042431354522705e-02
2.936390936374664307e-01
3.760151863098144531e-01
-5.351660400629043579e-02
3.004796802997589111e-01
3.013585209846496582e-01
-6.771250814199447632e-02
3.032686710357666016e-01
2.442226707935333252e-01
-7.808990776538848877e-02
2.276795208454132080e-01
5.060966610908508301e-01
-4.149835184216499329e-02
2.237253487110137939e-01
3.942764699459075928e-01
-5.963155627250671387e-02
2.239241153001785278e-01
3.277472257614135742e-01
-7.492140680551528931e-02
2.266411781311035156e-01
2.757928073406219482e-01
-8.590439707040786743e-02
1.796416938304901123e-01
5.395316481590270996e-01
-4.876112565398216248e-02
1.454488784074783325e-01
4.722329974174499512e-01
-6.894364207983016968e-02
1.235638856887817383e-01
4.271179139614105225e-01
-7.843343168497085571e-02
1.074541062116622925e-01
3.865086436271667480e-01
-8.352188020944595337e-02
