2.589716017246246338e-01
7.640794515609741211e-01
6.140743948890303727e-07
3.345709741115570068e-01
7.214052677154541016e-01
-3.234741836786270142e-02
4.004204869270324707e-01
6.529553532600402832e-01
-4.884149879217147827e-02
4.429465234279632568e-01
5.931732654571533203e-01
-6.297346949577331543e-02
4.787974655628204346e-01
5.460279583930969238e-01
-7.717821002006530762e-02
3.309146463871002197e-01
5.188515782356262207e-01
-3.563192486763000488e-02
3.613210022449493408e-01
4.193501472473144531e-01
-5.828151479363441467e-02
3.754128217697143555e-01
3.570619821548461914e-01
-7.558286190032958984e-02
3.840343654155731201e-01
3.043622970581054688e-01
-8.721637725830078125e-02
2.795536816120147705e-01
4.986514449119567871e-01
-3.686330467462539673e-02
2.952687740325927734e-01
3.768948316574096680e-01
-5.342097952961921692e-02
3.023913800716400146e-01
3.033073246479034424e-01
-6.688188016414642334e-02
3.061431944370269775e-01
2.462147176265716553e-01
-7.669831067323684692e-02
2.290886491537094116e-01
5.066227316856384277e-01
-4.170042276382446289e-02
2.255892753601074219e-01
3.941152989864349365e-01
-6.033969670534133911e-02
2.254368364810943604e-01
3.269518911838531494e-01
-7.540468871593475342e-02
2.275020778179168701e-01
2.734698057174682617e-01
-8.600579202175140381e-02
1.819185316562652588e-01
5.401768684387207031e-01
-4.918943345546722412e-02
1.455523520708084106e-01
4.707141816616058350e-01
-6.895854324102401733e-02
1.229849457740783691e-01
4.256699681282043457e-01
-7.783348113298416138e-02
1.057702153921127319e-01
3.856285214424133301e-01
-8.255665749311447144e-02
