2.719299495220184326e-01
7.644584774971008301e-01
5.984496738165034913e-07
3.491237759590148926e-01
7.216966152191162109e-01
-3.149443864822387695e-02
4.167706668376922607e-01
6.537101864814758301e-01
-4.802012443542480469e-02
4.622395634651184082e-01
5.939342379570007324e-01
-6.274782121181488037e-02
4.983826279640197754e-01
5.467107295989990234e-01
-7.804732024669647217e-02
3.514845073223114014e-01
5.163772702217102051e-01
-3.348306566476821899e-02
3.812456429004669189e-01
4.170482158660888672e-01
-5.619004741311073303e-02
3.947639167308807373e-01
3.560897409915924072e-01
-7.393126189708709717e-02
4.039419889450073242e-01
3.044643998146057129e-01
-8.619470149278640747e-02
2.991744577884674072e-01
4.949591159820556641e-01
-3.551436215639114380e-02
3.134895265102386475e-01
3.761484026908874512e-01
-5.245591700077056885e-02
3.215169906616210938e-01
3.022511601448059082e-01
-6.762357801198959351e-02
3.259414434432983398e-01
2.452529370784759521e-01
-7.888058573007583618e-02
2.479911148548126221e-01
5.033778548240661621e-01
-4.123567789793014526e-02
2.446684241294860840e-01
3.914003074169158936e-01
-6.022438406944274902e-02
2.458148747682571411e-01
3.237561285495758057e-01
-7.687289267778396606e-02
2.498700916767120361e-01
2.703905403614044189e-01
-8.887778222560882568e-02
2.006174921989440918e-01
5.377877354621887207e-01
-4.960929974913597107e-02
1.644512265920639038e-01
4.708987474441528320e-01
-7.105425000190734863e-02
1.413563042879104614e-01
4.252124428749084473e-01
-8.186311274766921997e-02
1.243941187858581543e-01
3.838921785354614258e-01
-8.793415874242782593e-02
