2.757193744182586670e-01
7.689796686172485352e-01
6.031480666024435777e-07
3.517049849033355713e-01
7.237623333930969238e-01
-3.123266808688640594e-02
4.172503948211669922e-01
6.533023118972778320e-01
-4.718773066997528076e-02
4.620578289031982422e-01
5.942897200584411621e-01
-6.124135479331016541e-02
4.977480769157409668e-01
5.467140078544616699e-01
-7.548301666975021362e-02
3.525120317935943604e-01
5.176385045051574707e-01
-3.344237804412841797e-02
3.831589221954345703e-01
4.187479615211486816e-01
-5.587852746248245239e-02
3.984114527702331543e-01
3.578297793865203857e-01
-7.311304658651351929e-02
4.087704420089721680e-01
3.063560426235198975e-01
-8.479026705026626587e-02
3.012349605560302734e-01
4.969859421253204346e-01
-3.562489897012710571e-02
3.170256912708282471e-01
3.761441409587860107e-01
-5.227231234312057495e-02
3.242661654949188232e-01
3.031801283359527588e-01
-6.593414396047592163e-02
3.284088075160980225e-01
2.469980418682098389e-01
-7.576840370893478394e-02
2.501154541969299316e-01
5.050756335258483887e-01
-4.158451408147811890e-02
2.469062805175781250e-01
3.916663527488708496e-01
-6.050424277782440186e-02
2.462767064571380615e-01
3.243904411792755127e-01
-7.604606449604034424e-02
2.483957707881927490e-01
2.703810036182403564e-01
-8.692235499620437622e-02
2.021460533142089844e-01
5.397617220878601074e-01
-5.013076588511466980e-02
1.641114801168441772e-01
4.700581431388854980e-01
-7.054619491100311279e-02
1.405113935470581055e-01
4.246683716773986816e-01
-7.995608448982238770e-02
1.228926330804824829e-01
3.838147521018981934e-01
-8.498933911323547363e-02
