2.906782627105712891e-01
7.737760543823242188e-01
5.957687108093523420e-07
3.685790896415710449e-01
7.316661477088928223e-01
-3.221394866704940796e-02
4.362543523311614990e-01
6.623482108116149902e-01
-4.850166290998458862e-02
4.830916225910186768e-01
6.022784113883972168e-01
-6.315293908119201660e-02
5.212743878364562988e-01
5.560165047645568848e-01
-7.827012240886688232e-02
3.741146624088287354e-01
5.191704034805297852e-01
-3.250236436724662781e-02
4.046082496643066406e-01
4.188428223133087158e-01
-5.545659735798835754e-02
4.190359711647033691e-01
3.586606979370117188e-01
-7.374636828899383545e-02
4.291000664234161377e-01
3.068092763423919678e-01
-8.655466139316558838e-02
3.217770159244537354e-01
4.974999129772186279e-01
-3.464096784591674805e-02
3.373143374919891357e-01
3.787921071052551270e-01
-5.217467620968818665e-02
3.462992012500762939e-01
3.047401905059814453e-01
-6.846464425325393677e-02
3.511583507061004639e-01
2.469417452812194824e-01
-8.067140728235244751e-02
2.703576087951660156e-01
5.056764483451843262e-01
-4.067704826593399048e-02
2.691539525985717773e-01
3.936448693275451660e-01
-6.047234311699867249e-02
2.700505256652832031e-01
3.263821303844451904e-01
-7.833414524793624878e-02
2.730155587196350098e-01
2.736583948135375977e-01
-9.112457185983657837e-02
2.221140563488006592e-01
5.397394299507141113e-01
-4.947536438703536987e-02
1.881915330886840820e-01
4.699921309947967529e-01
-7.173709571361541748e-02
1.658009439706802368e-01
4.237937927246093750e-01
-8.334249258041381836e-02
1.489718556404113770e-01
3.826890587806701660e-01
-8.997052907943725586e-02
