2.925149798393249512e-01
7.742707133293151855e-01
6.190434191921667662e-07
3.693487346172332764e-01
7.321437597274780273e-01
-3.233301639556884766e-02
4.354088902473449707e-01
6.614085435867309570e-01
-4.812991619110107422e-02
4.823329746723175049e-01
6.018710732460021973e-01
-6.174187734723091125e-02
5.203884840011596680e-01
5.544610023498535156e-01
-7.528670132160186768e-02
3.741538524627685547e-01
5.211986303329467773e-01
-3.355048969388008118e-02
4.070563316345214844e-01
4.209061861038208008e-01
-5.541073903441429138e-02
4.232016205787658691e-01
3.603143990039825439e-01
-7.208551466464996338e-02
4.339247643947601318e-01
3.089612424373626709e-01
-8.351825177669525146e-02
3.230732381343841553e-01
4.992201626300811768e-01
-3.493225201964378357e-02
3.407994508743286133e-01
3.782056570053100586e-01
-5.132805556058883667e-02
3.494386374950408936e-01
3.056988120079040527e-01
-6.491167098283767700e-02
3.543827831745147705e-01
2.496774792671203613e-01
-7.476881891489028931e-02
2.718301415443420410e-01
5.061029195785522461e-01
-4.024297744035720825e-02
2.705129981040954590e-01
3.933433890342712402e-01
-5.911646410822868347e-02
2.711006999015808105e-01
3.257980346679687500e-01
-7.519748061895370483e-02
2.736773192882537842e-01
2.710792422294616699e-01
-8.651343733072280884e-02
2.230845689773559570e-01
5.392241477966308594e-01
-4.821495339274406433e-02
1.876142919063568115e-01
4.683440327644348145e-01
-6.879490613937377930e-02
1.646102666854858398e-01
4.236353933811187744e-01
-7.860215753316879272e-02
1.469653844833374023e-01
3.831968605518341064e-01
-8.395624905824661255e-02
