2.622258663177490234e-01
7.504192590713500977e-01
5.555798452405724674e-07
3.338661491870880127e-01
7.196154594421386719e-01
-2.908966876566410065e-02
3.955089151859283447e-01
6.622633337974548340e-01
-4.209348186850547791e-02
4.362547099590301514e-01
6.058962345123291016e-01
-5.225650593638420105e-02
4.677112400531768799e-01
5.608530044555664062e-01
-6.179587170481681824e-02
3.484629988670349121e-01
5.391125082969665527e-01
-2.680444344878196716e-02
3.762438595294952393e-01
4.508687555789947510e-01
-4.295622184872627258e-02
3.883007764816284180e-01
3.968009352684020996e-01
-5.563694983720779419e-02
3.957365453243255615e-01
3.523308038711547852e-01
-6.448245048522949219e-02
3.038684427738189697e-01
5.182804465293884277e-01
-2.583958208560943604e-02
3.254443109035491943e-01
4.161223173141479492e-01
-3.842042759060859680e-02
3.338764607906341553e-01
3.515512943267822266e-01
-5.021735280752182007e-02
3.384598493576049805e-01
3.027793169021606445e-01
-5.840069800615310669e-02
2.584862411022186279e-01
5.222731828689575195e-01
-2.811412140727043152e-02
2.646294236183166504e-01
4.261814355850219727e-01
-4.299375414848327637e-02
2.699022591114044189e-01
3.691596686840057373e-01
-5.628819763660430908e-02
2.765004634857177734e-01
3.255125880241394043e-01
-6.550487130880355835e-02
2.144182920455932617e-01
5.477283596992492676e-01
-3.266350552439689636e-02
1.929841488599777222e-01
4.871465861797332764e-01
-4.920026287436485291e-02
1.788726001977920532e-01
4.468084275722503662e-01
-5.724802985787391663e-02
1.698733717203140259e-01
4.112157821655273438e-01
-6.131391972303390503e-02
