3.097926676273345947e-01
7.762810587882995605e-01
5.879613809156580828e-07
3.881862163543701172e-01
7.372555136680603027e-01
-3.176577389240264893e-02
4.578924775123596191e-01
6.695173978805541992e-01
-4.797647148370742798e-02
5.056281685829162598e-01
6.098450422286987305e-01
-6.238504499197006226e-02
5.446346998214721680e-01
5.635885596275329590e-01
-7.754255086183547974e-02
3.955367803573608398e-01
5.285281538963317871e-01
-3.534561023116111755e-02
4.280745387077331543e-01
4.302080571651458740e-01
-5.949852988123893738e-02
4.435490071773529053e-01
3.699242472648620605e-01
-7.826108485460281372e-02
4.543071389198303223e-01
3.181326389312744141e-01
-9.103367477655410767e-02
3.427633047103881836e-01
5.046316385269165039e-01
-3.794329240918159485e-02
3.612596988677978516e-01
3.860283792018890381e-01
-5.579508095979690552e-02
3.717364370822906494e-01
3.120079934597015381e-01
-7.158332318067550659e-02
3.777985572814941406e-01
2.542847394943237305e-01
-8.334970474243164062e-02
2.911000549793243408e-01
5.118871927261352539e-01
-4.416030645370483398e-02
2.919788956642150879e-01
3.996179401874542236e-01
-6.386344879865646362e-02
2.944001853466033936e-01
3.326132297515869141e-01
-8.081151545047760010e-02
2.989107370376586914e-01
2.796387374401092529e-01
-9.312383085489273071e-02
2.426130920648574829e-01
5.466510057449340820e-01
-5.305331572890281677e-02
2.081636190414428711e-01
4.768572747707366943e-01
-7.513137161731719971e-02
1.867578625679016113e-01
4.299069643020629883e-01
-8.595053106546401978e-02
1.714056581258773804e-01
3.878833651542663574e-01
-9.209481626749038696e-02
