3.122435510158538818e-01
7.816563248634338379e-01
6.169678385958832223e-07
3.909704685211181641e-01
7.405835986137390137e-01
-3.316368162631988525e-02
4.588617384433746338e-01
6.714123487472534180e-01
-4.976148530840873718e-02
5.064535140991210938e-01
6.116529703140258789e-01
-6.406429409980773926e-02
5.450653433799743652e-01
5.651471018791198730e-01
-7.840394973754882812e-02
3.940796852111816406e-01
5.291264653205871582e-01
-3.515179827809333801e-02
4.280241131782531738e-01
4.322592914104461670e-01
-5.845076590776443481e-02
4.461160600185394287e-01
3.728191554546356201e-01
-7.633643597364425659e-02
4.587803483009338379e-01
3.222393989562988281e-01
-8.847975730895996094e-02
3.429478108882904053e-01
5.061854124069213867e-01
-3.675875440239906311e-02
3.629923164844512939e-01
3.857470154762268066e-01
-5.406806990504264832e-02
3.730205595493316650e-01
3.132683038711547852e-01
-6.823957711458206177e-02
3.793238997459411621e-01
2.570230662822723389e-01
-7.854265719652175903e-02
2.917861342430114746e-01
5.131564140319824219e-01
-4.234005883336067200e-02
2.921268343925476074e-01
4.002609252929687500e-01
-6.192068383097648621e-02
2.940569818019866943e-01
3.324698209762573242e-01
-7.839266210794448853e-02
2.982552349567413330e-01
2.773980796337127686e-01
-9.001828730106353760e-02
2.433769404888153076e-01
5.474784970283508301e-01
-5.068715289235115051e-02
2.077956944704055786e-01
4.760492742061614990e-01
-7.187833636999130249e-02
1.853579431772232056e-01
4.290804862976074219e-01
-8.215770870447158813e-02
1.686028093099594116e-01
3.863576650619506836e-01
-8.793050050735473633e-02
