3.243342041969299316e-01
7.914072275161743164e-01
6.062862212274922058e-07
4.048999547958374023e-01
7.547504901885986328e-01
-3.259934857487678528e-02
4.753609001636505127e-01
6.874909400939941406e-01
-4.932267591357231140e-02
5.224037766456604004e-01
6.257152557373046875e-01
-6.419119238853454590e-02
5.607523918151855469e-01
5.768232941627502441e-01
-7.970165461301803589e-02
4.144324064254760742e-01
5.379533171653747559e-01
-3.572448715567588806e-02
4.489064216613769531e-01
4.382512867450714111e-01
-6.079543754458427429e-02
4.657356441020965576e-01
3.765375614166259766e-01
-8.038725703954696655e-02
4.778919219970703125e-01
3.226445317268371582e-01
-9.389401972293853760e-02
3.622667491436004639e-01
5.134243965148925781e-01
-3.847999870777130127e-02
3.835946321487426758e-01
3.943300247192382812e-01
-5.738402530550956726e-02
3.951177895069122314e-01
3.194414377212524414e-01
-7.367221266031265259e-02
4.027458131313323975e-01
2.590131163597106934e-01
-8.579490333795547485e-02
3.095811903476715088e-01
5.204043984413146973e-01
-4.511498659849166870e-02
3.132622838020324707e-01
4.042989015579223633e-01
-6.646877527236938477e-02
3.161210417747497559e-01
3.347062170505523682e-01
-8.395457267761230469e-02
3.214502930641174316e-01
2.783859074115753174e-01
-9.636858850717544556e-02
2.588624954223632812e-01
5.550301074981689453e-01
-5.445065349340438843e-02
2.263522595167160034e-01
4.818601608276367188e-01
-7.820310443639755249e-02
2.052892893552780151e-01
4.328591227531433105e-01
-8.969023823738098145e-02
1.900555193424224854e-01
3.882530331611633301e-01
-9.607017040252685547e-02
