3.240472674369812012e-01
7.928382158279418945e-01
6.338447064990759827e-07
4.036628901958465576e-01
7.545140385627746582e-01
-3.485175967216491699e-02
4.737555086612701416e-01
6.859425902366638184e-01
-5.193713307380676270e-02
5.234113931655883789e-01
6.251216530799865723e-01
-6.658295542001724243e-02
5.633729100227355957e-01
5.774506926536560059e-01
-8.112019300460815430e-02
4.141985774040222168e-01
5.359554290771484375e-01
-3.576550632715225220e-02
4.505170285701751709e-01
4.378548562526702881e-01
-5.933119356632232666e-02
4.684928953647613525e-01
3.771956861019134521e-01
-7.764674723148345947e-02
4.811669588088989258e-01
3.251851201057434082e-01
-9.041959047317504883e-02
3.633632361888885498e-01
5.126706957817077637e-01
-3.719587996602058411e-02
3.857942521572113037e-01
3.939536213874816895e-01
-5.576983839273452759e-02
3.971433043479919434e-01
3.202977776527404785e-01
-7.098034024238586426e-02
4.046170413494110107e-01
2.615322768688201904e-01
-8.198032528162002563e-02
3.113343715667724609e-01
5.195527076721191406e-01
-4.289193823933601379e-02
3.143664300441741943e-01
4.049082398414611816e-01
-6.463699042797088623e-02
3.162667751312255859e-01
3.348712325096130371e-01
-8.248344063758850098e-02
3.202520608901977539e-01
2.770617604255676270e-01
-9.479039907455444336e-02
2.607561647891998291e-01
5.535384416580200195e-01
-5.139909684658050537e-02
2.271034717559814453e-01
4.805292189121246338e-01
-7.527605444192886353e-02
2.046030163764953613e-01
4.324104487895965576e-01
-8.724123984575271606e-02
1.875622421503067017e-01
3.875458836555480957e-01
-9.390827268362045288e-02
