3.346159160137176514e-01
7.923452854156494141e-01
6.388938231793872546e-07
4.171532392501831055e-01
7.564758658409118652e-01
-3.431922197341918945e-02
4.895506501197814941e-01
6.882601380348205566e-01
-5.071055889129638672e-02
5.392258167266845703e-01
6.265206933021545410e-01
-6.470372527837753296e-02
5.806535482406616211e-01
5.812620520591735840e-01
-7.857524603605270386e-02
4.300832450389862061e-01
5.366244912147521973e-01
-3.420200571417808533e-02
4.666592180728912354e-01
4.372234940528869629e-01
-5.671272054314613342e-02
4.841459393501281738e-01
3.758783340454101562e-01
-7.410650700330734253e-02
4.967275261878967285e-01
3.239639997482299805e-01
-8.630350232124328613e-02
3.773973584175109863e-01
5.112437605857849121e-01
-3.539216890931129456e-02
3.996283113956451416e-01
3.923925161361694336e-01
-5.285642668604850769e-02
4.115876257419586182e-01
3.177501857280731201e-01
-6.770472228527069092e-02
4.196524620056152344e-01
2.591379880905151367e-01
-7.859111577272415161e-02
3.241725564002990723e-01
5.170815587043762207e-01
-4.077382013201713562e-02
3.274424672126770020e-01
4.039345979690551758e-01
-6.070218607783317566e-02
3.315268754959106445e-01
3.349201083183288574e-01
-7.805676758289337158e-02
3.382369875907897949e-01
2.788595855236053467e-01
-9.037877619266510010e-02
2.728895246982574463e-01
5.506893992424011230e-01
-4.913068190217018127e-02
2.408470213413238525e-01
4.795671701431274414e-01
-7.143186777830123901e-02
2.195684313774108887e-01
4.304273426532745361e-01
-8.326300233602523804e-02
2.044943720102310181e-01
3.843669891357421875e-01
-9.009836614131927490e-02
