3.360040187835693359e-01
7.924200296401977539e-01
6.347162866404687520e-07
4.175795316696166992e-01
7.573778629302978516e-01
-3.458822891116142273e-02
4.882768392562866211e-01
6.876938939094543457e-01
-5.044997856020927429e-02
5.391016006469726562e-01
6.259261369705200195e-01
-6.352104991674423218e-02
5.804716944694519043e-01
5.806245803833007812e-01
-7.627159357070922852e-02
4.282626807689666748e-01
5.360428690910339355e-01
-3.418411687016487122e-02
4.656664729118347168e-01
4.382662773132324219e-01
-5.556718632578849792e-02
4.848808050155639648e-01
3.787397146224975586e-01
-7.229027897119522095e-02
4.985560774803161621e-01
3.284341692924499512e-01
-8.395445346832275391e-02
3.766689598560333252e-01
5.116557478904724121e-01
-3.472672402858734131e-02
4.006477594375610352e-01
3.913317322731018066e-01
-5.085757002234458923e-02
4.136127233505249023e-01
3.181637525558471680e-01
-6.454193592071533203e-02
4.224811196327209473e-01
2.606555223464965820e-01
-7.455068081617355347e-02
3.244303166866302490e-01
5.179532766342163086e-01
-3.947200998663902283e-02
3.277254700660705566e-01
4.042214155197143555e-01
-5.910618230700492859e-02
3.310649394989013672e-01
3.353054821491241455e-01
-7.613138109445571899e-02
3.368541002273559570e-01
2.787724733352661133e-01
-8.801418542861938477e-02
2.736298441886901855e-01
5.519505143165588379e-01
-4.706501960754394531e-02
2.392292469739913940e-01
4.779004156589508057e-01
-6.908378750085830688e-02
2.174182981252670288e-01
4.293249547481536865e-01
-8.025964349508285522e-02
2.018976062536239624e-01
3.838561177253723145e-01
-8.657321333885192871e-02
