3.458380997180938721e-01
7.893028855323791504e-01
6.412727771021309309e-07
4.304203391075134277e-01
7.538410425186157227e-01
-3.290564194321632385e-02
5.037244558334350586e-01
6.868869662284851074e-01
-4.853602871298789978e-02
5.538690686225891113e-01
6.269987821578979492e-01
-6.200653314590454102e-02
5.937644839286804199e-01
5.823565721511840820e-01
-7.568430900573730469e-02
4.413373470306396484e-01
5.411244034767150879e-01
-3.447244316339492798e-02
4.785244762897491455e-01
4.395734071731567383e-01
-5.674530565738677979e-02
4.967537224292755127e-01
3.764430880546569824e-01
-7.350817322731018066e-02
5.102379918098449707e-01
3.239604234695434570e-01
-8.499626815319061279e-02
3.886716663837432861e-01
5.156159400939941406e-01
-3.573306277394294739e-02
4.115359783172607422e-01
3.941638171672821045e-01
-5.261765792965888977e-02
4.240114092826843262e-01
3.174906373023986816e-01
-6.706852465867996216e-02
4.327305555343627930e-01
2.577973306179046631e-01
-7.777701318264007568e-02
3.350223898887634277e-01
5.198956727981567383e-01
-4.088095203042030334e-02
3.384912610054016113e-01
4.039976000785827637e-01
-5.993080884218215942e-02
3.430844247341156006e-01
3.330630064010620117e-01
-7.719884067773818970e-02
3.501561880111694336e-01
2.765880823135375977e-01
-8.967543393373489380e-02
2.834714353084564209e-01
5.510162115097045898e-01
-4.881622269749641418e-02
2.506895065307617188e-01
4.788616299629211426e-01
-7.028061896562576294e-02
2.295655161142349243e-01
4.282661676406860352e-01
-8.190972357988357544e-02
2.146576046943664551e-01
3.817494213581085205e-01
-8.878551423549652100e-02
