3.456712961196899414e-01
7.940394282341003418e-01
6.378888883773470297e-07
4.286945760250091553e-01
7.583450078964233398e-01
-3.499770909547805786e-02
5.001345872879028320e-01
6.889291405677795410e-01
-5.123510956764221191e-02
5.515146851539611816e-01
6.268305778503417969e-01
-6.462226063013076782e-02
5.921027660369873047e-01
5.801749825477600098e-01
-7.798317819833755493e-02
4.406815171241760254e-01
5.416049957275390625e-01
-3.714635223150253296e-02
4.790361821651458740e-01
4.411860704421997070e-01
-5.994725972414016724e-02
4.987236261367797852e-01
3.787080645561218262e-01
-7.710116356611251831e-02
5.133068561553955078e-01
3.259463310241699219e-01
-8.889581263065338135e-02
3.891633749008178711e-01
5.157363414764404297e-01
-3.762843832373619080e-02
4.137789011001586914e-01
3.932609856128692627e-01
-5.496701598167419434e-02
4.271105825901031494e-01
3.180451691150665283e-01
-6.891679018735885620e-02
4.367766082286834717e-01
2.589561641216278076e-01
-7.913926243782043457e-02
3.365249335765838623e-01
5.200750231742858887e-01
-4.222452268004417419e-02
3.400539159774780273e-01
4.036359190940856934e-01
-6.266082078218460083e-02
3.437867760658264160e-01
3.323721289634704590e-01
-7.980048656463623047e-02
3.498692512512207031e-01
2.748581767082214355e-01
-9.182344377040863037e-02
2.854253351688385010e-01
5.517718195915222168e-01
-4.965085163712501526e-02
2.499597668647766113e-01
4.766469001770019531e-01
-7.222574204206466675e-02
2.278845608234405518e-01
4.261419475078582764e-01
-8.370640873908996582e-02
2.123566716909408569e-01
3.799152374267578125e-01
-9.029221534729003906e-02
