3.573985397815704346e-01
7.910614609718322754e-01
6.564119985341676511e-07
4.408428072929382324e-01
7.558792233467102051e-01
-3.435168415307998657e-02
5.146293640136718750e-01
6.902765035629272461e-01
-5.077746510505676270e-02
5.658210515975952148e-01
6.316889524459838867e-01
-6.500550359487533569e-02
6.056598424911499023e-01
5.866955518722534180e-01
-7.935436815023422241e-02
4.529544711112976074e-01
5.414246916770935059e-01
-3.540708497166633606e-02
4.912571310997009277e-01
4.407749176025390625e-01
-5.887955799698829651e-02
5.111258625984191895e-01
3.774333894252777100e-01
-7.686197012662887573e-02
5.261717438697814941e-01
3.243207633495330811e-01
-8.923722058534622192e-02
4.004146754741668701e-01
5.149658322334289551e-01
-3.668197989463806152e-02
4.236125051975250244e-01
3.944072127342224121e-01
-5.467446520924568176e-02
4.369333088397979736e-01
3.175787627696990967e-01
-6.986822932958602905e-02
4.463276863098144531e-01
2.572638392448425293e-01
-8.104395121335983276e-02
3.465632200241088867e-01
5.187585353851318359e-01
-4.211497679352760315e-02
3.512972891330718994e-01
4.021413922309875488e-01
-6.238126009702682495e-02
3.557534813880920410e-01
3.304240107536315918e-01
-8.003097772598266602e-02
3.626743853092193604e-01
2.725525200366973877e-01
-9.263746440410614014e-02
2.945986986160278320e-01
5.501982569694519043e-01
-5.050931498408317566e-02
2.624082267284393311e-01
4.770304262638092041e-01
-7.295999675989151001e-02
2.414614707231521606e-01
4.262231588363647461e-01
-8.472552150487899780e-02
2.269193232059478760e-01
3.792416453361511230e-01
-9.158062189817428589e-02
