3.594779670238494873e-01
7.927436828613281250e-01
6.548810915774083696e-07
4.419024586677551270e-01
7.570564746856689453e-01
-3.566265851259231567e-02
5.135214328765869141e-01
6.882470846176147461e-01
-5.256893113255500793e-02
5.649298429489135742e-01
6.275599002838134766e-01
-6.661281734704971313e-02
6.045393347740173340e-01
5.818079113960266113e-01
-8.070147037506103516e-02
4.527880847454071045e-01
5.423749685287475586e-01
-3.889456763863563538e-02
4.909848570823669434e-01
4.436898231506347656e-01
-6.311078369617462158e-02
5.120888352394104004e-01
3.814981579780578613e-01
-8.160264790058135986e-02
5.281072854995727539e-01
3.280802369117736816e-01
-9.424598515033721924e-02
4.010677933692932129e-01
5.157784819602966309e-01
-3.939773142337799072e-02
4.263423085212707520e-01
3.942465782165527344e-01
-5.763618275523185730e-02
4.403746426105499268e-01
3.181778192520141602e-01
-7.210860401391983032e-02
4.505666196346282959e-01
2.573465406894683838e-01
-8.268031477928161621e-02
3.478494584560394287e-01
5.197772979736328125e-01
-4.405547305941581726e-02
3.517099022865295410e-01
4.035979509353637695e-01
-6.509384512901306152e-02
3.552409410476684570e-01
3.317198157310485840e-01
-8.234379440546035767e-02
3.611360192298889160e-01
2.725403010845184326e-01
-9.443701058626174927e-02
2.960183024406433105e-01
5.516256690025329590e-01
-5.164725705981254578e-02
2.617310881614685059e-01
4.766049385070800781e-01
-7.452772557735443115e-02
2.398180067539215088e-01
4.266998767852783203e-01
-8.589430153369903564e-02
2.240990549325942993e-01
3.801097869873046875e-01
-9.243910759687423706e-02
