3.083561956882476807e-01
7.682464718818664551e-01
1.280063429476285819e-06
3.714219033718109131e-01
7.530210614204406738e-01
-6.252643465995788574e-02
3.911779522895812988e-01
6.959244012832641602e-01
-9.664909541606903076e-02
3.482124507427215576e-01
6.556642055511474609e-01
-1.254529058933258057e-01
3.047234416007995605e-01
6.131086349487304688e-01
-1.519917547702789307e-01
3.938224911689758301e-01
5.200032591819763184e-01
-6.250089406967163086e-02
4.369154870510101318e-01
4.114111363887786865e-01
-1.094588637351989746e-01
4.560756981372833252e-01
3.340198099613189697e-01
-1.387695372104644775e-01
4.682804346084594727e-01
2.725518941879272461e-01
-1.551554352045059204e-01
3.274750411510467529e-01
5.099756121635437012e-01
-6.014465913176536560e-02
3.149710595607757568e-01
3.769260942935943604e-01
-1.139477491378784180e-01
3.034523129463195801e-01
2.884968519210815430e-01
-1.458213329315185547e-01
2.960593104362487793e-01
2.111892104148864746e-01
-1.579849272966384888e-01
2.724151909351348877e-01
5.412142872810363770e-01
-6.349305063486099243e-02
2.491310536861419678e-01
5.016232728958129883e-01
-1.366115659475326538e-01
2.635646462440490723e-01
5.791152119636535645e-01
-1.516887694597244263e-01
2.799807786941528320e-01
6.277443766593933105e-01
-1.396882385015487671e-01
2.298356890678405762e-01
5.969027876853942871e-01
-7.014380395412445068e-02
2.157736867666244507e-01
5.844749212265014648e-01
-1.301808208227157593e-01
2.344213724136352539e-01
6.403505802154541016e-01
-1.333985328674316406e-01
2.555656433105468750e-01
6.767433881759643555e-01
-1.190950945019721985e-01
