3.100888431072235107e-01
7.978620529174804688e-01
1.133850673795677722e-06
3.707045614719390869e-01
7.651655077934265137e-01
-5.479987710714340210e-02
3.937283158302307129e-01
6.936649084091186523e-01
-8.287774771451950073e-02
3.501226603984832764e-01
6.531179547309875488e-01
-1.083412915468215942e-01
3.011925518512725830e-01
6.124162077903747559e-01
-1.313192844390869141e-01
3.930380046367645264e-01
5.173360705375671387e-01
-4.423674568533897400e-02
4.361166954040527344e-01
4.081684947013854980e-01
-8.504941314458847046e-02
4.563544392585754395e-01
3.309916257858276367e-01
-1.106948629021644592e-01
4.686725139617919922e-01
2.702610790729522705e-01
-1.249174699187278748e-01
3.273006081581115723e-01
5.107847452163696289e-01
-4.503672942519187927e-02
3.123082816600799561e-01
3.730901479721069336e-01
-9.439068287611007690e-02
3.040360808372497559e-01
2.830464243888854980e-01
-1.243814304471015930e-01
2.982300817966461182e-01
2.059954404830932617e-01
-1.350918263196945190e-01
2.727577686309814453e-01
5.465555787086486816e-01
-5.171832069754600525e-02
2.510339915752410889e-01
5.133159756660461426e-01
-1.233012750744819641e-01
2.705493569374084473e-01
5.957921147346496582e-01
-1.393822431564331055e-01
2.875099778175354004e-01
6.480545401573181152e-01
-1.273190826177597046e-01
2.314334213733673096e-01
6.041551232337951660e-01
-6.127320230007171631e-02
2.208881676197052002e-01
5.938506126403808594e-01
-1.179882586002349854e-01
2.421458363533020020e-01
6.538750529289245605e-01
-1.204505190253257751e-01
2.626819908618927002e-01
6.927645802497863770e-01
-1.061351150274276733e-01
