3.181540369987487793e-01
8.503354191780090332e-01
9.367767006551730447e-07
3.795815408229827881e-01
8.023664951324462891e-01
-4.964225366711616516e-02
4.010493159294128418e-01
7.190595269203186035e-01
-7.218143343925476074e-02
3.613074719905853271e-01
6.684933900833129883e-01
-9.291253983974456787e-02
3.063127994537353516e-01
6.288621425628662109e-01
-1.106826961040496826e-01
4.013753235340118408e-01
5.396447777748107910e-01
-3.459668904542922974e-02
4.418293237686157227e-01
4.210161864757537842e-01
-6.983799487352371216e-02
4.634183049201965332e-01
3.457432985305786133e-01
-9.226882457733154297e-02
4.772327542304992676e-01
2.848582267761230469e-01
-1.041815802454948425e-01
3.378810584545135498e-01
5.289840698242187500e-01
-3.431297838687896729e-02
3.220170736312866211e-01
3.823415040969848633e-01
-7.283338904380798340e-02
3.136864304542541504e-01
2.959325015544891357e-01
-9.640113264322280884e-02
3.057489395141601562e-01
2.253693342208862305e-01
-1.047412231564521790e-01
2.842084169387817383e-01
5.613634586334228516e-01
-4.019098728895187378e-02
2.642953991889953613e-01
5.315545797348022461e-01
-9.568089246749877930e-02
2.805152535438537598e-01
6.028189063072204590e-01
-1.102431118488311768e-01
2.918627858161926270e-01
6.500206589698791504e-01
-1.014434322714805603e-01
2.434938400983810425e-01
6.156737208366394043e-01
-4.960493743419647217e-02
2.342240810394287109e-01
6.032986044883728027e-01
-8.947212249040603638e-02
2.519603371620178223e-01
6.508511900901794434e-01
-9.047215431928634644e-02
2.675048112869262695e-01
6.850122213363647461e-01
-7.919914275407791138e-02
