3.155206739902496338e-01
8.478574156761169434e-01
1.001669829747697804e-06
3.800655901432037354e-01
8.040420413017272949e-01
-5.016209557652473450e-02
4.043934643268585205e-01
7.248935103416442871e-01
-7.370230555534362793e-02
3.660312294960021973e-01
6.724184751510620117e-01
-9.531725943088531494e-02
3.093919754028320312e-01
6.332030296325683594e-01
-1.138345971703529358e-01
4.004880487918853760e-01
5.405123829841613770e-01
-3.796116262674331665e-02
4.413296580314636230e-01
4.182585477828979492e-01
-7.611535489559173584e-02
4.631924033164978027e-01
3.420342803001403809e-01
-9.901811927556991577e-02
4.754996895790100098e-01
2.804230451583862305e-01
-1.104465350508689880e-01
3.348667919635772705e-01
5.296021103858947754e-01
-3.873950988054275513e-02
3.173241615295410156e-01
3.780146837234497070e-01
-8.029899001121520996e-02
3.105881810188293457e-01
2.927072644233703613e-01
-1.032805517315864563e-01
3.027397394180297852e-01
2.227763533592224121e-01
-1.097527146339416504e-01
2.798583805561065674e-01
5.639276504516601562e-01
-4.576253518462181091e-02
2.617505788803100586e-01
5.424501895904541016e-01
-1.044572070240974426e-01
2.803397178649902344e-01
6.174800395965576172e-01
-1.167467311024665833e-01
2.934088408946990967e-01
6.619768142700195312e-01
-1.048485934734344482e-01
2.381337285041809082e-01
6.206156611442565918e-01
-5.618472397327423096e-02
2.320964336395263672e-01
6.155936717987060547e-01
-9.586578607559204102e-02
2.506964802742004395e-01
6.664924621582031250e-01
-9.323135763406753540e-02
2.657607793807983398e-01
7.000006437301635742e-01
-7.867076992988586426e-02
