3.310099840164184570e-01
8.478760719299316406e-01
9.255755912818131037e-07
3.928528130054473877e-01
7.957254648208618164e-01
-4.513946175575256348e-02
4.178137779235839844e-01
7.118173241615295410e-01
-6.539738923311233521e-02
3.737963736057281494e-01
6.669980883598327637e-01
-8.483043313026428223e-02
3.173052966594696045e-01
6.343767642974853516e-01
-1.019581854343414307e-01
4.152750968933105469e-01
5.411739945411682129e-01
-2.989283949136734009e-02
4.577743411064147949e-01
4.237207174301147461e-01
-6.567830592393875122e-02
4.805721044540405273e-01
3.488931655883789062e-01
-8.782122284173965454e-02
4.952513575553894043e-01
2.894977927207946777e-01
-9.929641336202621460e-02
3.527137339115142822e-01
5.314334034919738770e-01
-3.141221031546592712e-02
3.400920033454895020e-01
3.861327767372131348e-01
-7.061851024627685547e-02
3.329764604568481445e-01
3.004882335662841797e-01
-9.470261633396148682e-02
3.262975513935089111e-01
2.291825115680694580e-01
-1.033122166991233826e-01
3.008058667182922363e-01
5.642763972282409668e-01
-3.887431323528289795e-02
2.774091958999633789e-01
5.335341095924377441e-01
-9.448582679033279419e-02
2.896423041820526123e-01
6.018680334091186523e-01
-1.098846048116683960e-01
2.994824051856994629e-01
6.459994316101074219e-01
-1.018907055258750916e-01
2.610546946525573730e-01
6.189759969711303711e-01
-4.940431565046310425e-02
2.484776675701141357e-01
6.119009852409362793e-01
-8.945474028587341309e-02
2.627215385437011719e-01
6.591677665710449219e-01
-9.107322245836257935e-02
2.767306566238403320e-01
6.909008622169494629e-01
-8.041531592607498169e-02
