3.303852975368499756e-01
8.429228067398071289e-01
9.414728765477775596e-07
3.935233950614929199e-01
7.980048656463623047e-01
-4.493513330817222595e-02
4.233610033988952637e-01
7.174260020256042480e-01
-6.583994626998901367e-02
3.829925954341888428e-01
6.703693866729736328e-01
-8.611696958541870117e-02
3.245188593864440918e-01
6.371290087699890137e-01
-1.040434315800666809e-01
4.177181124687194824e-01
5.428467392921447754e-01
-3.066323511302471161e-02
4.573260247707366943e-01
4.236574172973632812e-01
-6.767896562814712524e-02
4.772725999355316162e-01
3.482164442539215088e-01
-9.036049991846084595e-02
4.892628788948059082e-01
2.872222661972045898e-01
-1.020989716053009033e-01
3.522485494613647461e-01
5.310533642768859863e-01
-3.394239023327827454e-02
3.353247344493865967e-01
3.823517858982086182e-01
-7.523367553949356079e-02
3.278633654117584229e-01
2.965356707572937012e-01
-9.971766173839569092e-02
3.215928077697753906e-01
2.251494526863098145e-01
-1.076691523194313049e-01
2.992179393768310547e-01
5.639548897743225098e-01
-4.305537045001983643e-02
2.789503931999206543e-01
5.353959798812866211e-01
-1.019128933548927307e-01
2.953058779239654541e-01
6.120300292968750000e-01
-1.151146292686462402e-01
3.086399734020233154e-01
6.590021848678588867e-01
-1.040934771299362183e-01
2.588996291160583496e-01
6.200773715972900391e-01
-5.497909337282180786e-02
2.485506832599639893e-01
6.122713685035705566e-01
-9.588740020990371704e-02
2.655237615108489990e-01
6.649574637413024902e-01
-9.380926936864852905e-02
2.817414700984954834e-01
7.004346847534179688e-01
-7.962173223495483398e-02
