3.374494016170501709e-01
8.447489738464355469e-01
9.294166716244944837e-07
4.004103541374206543e-01
8.046879768371582031e-01
-5.369622632861137390e-02
4.296867251396179199e-01
7.282295823097229004e-01
-7.765471190214157104e-02
3.937476277351379395e-01
6.742273569107055664e-01
-9.883666783571243286e-02
3.395262062549591064e-01
6.286779046058654785e-01
-1.167751774191856384e-01
4.296599030494689941e-01
5.407676100730895996e-01
-3.580086678266525269e-02
4.707385599613189697e-01
4.237822294235229492e-01
-7.117409259080886841e-02
4.930841922760009766e-01
3.495992124080657959e-01
-9.406425058841705322e-02
5.089117884635925293e-01
2.884870469570159912e-01
-1.069131493568420410e-01
3.688052892684936523e-01
5.286591649055480957e-01
-3.331062570214271545e-02
3.537771105766296387e-01
3.843788504600524902e-01
-7.061897963285446167e-02
3.467786908149719238e-01
2.999854683876037598e-01
-9.374924004077911377e-02
3.413681089878082275e-01
2.297323942184448242e-01
-1.027740836143493652e-01
3.183187544345855713e-01
5.619261860847473145e-01
-3.757684305310249329e-02
2.920843958854675293e-01
5.241466760635375977e-01
-9.310720115900039673e-02
3.041083514690399170e-01
5.920097827911376953e-01
-1.075730100274085999e-01
3.152004480361938477e-01
6.384594440460205078e-01
-9.961606562137603760e-02
2.802810668945312500e-01
6.180540323257446289e-01
-4.572188854217529297e-02
2.630525529384613037e-01
6.034958362579345703e-01
-8.820606023073196411e-02
2.772117555141448975e-01
6.507734656333923340e-01
-9.113290160894393921e-02
2.925370931625366211e-01
6.853912472724914551e-01
-8.141998946666717529e-02
