3.400188386440277100e-01
8.395057916641235352e-01
9.492429740021179896e-07
4.013837873935699463e-01
8.000019192695617676e-01
-5.397760495543479919e-02
4.290244877338409424e-01
7.234675288200378418e-01
-7.758409529924392700e-02
3.885118961334228516e-01
6.677206754684448242e-01
-9.810164570808410645e-02
3.322193026542663574e-01
6.214596629142761230e-01
-1.147657260298728943e-01
4.314353168010711670e-01
5.385408997535705566e-01
-3.492913022637367249e-02
4.720395803451538086e-01
4.180114865303039551e-01
-6.927833706140518188e-02
4.936658740043640137e-01
3.447354435920715332e-01
-9.022227674722671509e-02
5.066653490066528320e-01
2.848521173000335693e-01
-1.014916598796844482e-01
3.675131499767303467e-01
5.258669257164001465e-01
-3.263652324676513672e-02
3.497869372367858887e-01
3.776042461395263672e-01
-7.095458358526229858e-02
3.433398902416229248e-01
2.959582209587097168e-01
-9.403514862060546875e-02
3.379091024398803711e-01
2.274636328220367432e-01
-1.017170473933219910e-01
3.153967857360839844e-01
5.588025450706481934e-01
-3.715465217828750610e-02
2.928512096405029297e-01
5.335955023765563965e-01
-9.491789340972900391e-02
3.090038299560546875e-01
6.049383878707885742e-01
-1.103444844484329224e-01
3.228225111961364746e-01
6.466407775878906250e-01
-1.016022488474845886e-01
2.765549719333648682e-01
6.134034991264343262e-01
-4.529185965657234192e-02
2.641965448856353760e-01
6.060760617256164551e-01
-8.841624855995178223e-02
2.802245616912841797e-01
6.574177742004394531e-01
-9.083551168441772461e-02
2.967126965522766113e-01
6.909325122833251953e-01
-8.004128932952880859e-02
