3.533413112163543701e-01
8.409461975097656250e-01
8.679368193043046631e-07
4.168200492858886719e-01
7.974388599395751953e-01
-4.599253460764884949e-02
4.449598193168640137e-01
7.179055213928222656e-01
-6.635496020317077637e-02
4.108009934425354004e-01
6.677250862121582031e-01
-8.567976951599121094e-02
3.593811988830566406e-01
6.267960071563720703e-01
-1.022173017263412476e-01
4.447339177131652832e-01
5.386776328086853027e-01
-2.905545383691787720e-02
4.849888086318969727e-01
4.222376942634582520e-01
-6.238884851336479187e-02
5.072634816169738770e-01
3.499067127704620361e-01
-8.360948413610458374e-02
5.223644971847534180e-01
2.909487187862396240e-01
-9.527815133333206177e-02
3.844213485717773438e-01
5.270524024963378906e-01
-3.016893938183784485e-02
3.705859482288360596e-01
3.831619918346405029e-01
-6.578238308429718018e-02
3.645510673522949219e-01
2.992382645606994629e-01
-8.833181858062744141e-02
3.588678538799285889e-01
2.312234640121459961e-01
-9.708233922719955444e-02
3.338079750537872314e-01
5.603451132774353027e-01
-3.735043853521347046e-02
3.087582886219024658e-01
5.260455608367919922e-01
-8.994373679161071777e-02
3.218443989753723145e-01
5.927992463111877441e-01
-1.042518541216850281e-01
3.326998054981231689e-01
6.377085447311401367e-01
-9.700411558151245117e-02
2.946314215660095215e-01
6.174023151397705078e-01
-4.792905598878860474e-02
2.780664265155792236e-01
6.078337430953979492e-01
-8.714007586240768433e-02
2.917219102382659912e-01
6.544541716575622559e-01
-8.906599134206771851e-02
3.059580922126770020e-01
6.881048679351806641e-01
-7.938776910305023193e-02
