3.558863103389739990e-01
8.347494602203369141e-01
8.916325668906210922e-07
4.185136556625366211e-01
7.949067354202270508e-01
-4.665118828415870667e-02
4.486584365367889404e-01
7.164536714553833008e-01
-6.747587770223617554e-02
4.148704409599304199e-01
6.654583215713500977e-01
-8.692242950201034546e-02
3.600078821182250977e-01
6.260960698127746582e-01
-1.032126545906066895e-01
4.464660584926605225e-01
5.361275076866149902e-01
-3.054812736809253693e-02
4.859546422958374023e-01
4.174397587776184082e-01
-6.387191265821456909e-02
5.078400969505310059e-01
3.463913202285766602e-01
-8.429697155952453613e-02
5.215585231781005859e-01
2.885173261165618896e-01
-9.526585042476654053e-02
3.837730586528778076e-01
5.239934921264648438e-01
-3.191370517015457153e-02
3.663112521171569824e-01
3.778541684150695801e-01
-6.869211047887802124e-02
3.609796166419982910e-01
2.953075766563415527e-01
-9.111551195383071899e-02
3.558722734451293945e-01
2.285321354866027832e-01
-9.886639565229415894e-02
3.321634531021118164e-01
5.572122335433959961e-01
-3.933798894286155701e-02
3.123278617858886719e-01
5.306501984596252441e-01
-9.380953013896942139e-02
3.292457461357116699e-01
6.009247899055480957e-01
-1.080681979656219482e-01
3.412384986877441406e-01
6.451322436332702637e-01
-9.972661733627319336e-02
2.934519052505493164e-01
6.140033602714538574e-01
-5.003781616687774658e-02
2.833175063133239746e-01
6.124972105026245117e-01
-9.006916731595993042e-02
2.977357506752014160e-01
6.618803739547729492e-01
-9.161601215600967407e-02
3.100660443305969238e-01
6.953974962234497070e-01
-8.106093853712081909e-02
