3.550558686256408691e-01
8.350982666015625000e-01
9.182389817397051957e-07
4.172743558883666992e-01
7.922031283378601074e-01
-4.634787142276763916e-02
4.478720426559448242e-01
7.100553512573242188e-01
-6.606411188840866089e-02
4.075328409671783447e-01
6.584365367889404297e-01
-8.424973487854003906e-02
3.507141768932342529e-01
6.190634965896606445e-01
-9.948549419641494751e-02
4.453774094581604004e-01
5.363268256187438965e-01
-2.903496287763118744e-02
4.861432611942291260e-01
4.192151427268981934e-01
-6.272535771131515503e-02
5.079517364501953125e-01
3.471111059188842773e-01
-8.317254483699798584e-02
5.212928056716918945e-01
2.893689870834350586e-01
-9.405325353145599365e-02
3.815900683403015137e-01
5.244221091270446777e-01
-3.073171898722648621e-02
3.656860888004302979e-01
3.782478570938110352e-01
-6.872646510601043701e-02
3.611436188220977783e-01
2.951063513755798340e-01
-9.180581569671630859e-02
3.563034534454345703e-01
2.274842262268066406e-01
-9.951401501893997192e-02
3.295874297618865967e-01
5.581048130989074707e-01
-3.858542814850807190e-02
3.113156557083129883e-01
5.299381017684936523e-01
-9.514532238245010376e-02
3.279295563697814941e-01
6.025505661964416504e-01
-1.098353639245033264e-01
3.393745720386505127e-01
6.462846994400024414e-01
-1.009361669421195984e-01
2.905025184154510498e-01
6.150324344635009766e-01
-4.941918700933456421e-02
2.828861474990844727e-01
6.130683422088623047e-01
-9.064753353595733643e-02
2.969003319740295410e-01
6.632978320121765137e-01
-9.197688102722167969e-02
3.084418177604675293e-01
6.954355239868164062e-01
-8.087476342916488647e-02
