3.735569715499877930e-01
8.385534286499023438e-01
8.419479513577243779e-07
4.385653734207153320e-01
7.874748110771179199e-01
-3.623525798320770264e-02
4.651724696159362793e-01
7.029250860214233398e-01
-5.267931148409843445e-02
4.274924695491790771e-01
6.599854230880737305e-01
-7.037892192602157593e-02
3.727037310600280762e-01
6.366656422615051270e-01
-8.651502430438995361e-02
4.594247937202453613e-01
5.384662747383117676e-01
-2.076083607971668243e-02
5.016564726829528809e-01
4.265539646148681641e-01
-5.308224260807037354e-02
5.237902402877807617e-01
3.546788096427917480e-01
-7.435198873281478882e-02
5.388270616531372070e-01
2.975335717201232910e-01
-8.668435364961624146e-02
3.995577692985534668e-01
5.307012796401977539e-01
-2.698646858334541321e-02
3.871383070945739746e-01
3.875615596771240234e-01
-6.215831264853477478e-02
3.819422423839569092e-01
3.041336238384246826e-01
-8.539295196533203125e-02
3.764489591121673584e-01
2.374523878097534180e-01
-9.531672298908233643e-02
3.495903909206390381e-01
5.659857392311096191e-01
-3.848665580153465271e-02
3.282821774482727051e-01
5.205400586128234863e-01
-9.034934639930725098e-02
3.442135751247406006e-01
5.868109464645385742e-01
-1.045641526579856873e-01
3.558415770530700684e-01
6.344967484474182129e-01
-9.782243520021438599e-02
3.118230700492858887e-01
6.257215738296508789e-01
-5.252011492848396301e-02
2.990364432334899902e-01
6.142016649246215820e-01
-9.120120853185653687e-02
3.138397336006164551e-01
6.582980751991271973e-01
-9.300941228866577148e-02
3.271360993385314941e-01
6.913460493087768555e-01
-8.379866182804107666e-02
