3.069315552711486816e-01
8.182789087295532227e-01
1.092332468033418991e-06
3.696638345718383789e-01
7.781199812889099121e-01
-5.277545750141143799e-02
3.916022181510925293e-01
7.023463845252990723e-01
-7.963258028030395508e-02
3.521358072757720947e-01
6.565451622009277344e-01
-1.048335805535316467e-01
2.983444929122924805e-01
6.161513924598693848e-01
-1.275751888751983643e-01
3.870210647583007812e-01
5.228540301322937012e-01
-4.067629203200340271e-02
4.291355609893798828e-01
4.114544391632080078e-01
-8.217629045248031616e-02
4.506514072418212891e-01
3.344674110412597656e-01
-1.088127866387367249e-01
4.646780192852020264e-01
2.716875970363616943e-01
-1.237740293145179749e-01
3.229515850543975830e-01
5.154192447662353516e-01
-4.267054796218872070e-02
3.073786497116088867e-01
3.744229972362518311e-01
-9.010451287031173706e-02
2.993814945220947266e-01
2.853034734725952148e-01
-1.185562759637832642e-01
2.927556335926055908e-01
2.068929970264434814e-01
-1.291356086730957031e-01
2.689900398254394531e-01
5.529470443725585938e-01
-5.094180628657341003e-02
2.443274855613708496e-01
5.202477574348449707e-01
-1.181592866778373718e-01
2.652218341827392578e-01
6.011390686035156250e-01
-1.323226094245910645e-01
2.837962806224822998e-01
6.487187147140502930e-01
-1.206455752253532410e-01
2.278584539890289307e-01
6.133366823196411133e-01
-6.237979605793952942e-02
2.151503711938858032e-01
6.046903133392333984e-01
-1.127319559454917908e-01
2.367685735225677490e-01
6.602711677551269531e-01
-1.130625680088996887e-01
2.580452561378479004e-01
6.941638588905334473e-01
-9.920180588960647583e-02
