3.690823018550872803e-01
8.384210467338562012e-01
9.075242246581183281e-07
4.332580268383026123e-01
7.943739891052246094e-01
-4.116966202855110168e-02
4.647249579429626465e-01
7.129844427108764648e-01
-5.950104817748069763e-02
4.272133111953735352e-01
6.649269461631774902e-01
-7.781370729207992554e-02
3.712323606014251709e-01
6.286935806274414062e-01
-9.375368803739547729e-02
4.600620865821838379e-01
5.391322970390319824e-01
-2.312205359339714050e-02
5.014850497245788574e-01
4.261386394500732422e-01
-5.571549758315086365e-02
5.232760310173034668e-01
3.550375699996948242e-01
-7.744158804416656494e-02
5.374350547790527344e-01
2.974934279918670654e-01
-9.025128930807113647e-02
3.975636065006256104e-01
5.292241573333740234e-01
-2.800689637660980225e-02
3.836975097656250000e-01
3.841992616653442383e-01
-6.388827413320541382e-02
3.793208301067352295e-01
2.998964786529541016e-01
-8.819379657506942749e-02
3.741854429244995117e-01
2.322655916213989258e-01
-9.843815863132476807e-02
3.461834192276000977e-01
5.652321577072143555e-01
-3.873746097087860107e-02
3.305314183235168457e-01
5.206925272941589355e-01
-9.296735376119613647e-02
3.489420413970947266e-01
5.893996357917785645e-01
-1.079121604561805725e-01
3.608353137969970703e-01
6.360877752304077148e-01
-1.009201556444168091e-01
3.071328103542327881e-01
6.255112290382385254e-01
-5.217336118221282959e-02
3.012583851814270020e-01
6.134477853775024414e-01
-9.332359582185745239e-02
3.166265189647674561e-01
6.580839753150939941e-01
-9.583531320095062256e-02
3.288639187812805176e-01
6.893866062164306641e-01
-8.653306961059570312e-02
