3.762814104557037354e-01
8.508279323577880859e-01
8.643395403851172887e-07
4.438966512680053711e-01
8.107372522354125977e-01
-4.130482301115989685e-02
4.739875495433807373e-01
7.343708276748657227e-01
-6.150732561945915222e-02
4.507491588592529297e-01
6.841199994087219238e-01
-8.253454416990280151e-02
4.027206599712371826e-01
6.426804661750793457e-01
-1.010143235325813293e-01
4.727983176708221436e-01
5.462109446525573730e-01
-2.381390333175659180e-02
5.145002007484436035e-01
4.351365566253662109e-01
-5.947747826576232910e-02
5.389361381530761719e-01
3.636326193809509277e-01
-8.410999923944473267e-02
5.562732815742492676e-01
3.051859438419342041e-01
-9.882196784019470215e-02
4.123024642467498779e-01
5.374907255172729492e-01
-2.901362814009189606e-02
4.022524356842041016e-01
3.958970308303833008e-01
-6.721051782369613647e-02
3.998750746250152588e-01
3.111863136291503906e-01
-9.227278083562850952e-02
3.967488408088684082e-01
2.416697144508361816e-01
-1.033757552504539490e-01
3.600701391696929932e-01
5.743674039840698242e-01
-4.012398421764373779e-02
3.449517488479614258e-01
5.227330923080444336e-01
-9.608709067106246948e-02
3.625384867191314697e-01
5.946515202522277832e-01
-1.091425567865371704e-01
3.751359581947326660e-01
6.463449001312255859e-01
-1.009002551436424255e-01
3.206570148468017578e-01
6.381825804710388184e-01
-5.419176444411277771e-02
3.122440874576568604e-01
6.244791150093078613e-01
-9.740579873323440552e-02
3.288657665252685547e-01
6.709879040718078613e-01
-9.943568706512451172e-02
3.436820209026336670e-01
7.054787874221801758e-01
-8.944536745548248291e-02
