3.841449916362762451e-01
8.525611162185668945e-01
9.064407890946313273e-07
4.519209563732147217e-01
8.172299861907958984e-01
-4.610354080796241760e-02
4.847753942012786865e-01
7.416759729385375977e-01
-6.808696687221527100e-02
4.627473950386047363e-01
6.941596865653991699e-01
-9.028570353984832764e-02
4.149918258190155029e-01
6.537466049194335938e-01
-1.098134890198707581e-01
4.854174256324768066e-01
5.530722737312316895e-01
-2.683733589947223663e-02
5.262600183486938477e-01
4.397765398025512695e-01
-6.294278055429458618e-02
5.499498248100280762e-01
3.678028285503387451e-01
-8.744791895151138306e-02
5.668180584907531738e-01
3.066171407699584961e-01
-1.023899018764495850e-01
4.242857098579406738e-01
5.411736369132995605e-01
-3.074456565082073212e-02
4.122145175933837891e-01
3.984684944152832031e-01
-7.052385061979293823e-02
4.089496135711669922e-01
3.130842745304107666e-01
-9.608033299446105957e-02
4.056660830974578857e-01
2.422840297222137451e-01
-1.071395203471183777e-01
3.710204660892486572e-01
5.748692154884338379e-01
-4.118510335683822632e-02
3.543215692043304443e-01
5.303947925567626953e-01
-1.001499667763710022e-01
3.733084499835968018e-01
6.082320809364318848e-01
-1.147493571043014526e-01
3.873901665210723877e-01
6.612227559089660645e-01
-1.067880690097808838e-01
3.302096426486968994e-01
6.346578001976013184e-01
-5.505739897489547729e-02
3.223195672035217285e-01
6.303744912147521973e-01
-1.012439131736755371e-01
3.398123383522033691e-01
6.841888427734375000e-01
-1.053641214966773987e-01
3.552426695823669434e-01
7.205367088317871094e-01
-9.665401279926300049e-02
