3.828851282596588135e-01
8.519493937492370605e-01
9.422117273061303422e-07
4.477196037769317627e-01
8.203349113464355469e-01
-5.102153122425079346e-02
4.817767441272735596e-01
7.488008141517639160e-01
-7.529141753911972046e-02
4.637047946453094482e-01
7.001770734786987305e-01
-9.853656589984893799e-02
4.175756573677062988e-01
6.541354060173034668e-01
-1.180229261517524719e-01
4.855886399745941162e-01
5.494971871376037598e-01
-2.934244833886623383e-02
5.281170606613159180e-01
4.363007545471191406e-01
-6.428627669811248779e-02
5.513085722923278809e-01
3.653320074081420898e-01
-8.834326267242431641e-02
5.664684772491455078e-01
3.059314787387847900e-01
-1.033769994974136353e-01
4.241077303886413574e-01
5.375123023986816406e-01
-3.096724301576614380e-02
4.109083116054534912e-01
3.940298855304718018e-01
-7.020936906337738037e-02
4.080059528350830078e-01
3.101084232330322266e-01
-9.571189433336257935e-02
4.038516581058502197e-01
2.402114570140838623e-01
-1.068774610757827759e-01
3.704369664192199707e-01
5.726488232612609863e-01
-3.964492678642272949e-02
3.535067439079284668e-01
5.282973051071166992e-01
-9.808438271284103394e-02
3.735411167144775391e-01
6.015309691429138184e-01
-1.128385514020919800e-01
3.881215453147888184e-01
6.503816843032836914e-01
-1.052666082978248596e-01
3.300226926803588867e-01
6.334273219108581543e-01
-5.225887894630432129e-02
3.232811093330383301e-01
6.251378655433654785e-01
-9.794361889362335205e-02
3.408682644367218018e-01
6.743860244750976562e-01
-1.024611443281173706e-01
3.559543192386627197e-01
7.077468037605285645e-01
-9.425847977399826050e-02
