3.866057991981506348e-01
8.485764265060424805e-01
9.904020998874329962e-07
4.499636292457580566e-01
8.190713524818420410e-01
-5.504625290632247925e-02
4.829888939857482910e-01
7.545605897903442383e-01
-8.281382173299789429e-02
4.688961505889892578e-01
7.091879844665527344e-01
-1.092622578144073486e-01
4.290821552276611328e-01
6.592225432395935059e-01
-1.316971927881240845e-01
4.887129664421081543e-01
5.495177507400512695e-01
-3.454937413334846497e-02
5.307104587554931641e-01
4.363039135932922363e-01
-7.151831686496734619e-02
5.535147786140441895e-01
3.650795817375183105e-01
-9.657686948776245117e-02
5.687081217765808105e-01
3.055503964424133301e-01
-1.124754622578620911e-01
4.281168878078460693e-01
5.378239750862121582e-01
-3.581835702061653137e-02
4.175294637680053711e-01
3.925229907035827637e-01
-7.666663825511932373e-02
4.151290357112884521e-01
3.075356483459472656e-01
-1.023656353354454041e-01
4.123672544956207275e-01
2.369788587093353271e-01
-1.139957904815673828e-01
3.742676675319671631e-01
5.742768049240112305e-01
-4.458427429199218750e-02
3.565400540828704834e-01
5.202097892761230469e-01
-1.063476502895355225e-01
3.744626641273498535e-01
5.970335006713867188e-01
-1.218300610780715942e-01
3.903646767139434814e-01
6.516469120979309082e-01
-1.145856156945228577e-01
3.326965570449829102e-01
6.383528709411621094e-01
-5.751477181911468506e-02
3.212604224681854248e-01
6.300938129425048828e-01
-1.086615025997161865e-01
3.398483395576477051e-01
6.817389726638793945e-01
-1.161279678344726562e-01
3.586284816265106201e-01
7.188841104507446289e-01
-1.094578951597213745e-01
