3.866573870182037354e-01
8.479782342910766602e-01
9.668134453022503294e-07
4.508338570594787598e-01
8.194311857223510742e-01
-5.481417477130889893e-02
4.847642779350280762e-01
7.527909278869628906e-01
-8.091123402118682861e-02
4.676931798458099365e-01
7.056168317794799805e-01
-1.052960678935050964e-01
4.259539842605590820e-01
6.570678949356079102e-01
-1.256335526704788208e-01
4.889738857746124268e-01
5.484640002250671387e-01
-3.341579064726829529e-02
5.307066440582275391e-01
4.363633096218109131e-01
-6.862094998359680176e-02
5.531260371208190918e-01
3.658855557441711426e-01
-9.250636398792266846e-02
5.680714249610900879e-01
3.068754076957702637e-01
-1.077553331851959229e-01
4.278768002986907959e-01
5.360463857650756836e-01
-3.402946889400482178e-02
4.169249534606933594e-01
3.923130035400390625e-01
-7.308030873537063599e-02
4.153090715408325195e-01
3.081762790679931641e-01
-9.793864935636520386e-02
4.131891131401062012e-01
2.388756871223449707e-01
-1.091103777289390564e-01
3.737092018127441406e-01
5.718824863433837891e-01
-4.213500767946243286e-02
3.563041388988494873e-01
5.232269763946533203e-01
-1.027472093701362610e-01
3.733619451522827148e-01
5.989380478858947754e-01
-1.188711449503898621e-01
3.874965608119964600e-01
6.519200801849365234e-01
-1.122059151530265808e-01
3.324128687381744385e-01
6.346219778060913086e-01
-5.438942089676856995e-02
3.225822448730468750e-01
6.313059329986572266e-01
-1.049211323261260986e-01
3.405113220214843750e-01
6.840848922729492188e-01
-1.129608899354934692e-01
3.573627173900604248e-01
7.208565473556518555e-01
-1.068214103579521179e-01
