3.895635306835174561e-01
8.513841629028320312e-01
9.322139362666348461e-07
4.582779109477996826e-01
8.191495537757873535e-01
-4.880918562412261963e-02
4.917725920677185059e-01
7.468596100807189941e-01
-7.198660820722579956e-02
4.726402163505554199e-01
7.001219987869262695e-01
-9.528756141662597656e-02
4.277225136756896973e-01
6.588176488876342773e-01
-1.154076680541038513e-01
4.917535483837127686e-01
5.517836213111877441e-01
-2.575485967099666595e-02
5.338736176490783691e-01
4.392901659011840820e-01
-6.175148114562034607e-02
5.575141906738281250e-01
3.680056929588317871e-01
-8.641477674245834351e-02
5.733681917190551758e-01
3.073451817035675049e-01
-1.019831821322441101e-01
4.318326115608215332e-01
5.390946865081787109e-01
-2.963691577315330505e-02
4.215865731239318848e-01
3.945774137973785400e-01
-7.068674266338348389e-02
4.188157618045806885e-01
3.090004324913024902e-01
-9.704830497503280640e-02
4.153917431831359863e-01
2.371202409267425537e-01
-1.087118312716484070e-01
3.787645399570465088e-01
5.733110308647155762e-01
-4.067980870604515076e-02
3.586295843124389648e-01
5.225328207015991211e-01
-1.029692515730857849e-01
3.778387010097503662e-01
6.053342819213867188e-01
-1.182353645563125610e-01
3.951648473739624023e-01
6.624530553817749023e-01
-1.100455150008201599e-01
3.370719552040100098e-01
6.353555321693420410e-01
-5.533341690897941589e-02
3.240168690681457520e-01
6.263414025306701660e-01
-1.052777692675590515e-01
3.418307304382324219e-01
6.820620894432067871e-01
-1.108350530266761780e-01
3.604434132575988770e-01
7.212746739387512207e-01
-1.027338802814483643e-01
