3.883058726787567139e-01
8.479523658752441406e-01
9.325792120762343984e-07
4.554787874221801758e-01
8.171447515487670898e-01
-4.887460917234420776e-02
4.902565479278564453e-01
7.464337348937988281e-01
-7.190903276205062866e-02
4.724285006523132324e-01
7.002664208412170410e-01
-9.482393413782119751e-02
4.279609918594360352e-01
6.582169532775878906e-01
-1.142831966280937195e-01
4.913505613803863525e-01
5.503620505332946777e-01
-2.689120359718799591e-02
5.339310169219970703e-01
4.377233982086181641e-01
-6.246428564190864563e-02
5.575134158134460449e-01
3.676226735115051270e-01
-8.661264181137084961e-02
5.727698206901550293e-01
3.076503872871398926e-01
-1.020320504903793335e-01
4.304575026035308838e-01
5.376459956169128418e-01
-3.077783994376659393e-02
4.204482734203338623e-01
3.941339254379272461e-01
-7.115411758422851562e-02
4.183435738086700439e-01
3.102935850620269775e-01
-9.730253368616104126e-02
4.149093329906463623e-01
2.394396662712097168e-01
-1.091533526778221130e-01
3.766111135482788086e-01
5.725733041763305664e-01
-4.179326072335243225e-02
3.585146665573120117e-01
5.244427323341369629e-01
-1.030535176396369934e-01
3.777163028717041016e-01
6.018916368484497070e-01
-1.188321262598037720e-01
3.941171765327453613e-01
6.551253199577331543e-01
-1.117182374000549316e-01
3.347617387771606445e-01
6.347763538360595703e-01
-5.653079599142074585e-02
3.251627087593078613e-01
6.316812038421630859e-01
-1.063717976212501526e-01
3.434815704822540283e-01
6.848224401473999023e-01
-1.131533235311508179e-01
3.613768815994262695e-01
7.212885618209838867e-01
-1.062667965888977051e-01
