3.875649869441986084e-01
8.540169596672058105e-01
1.032492946251295507e-06
4.491776823997497559e-01
8.258848190307617188e-01
-6.312469393014907837e-02
4.835414886474609375e-01
7.596414089202880859e-01
-9.383342415094375610e-02
4.674490094184875488e-01
7.065131068229675293e-01
-1.211731359362602234e-01
4.236085116863250732e-01
6.514769792556762695e-01
-1.441139876842498779e-01
4.904325604438781738e-01
5.517021417617797852e-01
-4.034813866019248962e-02
5.334406495094299316e-01
4.384623765945434570e-01
-7.872882485389709473e-02
5.559811592102050781e-01
3.671050667762756348e-01
-1.047950610518455505e-01
5.707595348358154297e-01
3.073495626449584961e-01
-1.211601272225379944e-01
4.293741285800933838e-01
5.400863289833068848e-01
-3.788625448942184448e-02
4.193899929523468018e-01
3.938539326190948486e-01
-7.978489249944686890e-02
4.177453517913818359e-01
3.083928525447845459e-01
-1.065888777375221252e-01
4.149213731288909912e-01
2.360518574714660645e-01
-1.184633672237396240e-01
3.746106028556823730e-01
5.773633718490600586e-01
-4.370201379060745239e-02
3.567259311676025391e-01
5.323417782783508301e-01
-1.065516248345375061e-01
3.716473877429962158e-01
6.000523567199707031e-01
-1.237070858478546143e-01
3.841372430324554443e-01
6.437044143676757812e-01
-1.173432245850563049e-01
3.331524729728698730e-01
6.406622529029846191e-01
-5.430795997381210327e-02
3.242326676845550537e-01
6.329821944236755371e-01
-1.056058481335639954e-01
3.403645455837249756e-01
6.811393499374389648e-01
-1.131676584482192993e-01
3.551085591316223145e-01
7.135059833526611328e-01
-1.064924076199531555e-01
