3.859418630599975586e-01
8.552607893943786621e-01
1.020188847178360447e-06
4.461089670658111572e-01
8.273481726646423340e-01
-6.348994374275207520e-02
4.801419377326965332e-01
7.619149684906005859e-01
-9.451047331094741821e-02
4.678072035312652588e-01
7.093696594238281250e-01
-1.220875382423400879e-01
4.263990223407745361e-01
6.533788442611694336e-01
-1.450370103120803833e-01
4.893172085285186768e-01
5.532491803169250488e-01
-4.072212055325508118e-02
5.330014824867248535e-01
4.390250742435455322e-01
-7.923595607280731201e-02
5.562148094177246094e-01
3.671349287033081055e-01
-1.052656844258308411e-01
5.714810490608215332e-01
3.076540231704711914e-01
-1.214247494935989380e-01
4.290287792682647705e-01
5.407506227493286133e-01
-3.767975792288780212e-02
4.190190434455871582e-01
3.929019272327423096e-01
-7.929176837205886841e-02
4.175577461719512939e-01
3.088907897472381592e-01
-1.049339771270751953e-01
4.151181578636169434e-01
2.377491295337677002e-01
-1.158794611692428589e-01
3.749623894691467285e-01
5.767176151275634766e-01
-4.303548485040664673e-02
3.568985462188720703e-01
5.320209860801696777e-01
-1.048020943999290466e-01
3.726916313171386719e-01
6.003877520561218262e-01
-1.205024346709251404e-01
3.864108324050903320e-01
6.447081565856933594e-01
-1.132691800594329834e-01
3.343922793865203857e-01
6.384667754173278809e-01
-5.337642505764961243e-02
3.251205682754516602e-01
6.299389004707336426e-01
-1.029153838753700256e-01
3.414419889450073242e-01
6.777905225753784180e-01
-1.093428954482078552e-01
3.567699193954467773e-01
7.101465463638305664e-01
-1.020966321229934692e-01
