3.073415458202362061e-01
8.285965323448181152e-01
1.044331270350085106e-06
3.722234070301055908e-01
7.860083580017089844e-01
-5.043314397335052490e-02
3.958942592144012451e-01
7.050222158432006836e-01
-7.473991066217422485e-02
3.566927909851074219e-01
6.544401645660400391e-01
-9.741351008415222168e-02
2.970924079418182373e-01
6.180230379104614258e-01
-1.175609380006790161e-01
3.880601227283477783e-01
5.250569581985473633e-01
-3.721825778484344482e-02
4.294189810752868652e-01
4.099285602569580078e-01
-7.619322836399078369e-02
4.512174129486083984e-01
3.342708945274353027e-01
-1.005747988820075989e-01
4.656180441379547119e-01
2.726069390773773193e-01
-1.136190518736839294e-01
3.230428695678710938e-01
5.144189000129699707e-01
-3.842148557305335999e-02
3.079739809036254883e-01
3.699656724929809570e-01
-8.232415467500686646e-02
2.993637323379516602e-01
2.819851338863372803e-01
-1.076449751853942871e-01
2.927259802818298340e-01
2.078903615474700928e-01
-1.159755885601043701e-01
2.691752910614013672e-01
5.485557317733764648e-01
-4.578263312578201294e-02
2.451609969139099121e-01
5.179752707481384277e-01
-1.084678471088409424e-01
2.636052072048187256e-01
5.968011021614074707e-01
-1.217031925916671753e-01
2.809148132801055908e-01
6.473041772842407227e-01
-1.099044084548950195e-01
2.277804315090179443e-01
6.057337522506713867e-01
-5.629663169384002686e-02
2.157587558031082153e-01
5.971722602844238281e-01
-1.023841649293899536e-01
2.371307909488677979e-01
6.515905857086181641e-01
-1.018578410148620605e-01
2.585919797420501709e-01
6.898753643035888672e-01
-8.776935189962387085e-02
