3.861762285232543945e-01
8.527525663375854492e-01
1.009432935461518355e-06
4.464820623397827148e-01
8.251885175704956055e-01
-6.272633373737335205e-02
4.807840883731842041e-01
7.607610821723937988e-01
-9.360206872224807739e-02
4.676715135574340820e-01
7.094056606292724609e-01
-1.212242245674133301e-01
4.259712696075439453e-01
6.547772884368896484e-01
-1.443705111742019653e-01
4.892964661121368408e-01
5.522335767745971680e-01
-4.118312895298004150e-02
5.332177877426147461e-01
4.384611248970031738e-01
-7.961033284664154053e-02
5.563947558403015137e-01
3.670661747455596924e-01
-1.055812761187553406e-01
5.717574954032897949e-01
3.075830042362213135e-01
-1.217847540974617004e-01
4.291548132896423340e-01
5.396922826766967773e-01
-3.863999992609024048e-02
4.192550182342529297e-01
3.922648429870605469e-01
-8.018171042203903198e-02
4.177258312702178955e-01
3.085451424121856689e-01
-1.059471592307090759e-01
4.151600003242492676e-01
2.379507422447204590e-01
-1.171689257025718689e-01
3.751559257507324219e-01
5.757315754890441895e-01
-4.430911689996719360e-02
3.565373420715332031e-01
5.306988358497619629e-01
-1.060973182320594788e-01
3.725117146968841553e-01
5.998247265815734863e-01
-1.219825446605682373e-01
3.862771987915039062e-01
6.452852487564086914e-01
-1.149892508983612061e-01
3.343291282653808594e-01
6.377505660057067871e-01
-5.485603958368301392e-02
3.244037032127380371e-01
6.288095712661743164e-01
-1.044586077332496643e-01
3.410524129867553711e-01
6.774283051490783691e-01
-1.108899712562561035e-01
3.567056655883789062e-01
7.112363576889038086e-01
-1.037200689315795898e-01
