3.805654048919677734e-01
8.585945367813110352e-01
9.734678769746096805e-07
4.397695362567901611e-01
8.292329311370849609e-01
-5.561061576008796692e-02
4.729936718940734863e-01
7.616342902183532715e-01
-8.347343653440475464e-02
4.612212777137756348e-01
7.106736302375793457e-01
-1.099123060703277588e-01
4.206064641475677490e-01
6.570064425468444824e-01
-1.323537677526473999e-01
4.816003143787384033e-01
5.515053868293762207e-01
-3.524828329682350159e-02
5.264714956283569336e-01
4.346314370632171631e-01
-7.252776622772216797e-02
5.505474805831909180e-01
3.626094460487365723e-01
-9.803421050310134888e-02
5.662200450897216797e-01
3.041633665561676025e-01
-1.136966571211814880e-01
4.207365512847900391e-01
5.422818064689636230e-01
-3.609165549278259277e-02
4.128022193908691406e-01
3.955314159393310547e-01
-7.660558074712753296e-02
4.109674394130706787e-01
3.093287050724029541e-01
-1.036148965358734131e-01
4.081763923168182373e-01
2.367792427539825439e-01
-1.163090988993644714e-01
3.660733103752136230e-01
5.803583264350891113e-01
-4.440557584166526794e-02
3.524933159351348877e-01
5.249340534210205078e-01
-1.036059185862541199e-01
3.674995303153991699e-01
5.945459604263305664e-01
-1.192522794008255005e-01
3.798434138298034668e-01
6.431139707565307617e-01
-1.127234101295471191e-01
3.234487771987915039e-01
6.443878412246704102e-01
-5.704903975129127502e-02
3.159610629081726074e-01
6.236206293106079102e-01
-1.035682559013366699e-01
3.319013714790344238e-01
6.656507253646850586e-01
-1.089861989021301270e-01
3.473983407020568848e-01
6.954566836357116699e-01
-1.015854626893997192e-01
