3.777919411659240723e-01
8.507670164108276367e-01
9.673054819359094836e-07
4.418368041515350342e-01
8.229380846023559570e-01
-5.335020646452903748e-02
4.759378433227539062e-01
7.537680268287658691e-01
-7.854260504245758057e-02
4.606221318244934082e-01
7.056195735931396484e-01
-1.025636047124862671e-01
4.181817471981048584e-01
6.569782495498657227e-01
-1.227364540100097656e-01
4.830778241157531738e-01
5.487067699432373047e-01
-3.043975122272968292e-02
5.262082815170288086e-01
4.351246058940887451e-01
-6.672932207584381104e-02
5.501912832260131836e-01
3.642313778400421143e-01
-9.116052091121673584e-02
5.666443109512329102e-01
3.054982423782348633e-01
-1.060393974184989929e-01
4.223998188972473145e-01
5.361821651458740234e-01
-3.142473474144935608e-02
4.117465019226074219e-01
3.892422914505004883e-01
-7.138957083225250244e-02
4.097231924533843994e-01
3.052589595317840576e-01
-9.595130383968353271e-02
4.083777368068695068e-01
2.359969615936279297e-01
-1.060308441519737244e-01
3.693121969699859619e-01
5.715644359588623047e-01
-4.001061990857124329e-02
3.507480025291442871e-01
5.200499296188354492e-01
-1.003065109252929688e-01
3.662311136722564697e-01
5.971500277519226074e-01
-1.145548149943351746e-01
3.810915946960449219e-01
6.496852040290832520e-01
-1.057833582162857056e-01
3.285351097583770752e-01
6.332616806030273438e-01
-5.266885831952095032e-02
3.164426684379577637e-01
6.209636926651000977e-01
-1.004018783569335938e-01
3.315524458885192871e-01
6.729784011840820312e-01
-1.051131933927536011e-01
3.478238582611083984e-01
7.098201513290405273e-01
-9.636232256889343262e-02
