3.715102672576904297e-01
8.522459864616394043e-01
9.121368975684163161e-07
4.352411031723022461e-01
8.105449080467224121e-01
-4.242757707834243774e-02
4.695045948028564453e-01
7.289536595344543457e-01
-6.070131808519363403e-02
4.348542690277099609e-01
6.783679723739624023e-01
-7.937847077846527100e-02
3.809398114681243896e-01
6.351821422576904297e-01
-9.540238976478576660e-02
4.718626141548156738e-01
5.475918650627136230e-01
-2.348432503640651703e-02
5.162349939346313477e-01
4.289951920509338379e-01
-5.682145059108734131e-02
5.403262972831726074e-01
3.574197590351104736e-01
-7.790139317512512207e-02
5.554730892181396484e-01
2.985193133354187012e-01
-8.956806361675262451e-02
4.086251556873321533e-01
5.374389290809631348e-01
-2.861291170120239258e-02
3.996924161911010742e-01
3.911611437797546387e-01
-6.560746580362319946e-02
3.982875347137451172e-01
3.055928051471710205e-01
-8.998324722051620483e-02
3.958478569984436035e-01
2.348665595054626465e-01
-9.964514523744583130e-02
3.546253442764282227e-01
5.725969076156616211e-01
-3.998647257685661316e-02
3.398172557353973389e-01
5.412831902503967285e-01
-9.598926454782485962e-02
3.556684255599975586e-01
6.159939169883728027e-01
-1.116122454404830933e-01
3.671014904975891113e-01
6.609923243522644043e-01
-1.039562225341796875e-01
3.120060563087463379e-01
6.316940784454345703e-01
-5.425689369440078735e-02
3.062088191509246826e-01
6.261034607887268066e-01
-9.523721039295196533e-02
3.220123052597045898e-01
6.759092211723327637e-01
-9.713881462812423706e-02
3.359282016754150391e-01
7.070317268371582031e-01
-8.700137585401535034e-02
