3.558551371097564697e-01
8.559881448745727539e-01
9.899011956804315560e-07
4.151771962642669678e-01
8.198815584182739258e-01
-5.057697370648384094e-02
4.445698261260986328e-01
7.509946823120117188e-01
-7.510273158550262451e-02
4.281425178050994873e-01
6.998444199562072754e-01
-9.881145507097244263e-02
3.864150047302246094e-01
6.447555422782897949e-01
-1.191485226154327393e-01
4.544404149055480957e-01
5.479673147201538086e-01
-3.206697478890419006e-02
4.998794794082641602e-01
4.307213425636291504e-01
-6.905373930931091309e-02
5.235205292701721191e-01
3.578961491584777832e-01
-9.311418235301971436e-02
5.379190444946289062e-01
2.991419434547424316e-01
-1.062593758106231689e-01
3.917711973190307617e-01
5.383788943290710449e-01
-3.488247096538543701e-02
3.839170932769775391e-01
3.911637067794799805e-01
-7.479500025510787964e-02
3.822637200355529785e-01
3.044028878211975098e-01
-9.909556061029434204e-02
3.797468841075897217e-01
2.347712218761444092e-01
-1.077992469072341919e-01
3.362773060798645020e-01
5.753178000450134277e-01
-4.484337940812110901e-02
3.218462169170379639e-01
5.387088656425476074e-01
-1.039518266916275024e-01
3.380924165248870850e-01
6.151231527328491211e-01
-1.181541532278060913e-01
3.519597947597503662e-01
6.628513336181640625e-01
-1.085143536329269409e-01
2.939103841781616211e-01
6.363655924797058105e-01
-5.850009247660636902e-02
2.872881293296813965e-01
6.288360357284545898e-01
-1.029270365834236145e-01
3.042199611663818359e-01
6.798521280288696289e-01
-1.049410402774810791e-01
3.211457431316375732e-01
7.132915854454040527e-01
-9.369807690382003784e-02
