3.592769503593444824e-01
8.532419204711914062e-01
9.419351840733725112e-07
4.236196279525756836e-01
8.203589916229248047e-01
-4.941173642873764038e-02
4.550547003746032715e-01
7.500008940696716309e-01
-7.259339094161987305e-02
4.349115788936614990e-01
7.002322673797607422e-01
-9.459250420331954956e-02
3.866872191429138184e-01
6.563458442687988281e-01
-1.133303120732307434e-01
4.579647481441497803e-01
5.499169230461120605e-01
-3.245493397116661072e-02
5.005881786346435547e-01
4.321172833442687988e-01
-6.776839494705200195e-02
5.238305330276489258e-01
3.592942953109741211e-01
-9.037148207426071167e-02
5.387661457061767578e-01
2.997768223285675049e-01
-1.031134128570556641e-01
3.955169022083282471e-01
5.359750986099243164e-01
-3.384976461529731750e-02
3.845643699169158936e-01
3.877679705619812012e-01
-7.212229818105697632e-02
3.814517557621002197e-01
3.036464750766754150e-01
-9.461134672164916992e-02
3.788527548313140869e-01
2.367241978645324707e-01
-1.026691943407058716e-01
3.424044847488403320e-01
5.698464512825012207e-01
-4.192372784018516541e-02
3.239156007766723633e-01
5.273509621620178223e-01
-9.788295626640319824e-02
3.364525735378265381e-01
5.975332260131835938e-01
-1.109234765172004700e-01
3.480481505393981934e-01
6.443693041801452637e-01
-1.018305197358131409e-01
3.024874925613403320e-01
6.296986341476440430e-01
-5.375583097338676453e-02
2.940580844879150391e-01
6.179201006889343262e-01
-9.588825702667236328e-02
3.088220357894897461e-01
6.667658686637878418e-01
-9.762336313724517822e-02
3.240581452846527100e-01
7.035767436027526855e-01
-8.700798451900482178e-02
