3.411394953727722168e-01
8.577361106872558594e-01
9.713077133710612543e-07
4.055977761745452881e-01
8.147218227386474609e-01
-4.439291730523109436e-02
4.367341697216033936e-01
7.351490259170532227e-01
-6.471370905637741089e-02
4.053262472152709961e-01
6.806355118751525879e-01
-8.548399060964584351e-02
3.514625132083892822e-01
6.398030519485473633e-01
-1.039904803037643433e-01
4.412877857685089111e-01
5.496280789375305176e-01
-2.603804878890514374e-02
4.851557910442352295e-01
4.269732832908630371e-01
-6.240615993738174438e-02
5.081656575202941895e-01
3.507752418518066406e-01
-8.487172424793243408e-02
5.226470232009887695e-01
2.894008755683898926e-01
-9.611698240041732788e-02
3.777053952217102051e-01
5.403962731361389160e-01
-3.029832802712917328e-02
3.685006499290466309e-01
3.919697999954223633e-01
-7.120592892169952393e-02
3.656227588653564453e-01
3.015794157981872559e-01
-9.649907052516937256e-02
3.623117506504058838e-01
2.282305359840393066e-01
-1.048410460352897644e-01
3.225374519824981689e-01
5.761353373527526855e-01
-4.086071997880935669e-02
3.061679005622863770e-01
5.470979213714599609e-01
-1.012773811817169189e-01
3.214987516403198242e-01
6.249774098396301270e-01
-1.167028769850730896e-01
3.340791165828704834e-01
6.752675771713256836e-01
-1.059661135077476501e-01
2.795474827289581299e-01
6.348837018013000488e-01
-5.418215319514274597e-02
2.724225521087646484e-01
6.270414590835571289e-01
-9.676036238670349121e-02
2.874539196491241455e-01
6.789688467979431152e-01
-9.648463875055313110e-02
3.012659251689910889e-01
7.161606550216674805e-01
-8.276958018541336060e-02
