3.444428741931915283e-01
8.425935506820678711e-01
9.270636951441701967e-07
4.080994129180908203e-01
8.005902767181396484e-01
-4.329629242420196533e-02
4.388382136821746826e-01
7.227184772491455078e-01
-6.330485641956329346e-02
4.030010998249053955e-01
6.734944581985473633e-01
-8.309026807546615601e-02
3.476672768592834473e-01
6.381422281265258789e-01
-1.002808362245559692e-01
4.426682293415069580e-01
5.455039143562316895e-01
-2.906625904142856598e-02
4.843633770942687988e-01
4.241909980773925781e-01
-6.439293175935745239e-02
5.069726705551147461e-01
3.492014110088348389e-01
-8.578544855117797852e-02
5.209758281707763672e-01
2.886860966682434082e-01
-9.698245674371719360e-02
3.791007101535797119e-01
5.331022739410400391e-01
-3.293057158589363098e-02
3.666388094425201416e-01
3.849768638610839844e-01
-7.157229632139205933e-02
3.638109266757965088e-01
2.995815575122833252e-01
-9.522483497858047485e-02
3.612951040267944336e-01
2.301854789257049561e-01
-1.034185364842414856e-01
3.255192935466766357e-01
5.653336048126220703e-01
-4.258286207914352417e-02
3.089930117130279541e-01
5.397296547889709473e-01
-9.780729562044143677e-02
3.230357766151428223e-01
6.110358834266662598e-01
-1.121054440736770630e-01
3.336606621742248535e-01
6.555235385894775391e-01
-1.033080294728279114e-01
2.842993736267089844e-01
6.216083168983459473e-01
-5.529576167464256287e-02
2.763696908950805664e-01
6.230107545852661133e-01
-9.438081085681915283e-02
2.903469204902648926e-01
6.723723411560058594e-01
-9.479207545518875122e-02
3.026860654354095459e-01
7.053437232971191406e-01
-8.331937342882156372e-02
