3.288564085960388184e-01
8.527284860610961914e-01
9.845957720244769007e-07
3.919859826564788818e-01
8.114224076271057129e-01
-4.513295367360115051e-02
4.206299185752868652e-01
7.330611944198608398e-01
-6.695620715618133545e-02
3.891519904136657715e-01
6.795265078544616699e-01
-8.930396288633346558e-02
3.360550105571746826e-01
6.359622478485107422e-01
-1.092445775866508484e-01
4.218020737171173096e-01
5.447492003440856934e-01
-2.929162606596946716e-02
4.660951793193817139e-01
4.221875071525573730e-01
-6.735070794820785522e-02
4.887661635875701904e-01
3.468030393123626709e-01
-9.112968295812606812e-02
5.031446814537048340e-01
2.853432297706604004e-01
-1.035992428660392761e-01
3.583090305328369141e-01
5.355083942413330078e-01
-3.440204635262489319e-02
3.491402864456176758e-01
3.868154287338256836e-01
-7.713162899017333984e-02
3.455719947814941406e-01
2.986264228820800781e-01
-1.032707020640373230e-01
3.416570425033569336e-01
2.262924611568450928e-01
-1.123825758695602417e-01
3.037925958633422852e-01
5.722148418426513672e-01
-4.580027982592582703e-02
2.846093773841857910e-01
5.437575578689575195e-01
-1.065696403384208679e-01
3.027938008308410645e-01
6.222314834594726562e-01
-1.201921105384826660e-01
3.193001151084899902e-01
6.709484457969665527e-01
-1.089106127619743347e-01
2.613166570663452148e-01
6.331570148468017578e-01
-6.020108610391616821e-02
2.511145472526550293e-01
6.231155395507812500e-01
-1.017261743545532227e-01
2.680584490299224854e-01
6.731805205345153809e-01
-9.975647926330566406e-02
2.851908206939697266e-01
7.074530124664306641e-01
-8.557517826557159424e-02
