3.310059607028961182e-01
8.486131429672241211e-01
9.599585837349877693e-07
3.969357907772064209e-01
8.048516511917114258e-01
-4.590777680277824402e-02
4.276941716670989990e-01
7.252378463745117188e-01
-6.680508702993392944e-02
3.888766765594482422e-01
6.756250858306884766e-01
-8.694665879011154175e-02
3.328560590744018555e-01
6.355288028717041016e-01
-1.044596284627914429e-01
4.272699356079101562e-01
5.442386269569396973e-01
-3.050457686185836792e-02
4.680825173854827881e-01
4.223927259445190430e-01
-6.616583466529846191e-02
4.898791313171386719e-01
3.462881445884704590e-01
-8.832437545061111450e-02
5.037372112274169922e-01
2.848868370056152344e-01
-9.999393671751022339e-02
3.624183833599090576e-01
5.312497019767761230e-01
-3.320397436618804932e-02
3.502487540245056152e-01
3.810088634490966797e-01
-7.231275737285614014e-02
3.464547097682952881e-01
2.957670390605926514e-01
-9.632804989814758301e-02
3.425983488559722900e-01
2.265009284019470215e-01
-1.045771837234497070e-01
3.077236115932464600e-01
5.626156330108642578e-01
-4.204148799180984497e-02
2.905425429344177246e-01
5.329682826995849609e-01
-9.907238930463790894e-02
3.066476583480834961e-01
6.069104075431823730e-01
-1.134986132383346558e-01
3.181490898132324219e-01
6.535462737083435059e-01
-1.041923463344573975e-01
2.657592296600341797e-01
6.173512935638427734e-01
-5.398640036582946777e-02
2.592136561870574951e-01
6.098760366439819336e-01
-9.447334706783294678e-02
2.759369611740112305e-01
6.614012718200683594e-01
-9.442463517189025879e-02
2.900438010692596436e-01
6.966809034347534180e-01
-8.227170258760452271e-02
