3.059170544147491455e-01
8.459475636482238770e-01
1.044340820044453721e-06
3.704313635826110840e-01
7.968225479125976562e-01
-5.229222029447555542e-02
3.892166614532470703e-01
7.104787826538085938e-01
-7.666547596454620361e-02
3.457178473472595215e-01
6.571273803710937500e-01
-9.889683872461318970e-02
2.860615849494934082e-01
6.160832047462463379e-01
-1.180885434150695801e-01
3.843918442726135254e-01
5.272482037544250488e-01
-3.617466986179351807e-02
4.248777925968170166e-01
4.090321660041809082e-01
-7.347713410854339600e-02
4.456035494804382324e-01
3.308677077293395996e-01
-9.746519476175308228e-02
4.587112069129943848e-01
2.672742903232574463e-01
-1.106372028589248657e-01
3.195630311965942383e-01
5.177472233772277832e-01
-3.628450259566307068e-02
3.036767840385437012e-01
3.707358837127685547e-01
-7.767628878355026245e-02
2.951991558074951172e-01
2.810403406620025635e-01
-1.025147512555122375e-01
2.873345017433166504e-01
2.055740952491760254e-01
-1.112772226333618164e-01
2.660254240036010742e-01
5.542924404144287109e-01
-4.291747882962226868e-02
2.401392757892608643e-01
5.166509747505187988e-01
-1.029511913657188416e-01
2.597847282886505127e-01
5.929639339447021484e-01
-1.167069524526596069e-01
2.761786580085754395e-01
6.419595479965209961e-01
-1.061989441514015198e-01
2.251156419515609741e-01
6.138898730278015137e-01
-5.313045158982276917e-02
2.125119864940643311e-01
5.973658561706542969e-01
-9.769053012132644653e-02
2.340545356273651123e-01
6.474367380142211914e-01
-9.843949228525161743e-02
2.551611065864562988e-01
6.830496788024902344e-01
-8.591770380735397339e-02
