3.326351642608642578e-01
8.504534959793090820e-01
9.637495850256527774e-07
3.962334394454956055e-01
8.073747158050537109e-01
-4.769451543688774109e-02
4.269637465476989746e-01
7.267202138900756836e-01
-6.942859292030334473e-02
3.879572153091430664e-01
6.748835444450378418e-01
-9.012751281261444092e-02
3.321716189384460449e-01
6.333770751953125000e-01
-1.080188304185867310e-01
4.261633753776550293e-01
5.454355478286743164e-01
-3.252005949616432190e-02
4.680721759796142578e-01
4.206970334053039551e-01
-6.867132335901260376e-02
4.896886646747589111e-01
3.442600965499877930e-01
-9.080718457698822021e-02
5.031936764717102051e-01
2.829424142837524414e-01
-1.026232764124870300e-01
3.606772422790527344e-01
5.338783264160156250e-01
-3.517474979162216187e-02
3.485958278179168701e-01
3.817310333251953125e-01
-7.496183365583419800e-02
3.456138670444488525e-01
2.962008118629455566e-01
-9.933093190193176270e-02
3.427927792072296143e-01
2.254800796508789062e-01
-1.079038605093955994e-01
3.059460818767547607e-01
5.677281022071838379e-01
-4.413592442870140076e-02
2.889925241470336914e-01
5.363713502883911133e-01
-1.021312847733497620e-01
3.049432039260864258e-01
6.093629598617553711e-01
-1.166232898831367493e-01
3.179756700992584229e-01
6.523568630218505859e-01
-1.074287667870521545e-01
2.643040418624877930e-01
6.251383423805236816e-01
-5.627239868044853210e-02
2.564106881618499756e-01
6.176352500915527344e-01
-9.752562642097473145e-02
2.725548148155212402e-01
6.668898463249206543e-01
-9.743173420429229736e-02
2.873505055904388428e-01
6.992946267127990723e-01
-8.535189181566238403e-02
