3.169931471347808838e-01
8.522821068763732910e-01
1.013802830129861832e-06
3.783604502677917480e-01
8.059947490692138672e-01
-4.747978225350379944e-02
4.033224284648895264e-01
7.236068844795227051e-01
-6.837932765483856201e-02
3.638074398040771484e-01
6.678628325462341309e-01
-8.844695985317230225e-02
3.096871674060821533e-01
6.215803623199462891e-01
-1.061109304428100586e-01
4.082346558570861816e-01
5.417924523353576660e-01
-3.140781447291374207e-02
4.521914124488830566e-01
4.190939068794250488e-01
-6.729903817176818848e-02
4.731779694557189941e-01
3.405274152755737305e-01
-8.902727812528610229e-02
4.845257103443145752e-01
2.772211432456970215e-01
-9.981223195791244507e-02
3.434129357337951660e-01
5.327184796333312988e-01
-3.338203206658363342e-02
3.334723412990570068e-01
3.828239738941192627e-01
-7.336585968732833862e-02
3.304625451564788818e-01
2.923021912574768066e-01
-9.729910641908645630e-02
3.266670703887939453e-01
2.181772887706756592e-01
-1.047056242823600769e-01
2.883007824420928955e-01
5.691208839416503906e-01
-4.155112430453300476e-02
2.675833106040954590e-01
5.391558408737182617e-01
-1.013034731149673462e-01
2.849296629428863525e-01
6.182169318199157715e-01
-1.162933930754661560e-01
2.995688021183013916e-01
6.681520938873291016e-01
-1.056256517767906189e-01
2.460056096315383911e-01
6.276121139526367188e-01
-5.260695517063140869e-02
2.357750833034515381e-01
6.218304038047790527e-01
-9.684646129608154297e-02
2.529681324958801270e-01
6.758409738540649414e-01
-9.749621897935867310e-02
2.700216174125671387e-01
7.126874327659606934e-01
-8.408874273300170898e-02
