3.207672238349914551e-01
8.495652675628662109e-01
9.433499030819803011e-07
3.855252563953399658e-01
8.044475317001342773e-01
-4.286559298634529114e-02
4.115093946456909180e-01
7.235212922096252441e-01
-6.227026134729385376e-02
3.751043081283569336e-01
6.751106381416320801e-01
-8.158777654170989990e-02
3.206057250499725342e-01
6.374266743659973145e-01
-9.841751307249069214e-02
4.114882349967956543e-01
5.412518382072448730e-01
-2.833490073680877686e-02
4.532866179943084717e-01
4.196324050426483154e-01
-6.304430216550827026e-02
4.742823243141174316e-01
3.430238366127014160e-01
-8.427379280328750610e-02
4.866162538528442383e-01
2.815441191196441650e-01
-9.513980895280838013e-02
3.471911549568176270e-01
5.292216539382934570e-01
-3.212324902415275574e-02
3.344489336013793945e-01
3.775901794433593750e-01
-7.047136873006820679e-02
3.297773301601409912e-01
2.905899882316589355e-01
-9.326048195362091064e-02
3.242583870887756348e-01
2.210948169231414795e-01
-1.003704071044921875e-01
2.928707599639892578e-01
5.623313784599304199e-01
-4.172040894627571106e-02
2.743631601333618164e-01
5.302265882492065430e-01
-9.706589579582214355e-02
2.909109890460968018e-01
6.045621633529663086e-01
-1.102706864476203918e-01
3.026248216629028320e-01
6.523792147636413574e-01
-1.000228077173233032e-01
2.510074377059936523e-01
6.194305419921875000e-01
-5.424849316477775574e-02
2.435897290706634521e-01
6.118788123130798340e-01
-9.274967014789581299e-02
2.591336965560913086e-01
6.605449318885803223e-01
-9.176641702651977539e-02
2.723821103572845459e-01
6.942806243896484375e-01
-7.894451916217803955e-02
