3.045508861541748047e-01
8.570484519004821777e-01
1.017028921523888130e-06
3.657684624195098877e-01
8.076616525650024414e-01
-4.670453071594238281e-02
3.871482014656066895e-01
7.232826948165893555e-01
-6.809291243553161621e-02
3.490745127201080322e-01
6.666004657745361328e-01
-8.926866948604583740e-02
2.941682338714599609e-01
6.208559870719909668e-01
-1.079998612403869629e-01
3.942667841911315918e-01
5.401403903961181641e-01
-3.038092143833637238e-02
4.388841390609741211e-01
4.169057309627532959e-01
-6.714339554309844971e-02
4.603805541992187500e-01
3.382790684700012207e-01
-9.008552879095077515e-02
4.721208214759826660e-01
2.740126252174377441e-01
-1.019391641020774841e-01
3.304067254066467285e-01
5.316964387893676758e-01
-3.341082856059074402e-02
3.206495344638824463e-01
3.818681240081787109e-01
-7.353413105010986328e-02
3.177754878997802734e-01
2.904967367649078369e-01
-9.760447591543197632e-02
3.137619793415069580e-01
2.152839004993438721e-01
-1.055644601583480835e-01
2.756325900554656982e-01
5.699455142021179199e-01
-4.272780939936637878e-02
2.555718719959259033e-01
5.336036086082458496e-01
-1.019247099757194519e-01
2.729316353797912598e-01
6.120916604995727539e-01
-1.162157058715820312e-01
2.865964174270629883e-01
6.634601950645446777e-01
-1.056415215134620667e-01
2.334390878677368164e-01
6.311630010604858398e-01
-5.515715479850769043e-02
2.231690883636474609e-01
6.236321330070495605e-01
-9.894943982362747192e-02
2.401386797428131104e-01
6.762582659721374512e-01
-9.959769994020462036e-02
2.564322650432586670e-01
7.134732007980346680e-01
-8.659124374389648438e-02
