3.056888878345489502e-01
8.530822396278381348e-01
9.441992574465984944e-07
3.683200478553771973e-01
8.017013072967529297e-01
-4.219892621040344238e-02
3.917655348777770996e-01
7.183071374893188477e-01
-6.154211983084678650e-02
3.539015650749206543e-01
6.654769182205200195e-01
-8.103711158037185669e-02
3.003233969211578369e-01
6.247251033782958984e-01
-9.770481288433074951e-02
3.957793116569519043e-01
5.382220745086669922e-01
-2.591200359165668488e-02
4.376412630081176758e-01
4.157342314720153809e-01
-6.090570613741874695e-02
4.591877460479736328e-01
3.379990458488464355e-01
-8.282317966222763062e-02
4.715345501899719238e-01
2.751842737197875977e-01
-9.413567930459976196e-02
3.321433961391448975e-01
5.281520485877990723e-01
-3.016407229006290436e-02
3.203860819339752197e-01
3.776949644088745117e-01
-6.826476007699966431e-02
3.160237073898315430e-01
2.893210053443908691e-01
-9.093806892633438110e-02
3.114874958992004395e-01
2.161694169044494629e-01
-9.831748157739639282e-02
2.783223986625671387e-01
5.623008012771606445e-01
-4.041101783514022827e-02
2.605389952659606934e-01
5.281873941421508789e-01
-9.571363031864166260e-02
2.773335278034210205e-01
6.014655232429504395e-01
-1.085806265473365784e-01
2.892636656761169434e-01
6.486650705337524414e-01
-9.829937666654586792e-02
2.364648878574371338e-01
6.200256943702697754e-01
-5.367809906601905823e-02
2.290506958961486816e-01
6.098865270614624023e-01
-9.277548640966415405e-02
2.456901669502258301e-01
6.603764295578002930e-01
-9.175995737314224243e-02
2.600639164447784424e-01
6.957193017005920410e-01
-7.885370403528213501e-02
