2.958246469497680664e-01
8.563886880874633789e-01
9.796268614081782289e-07
3.560922443866729736e-01
8.056727051734924316e-01
-4.229278117418289185e-02
3.738879561424255371e-01
7.173527479171752930e-01
-6.148284673690795898e-02
3.367067277431488037e-01
6.667398214340209961e-01
-8.147384226322174072e-02
2.845467627048492432e-01
6.275672912597656250e-01
-9.900630265474319458e-02
3.805513083934783936e-01
5.384568572044372559e-01
-2.673216164112091064e-02
4.246758818626403809e-01
4.140678048133850098e-01
-6.200176477432250977e-02
4.455630779266357422e-01
3.351509571075439453e-01
-8.415305614471435547e-02
4.561455845832824707e-01
2.707027196884155273e-01
-9.576129168272018433e-02
3.174388110637664795e-01
5.305575132369995117e-01
-3.184421360492706299e-02
3.066464066505432129e-01
3.809010088443756104e-01
-7.077655196189880371e-02
3.022540211677551270e-01
2.893105149269104004e-01
-9.424252808094024658e-02
2.962236702442169189e-01
2.136210203170776367e-01
-1.023636609315872192e-01
2.639803886413574219e-01
5.682359933853149414e-01
-4.292851686477661133e-02
2.426684200763702393e-01
5.284847021102905273e-01
-9.970012307167053223e-02
2.614348232746124268e-01
6.066987514495849609e-01
-1.125788167119026184e-01
2.760401964187622070e-01
6.584350466728210449e-01
-1.018611863255500793e-01
2.217668890953063965e-01
6.297475695610046387e-01
-5.701183900237083435e-02
2.122560888528823853e-01
6.172124147415161133e-01
-9.825529158115386963e-02
2.304428070783615112e-01
6.685058474540710449e-01
-9.764599800109863281e-02
2.474554628133773804e-01
7.057943940162658691e-01
-8.448901772499084473e-02
