2.872701883316040039e-01
8.554995059967041016e-01
1.020206354951369576e-06
3.464987874031066895e-01
8.045372962951660156e-01
-4.712945967912673950e-02
3.616602420806884766e-01
7.182186841964721680e-01
-6.957194209098815918e-02
3.164188861846923828e-01
6.648879051208496094e-01
-9.137872606515884399e-02
2.605525851249694824e-01
6.202062368392944336e-01
-1.105205044150352478e-01
3.708110451698303223e-01
5.380457043647766113e-01
-3.534175455570220947e-02
4.119710326194763184e-01
4.135146737098693848e-01
-7.369043678045272827e-02
4.322124123573303223e-01
3.343864083290100098e-01
-9.680523723363876343e-02
4.425760209560394287e-01
2.697344720363616943e-01
-1.083618625998497009e-01
3.058074712753295898e-01
5.292905569076538086e-01
-3.862948343157768250e-02
2.919604778289794922e-01
3.762143552303314209e-01
-8.041092753410339355e-02
2.851288616657257080e-01
2.854489982128143311e-01
-1.043433174490928650e-01
2.770221233367919922e-01
2.094607651233673096e-01
-1.116998419165611267e-01
2.500745058059692383e-01
5.665394067764282227e-01
-4.795050248503684998e-02
2.291781902313232422e-01
5.382072925567626953e-01
-1.077265441417694092e-01
2.500226795673370361e-01
6.162449717521667480e-01
-1.213445067405700684e-01
2.661759555339813232e-01
6.651587486267089844e-01
-1.101491078734397888e-01
2.074251770973205566e-01
6.265875101089477539e-01
-6.050601974129676819e-02
2.000015676021575928e-01
6.225726008415222168e-01
-1.034771278500556946e-01
2.209073901176452637e-01
6.754559874534606934e-01
-1.032712161540985107e-01
2.399958968162536621e-01
7.111719846725463867e-01
-8.975271880626678467e-02
