2.860863208770751953e-01
8.534024953842163086e-01
9.918683190335286781e-07
3.464653491973876953e-01
8.042824864387512207e-01
-4.835220053791999817e-02
3.631021380424499512e-01
7.235032320022583008e-01
-7.129607349634170532e-02
3.197405934333801270e-01
6.694045066833496094e-01
-9.269119054079055786e-02
2.650274038314819336e-01
6.254857778549194336e-01
-1.111208349466323853e-01
3.696812987327575684e-01
5.396869778633117676e-01
-3.717316687107086182e-02
4.102277159690856934e-01
4.163097441196441650e-01
-7.483812421560287476e-02
4.317803978919982910e-01
3.360205292701721191e-01
-9.806675463914871216e-02
4.436809718608856201e-01
2.721791565418243408e-01
-1.097515076398849487e-01
3.059970736503601074e-01
5.270825624465942383e-01
-3.861469030380249023e-02
2.920652925968170166e-01
3.711206018924713135e-01
-7.832398265600204468e-02
2.851012945175170898e-01
2.829145789146423340e-01
-1.005529910326004028e-01
2.768932580947875977e-01
2.116442322731018066e-01
-1.071158871054649353e-01
2.515819966793060303e-01
5.602821707725524902e-01
-4.607145488262176514e-02
2.283031791448593140e-01
5.251820087432861328e-01
-1.024099737405776978e-01
2.447302341461181641e-01
5.975053310394287109e-01
-1.147614642977714539e-01
2.572440803050994873e-01
6.445932388305664062e-01
-1.039073839783668518e-01
2.092195153236389160e-01
6.164725422859191895e-01
-5.701117590069770813e-02
2.008688151836395264e-01
6.035677194595336914e-01
-9.741491824388504028e-02
2.192563712596893311e-01
6.531635522842407227e-01
-9.644683450460433960e-02
2.362604439258575439e-01
6.889363527297973633e-01
-8.308348059654235840e-02
