2.742569446563720703e-01
8.566120862960815430e-01
1.042213398250169121e-06
3.356667459011077881e-01
8.029630184173583984e-01
-4.917850717902183533e-02
3.511026501655578613e-01
7.155085802078247070e-01
-7.162749767303466797e-02
3.066139221191406250e-01
6.623148322105407715e-01
-9.320148825645446777e-02
2.498886436223983765e-01
6.221756935119628906e-01
-1.122098341584205627e-01
3.579100966453552246e-01
5.359430313110351562e-01
-3.372271358966827393e-02
3.997491300106048584e-01
4.121650755405426025e-01
-7.237679511308670044e-02
4.211897253990173340e-01
3.304752111434936523e-01
-9.693286567926406860e-02
4.327868521213531494e-01
2.645349800586700439e-01
-1.096541732549667358e-01
2.939314246177673340e-01
5.266501307487487793e-01
-3.555528447031974792e-02
2.810263037681579590e-01
3.740426898002624512e-01
-7.774033397436141968e-02
2.746891975402832031e-01
2.806996405124664307e-01
-1.031594872474670410e-01
2.672549784183502197e-01
2.033824622631072998e-01
-1.118137091398239136e-01
2.390781342983245850e-01
5.623914003372192383e-01
-4.384614899754524231e-02
2.149823904037475586e-01
5.275222063064575195e-01
-1.040618866682052612e-01
2.335245013236999512e-01
6.023063063621520996e-01
-1.192355006933212280e-01
2.479150891304016113e-01
6.510993242263793945e-01
-1.090790852904319763e-01
1.964589953422546387e-01
6.198007464408874512e-01
-5.550304800271987915e-02
1.855305731296539307e-01
6.082502007484436035e-01
-9.856613725423812866e-02
2.035439759492874146e-01
6.594545841217041016e-01
-9.897041320800781250e-02
2.206929624080657959e-01
6.961947679519653320e-01
-8.605418354272842407e-02
