2.741721868515014648e-01
8.594683408737182617e-01
1.003523721010424197e-06
3.373516201972961426e-01
8.051316142082214355e-01
-4.715928807854652405e-02
3.535717129707336426e-01
7.203042507171630859e-01
-7.055993378162384033e-02
3.113833069801330566e-01
6.639578938484191895e-01
-9.307503700256347656e-02
2.543601691722869873e-01
6.234422326087951660e-01
-1.129109188914299011e-01
3.565827012062072754e-01
5.378244519233703613e-01
-3.593723848462104797e-02
3.972893357276916504e-01
4.139561951160430908e-01
-7.423850148916244507e-02
4.183953404426574707e-01
3.321410417556762695e-01
-9.901629388332366943e-02
4.311226904392242432e-01
2.663283348083496094e-01
-1.122913137078285217e-01
2.921901047229766846e-01
5.253736376762390137e-01
-3.825964406132698059e-02
2.805890440940856934e-01
3.741850554943084717e-01
-7.939499616622924805e-02
2.736934125423431396e-01
2.808412015438079834e-01
-1.036909893155097961e-01
2.670161724090576172e-01
2.043187022209167480e-01
-1.122678145766258240e-01
2.372906208038330078e-01
5.586701035499572754e-01
-4.639722406864166260e-02
2.148128449916839600e-01
5.158779621124267578e-01
-1.033172756433486938e-01
2.311389446258544922e-01
5.886301994323730469e-01
-1.153593435883522034e-01
2.446703761816024780e-01
6.395321488380432129e-01
-1.046362072229385376e-01
1.955555677413940430e-01
6.164807081222534180e-01
-5.804425105452537537e-02
1.858080476522445679e-01
5.991484522819519043e-01
-9.885207563638687134e-02
2.044279873371124268e-01
6.484818458557128906e-01
-9.769353270530700684e-02
2.230341136455535889e-01
6.865647435188293457e-01
-8.428103476762771606e-02
