3.045743703842163086e-01
8.485170602798461914e-01
1.020405534291057847e-06
3.691524863243103027e-01
7.965220212936401367e-01
-4.961162433028221130e-02
3.909845054149627686e-01
7.133873701095581055e-01
-7.392943650484085083e-02
3.517332077026367188e-01
6.622816324234008789e-01
-9.690056741237640381e-02
2.936482131481170654e-01
6.226366162300109863e-01
-1.169289872050285339e-01
3.836614191532135010e-01
5.272184610366821289e-01
-3.457704186439514160e-02
4.247381091117858887e-01
4.086418151855468750e-01
-7.174675911664962769e-02
4.463840126991271973e-01
3.312450647354125977e-01
-9.594403207302093506e-02
4.599204659461975098e-01
2.673636972904205322e-01
-1.092103943228721619e-01
3.194735050201416016e-01
5.159212946891784668e-01
-3.555028513073921204e-02
3.069399297237396240e-01
3.705657422542572021e-01
-7.599561661481857300e-02
2.981942594051361084e-01
2.813065946102142334e-01
-9.990139305591583252e-02
2.893510758876800537e-01
2.055130302906036377e-01
-1.086127832531929016e-01
2.656083703041076660e-01
5.495623350143432617e-01
-4.284640029072761536e-02
2.424291372299194336e-01
5.093182325363159180e-01
-9.996704012155532837e-02
2.610844373703002930e-01
5.855275988578796387e-01
-1.117144748568534851e-01
2.762775123119354248e-01
6.362036466598510742e-01
-1.009096577763557434e-01
2.244434952735900879e-01
6.069441437721252441e-01
-5.383107811212539673e-02
2.133424878120422363e-01
5.872476696968078613e-01
-9.529150277376174927e-02
2.350521981716156006e-01
6.390222907066345215e-01
-9.415709972381591797e-02
2.558691501617431641e-01
6.781262159347534180e-01
-8.090508729219436646e-02
