2.668636441230773926e-01
8.580458164215087891e-01
1.040088363879476674e-06
3.255023658275604248e-01
8.035647273063659668e-01
-5.162404105067253113e-02
3.413580358028411865e-01
7.107954025268554688e-01
-7.401916384696960449e-02
2.971112430095672607e-01
6.559672951698303223e-01
-9.529522806406021118e-02
2.396254092454910278e-01
6.155475974082946777e-01
-1.134607419371604919e-01
3.502422571182250977e-01
5.346242189407348633e-01
-3.149886429309844971e-02
3.907447457313537598e-01
4.085708260536193848e-01
-6.999898701906204224e-02
4.105907082557678223e-01
3.265867233276367188e-01
-9.340633451938629150e-02
4.222146868705749512e-01
2.606250047683715820e-01
-1.053621619939804077e-01
2.845405936241149902e-01
5.249927639961242676e-01
-3.258497640490531921e-02
2.689593434333801270e-01
3.708882927894592285e-01
-7.630273699760437012e-02
2.605037689208984375e-01
2.786807119846343994e-01
-1.005688086152076721e-01
2.539743185043334961e-01
2.021933794021606445e-01
-1.071781516075134277e-01
2.300684601068496704e-01
5.601646900177001953e-01
-4.093639180064201355e-02
2.027215063571929932e-01
5.247818827629089355e-01
-1.059607863426208496e-01
2.220646440982818604e-01
6.075989603996276855e-01
-1.218496561050415039e-01
2.407585084438323975e-01
6.594566106796264648e-01
-1.100898608565330505e-01
1.888363063335418701e-01
6.176511645317077637e-01
-5.264584720134735107e-02
1.737659275531768799e-01
6.106275916099548340e-01
-1.014061719179153442e-01
1.924361884593963623e-01
6.704621911048889160e-01
-1.040426641702651978e-01
2.126750499010086060e-01
7.100641727447509766e-01
-9.126563370227813721e-02
