2.676053643226623535e-01
8.585778474807739258e-01
1.013800670079945121e-06
3.262376785278320312e-01
8.034957647323608398e-01
-4.854806885123252869e-02
3.430442810058593750e-01
7.122225761413574219e-01
-7.100194692611694336e-02
2.996608614921569824e-01
6.563156843185424805e-01
-9.283877164125442505e-02
2.423167228698730469e-01
6.148598194122314453e-01
-1.116326451301574707e-01
3.485087454319000244e-01
5.331060290336608887e-01
-3.166155517101287842e-02
3.887412548065185547e-01
4.079979658126831055e-01
-7.018692791461944580e-02
4.091181159019470215e-01
3.257660567760467529e-01
-9.428916126489639282e-02
4.214395284652709961e-01
2.586679756641387939e-01
-1.069227755069732666e-01
2.836138606071472168e-01
5.233049392700195312e-01
-3.349397331476211548e-02
2.700843214988708496e-01
3.732576370239257812e-01
-7.624198496341705322e-02
2.606652677059173584e-01
2.812093496322631836e-01
-1.003769785165786743e-01
2.536406219005584717e-01
2.033039629459381104e-01
-1.078795716166496277e-01
2.296597957611083984e-01
5.571103692054748535e-01
-4.193872958421707153e-02
2.021073102951049805e-01
5.228365659713745117e-01
-1.028277426958084106e-01
2.197061479091644287e-01
6.018752455711364746e-01
-1.156510412693023682e-01
2.379453629255294800e-01
6.525254249572753906e-01
-1.036927476525306702e-01
1.886941194534301758e-01
6.136296391487121582e-01
-5.390267074108123779e-02
1.727757155895233154e-01
6.060538887977600098e-01
-9.805122762918472290e-02
1.926033943891525269e-01
6.636186838150024414e-01
-9.772936999797821045e-02
2.150385379791259766e-01
7.029840946197509766e-01
-8.396655321121215820e-02
