2.664906978607177734e-01
8.577531576156616211e-01
1.008329377327754628e-06
3.254284560680389404e-01
8.017435073852539062e-01
-4.658781364560127258e-02
3.422731161117553711e-01
7.092305421829223633e-01
-6.781839579343795776e-02
2.996124923229217529e-01
6.551429629325866699e-01
-8.880417048931121826e-02
2.423754036426544189e-01
6.167399287223815918e-01
-1.070497855544090271e-01
3.480572998523712158e-01
5.328146815299987793e-01
-3.013774380087852478e-02
3.888173997402191162e-01
4.086766242980957031e-01
-6.810726970434188843e-02
4.090093970298767090e-01
3.266570568084716797e-01
-9.217228740453720093e-02
4.216700792312622070e-01
2.592892348766326904e-01
-1.051309704780578613e-01
2.837742865085601807e-01
5.228460431098937988e-01
-3.260109201073646545e-02
2.720589041709899902e-01
3.757708370685577393e-01
-7.476773858070373535e-02
2.626033425331115723e-01
2.830129861831665039e-01
-9.929984062910079956e-02
2.558184564113616943e-01
2.035397887229919434e-01
-1.077571138739585876e-01
2.299642264842987061e-01
5.565992593765258789e-01
-4.145317524671554565e-02
2.025597393512725830e-01
5.191025137901306152e-01
-1.009014472365379333e-01
2.196361422538757324e-01
5.966930389404296875e-01
-1.138119623064994812e-01
2.376944869756698608e-01
6.475371718406677246e-01
-1.028194725513458252e-01
1.889774799346923828e-01
6.136260032653808594e-01
-5.373790487647056580e-02
1.727202832698822021e-01
6.054227948188781738e-01
-9.710044413805007935e-02
1.923157423734664917e-01
6.617581248283386230e-01
-9.719552099704742432e-02
2.146505713462829590e-01
7.007139325141906738e-01
-8.433905988931655884e-02
