2.624016106128692627e-01
8.523670434951782227e-01
1.053945197782013565e-06
3.230733275413513184e-01
7.960565090179443359e-01
-4.934072867035865784e-02
3.374845385551452637e-01
7.063096761703491211e-01
-7.242926210165023804e-02
2.887153625488281250e-01
6.568039059638977051e-01
-9.469804167747497559e-02
2.275492846965789795e-01
6.211684942245483398e-01
-1.140511035919189453e-01
3.430600762367248535e-01
5.298967957496643066e-01
-3.198419138789176941e-02
3.826368153095245361e-01
4.056254029273986816e-01
-6.989499181509017944e-02
4.023158252239227295e-01
3.243513405323028564e-01
-9.357457607984542847e-02
4.132333397865295410e-01
2.581408917903900146e-01
-1.060221195220947266e-01
2.769823670387268066e-01
5.194972753524780273e-01
-3.354758396744728088e-02
2.616426646709442139e-01
3.687329888343811035e-01
-7.609929889440536499e-02
2.520137727260589600e-01
2.774457335472106934e-01
-1.001952439546585083e-01
2.440099120140075684e-01
2.007096707820892334e-01
-1.074663177132606506e-01
2.223930060863494873e-01
5.524425506591796875e-01
-4.180184006690979004e-02
1.964578479528427124e-01
5.167611837387084961e-01
-1.025387868285179138e-01
2.163033038377761841e-01
5.949710607528686523e-01
-1.164955422282218933e-01
2.343864589929580688e-01
6.447610855102539062e-01
-1.051821783185005188e-01
1.807077229022979736e-01
6.074636578559875488e-01
-5.360058322548866272e-02
1.690474450588226318e-01
5.986756086349487305e-01
-9.832257032394409180e-02
1.898461878299713135e-01
6.550766229629516602e-01
-9.920077770948410034e-02
2.114879339933395386e-01
6.938198804855346680e-01
-8.611984550952911377e-02
