2.639593183994293213e-01
8.553841114044189453e-01
1.044903456204337999e-06
3.244266211986541748e-01
8.005033731460571289e-01
-5.059731751680374146e-02
3.392425477504730225e-01
7.078860998153686523e-01
-7.362849265336990356e-02
2.908126115798950195e-01
6.550588011741638184e-01
-9.549175947904586792e-02
2.288592159748077393e-01
6.191765666007995605e-01
-1.145334392786026001e-01
3.433415889739990234e-01
5.308904051780700684e-01
-3.369512781500816345e-02
3.815927803516387939e-01
4.062870740890502930e-01
-7.296045869588851929e-02
4.013876318931579590e-01
3.236840069293975830e-01
-9.754454344511032104e-02
4.126550555229187012e-01
2.556928694248199463e-01
-1.103297546505928040e-01
2.773644924163818359e-01
5.204398632049560547e-01
-3.431982919573783875e-02
2.636036872863769531e-01
3.713450431823730469e-01
-7.806432247161865234e-02
2.541282176971435547e-01
2.788989841938018799e-01
-1.029109805822372437e-01
2.461114525794982910e-01
1.992625296115875244e-01
-1.105133071541786194e-01
2.225447744131088257e-01
5.540494918823242188e-01
-4.162419959902763367e-02
1.925758123397827148e-01
5.223226547241210938e-01
-1.029715314507484436e-01
2.121759951114654541e-01
6.023353934288024902e-01
-1.163298040628433228e-01
2.315492033958435059e-01
6.519868373870849609e-01
-1.042608544230461121e-01
1.803727746009826660e-01
6.101713776588439941e-01
-5.257688462734222412e-02
1.652137339115142822e-01
6.019669771194458008e-01
-9.615359455347061157e-02
1.863471269607543945e-01
6.585536599159240723e-01
-9.547714143991470337e-02
2.094258368015289307e-01
6.962516903877258301e-01
-8.139099180698394775e-02
