2.585097253322601318e-01
8.498713374137878418e-01
1.072655209100048523e-06
3.142303526401519775e-01
7.881942987442016602e-01
-5.115605145692825317e-02
3.261722028255462646e-01
6.942228078842163086e-01
-7.468249648809432983e-02
2.767637073993682861e-01
6.456165313720703125e-01
-9.662625193595886230e-02
2.164154648780822754e-01
6.130859255790710449e-01
-1.155612394213676453e-01
3.355745375156402588e-01
5.240721106529235840e-01
-3.486031666398048401e-02
3.760055005550384521e-01
3.994721174240112305e-01
-7.285764813423156738e-02
3.945857882499694824e-01
3.182860910892486572e-01
-9.561310708522796631e-02
4.045085310935974121e-01
2.527756989002227783e-01
-1.071670800447463989e-01
2.698702514171600342e-01
5.149446725845336914e-01
-3.568084165453910828e-02
2.532962858676910400e-01
3.627909421920776367e-01
-7.864454388618469238e-02
2.454738616943359375e-01
2.743821740150451660e-01
-1.015754938125610352e-01
2.388823032379150391e-01
1.980398893356323242e-01
-1.072653532028198242e-01
2.141165733337402344e-01
5.483195185661315918e-01
-4.332727566361427307e-02
1.914249658584594727e-01
5.189652442932128906e-01
-1.049732267856597900e-01
2.124376296997070312e-01
5.995525121688842773e-01
-1.185573711991310120e-01
2.294198572635650635e-01
6.446940898895263672e-01
-1.063384860754013062e-01
1.719093471765518188e-01
6.013051271438598633e-01
-5.455145239830017090e-02
1.613200902938842773e-01
5.985534191131591797e-01
-9.874343872070312500e-02
1.814430803060531616e-01
6.568131446838378906e-01
-9.894881397485733032e-02
2.002999484539031982e-01
6.909190416336059570e-01
-8.539038896560668945e-02
