2.572670876979827881e-01
8.506222367286682129e-01
1.046378201863262802e-06
3.148558139801025391e-01
7.930352687835693359e-01
-5.194962769746780396e-02
3.273409605026245117e-01
7.006357908248901367e-01
-7.631275057792663574e-02
2.785792648792266846e-01
6.487030386924743652e-01
-9.928961843252182007e-02
2.182977199554443359e-01
6.124017834663391113e-01
-1.195608451962471008e-01
3.349687755107879639e-01
5.260134935379028320e-01
-3.641566634178161621e-02
3.740912079811096191e-01
4.011965990066528320e-01
-7.568869739770889282e-02
3.930482864379882812e-01
3.191564083099365234e-01
-9.994693845510482788e-02
4.039119482040405273e-01
2.527248859405517578e-01
-1.125477701425552368e-01
2.700902521610260010e-01
5.157281756401062012e-01
-3.673047944903373718e-02
2.576895952224731445e-01
3.668085932731628418e-01
-8.047246932983398438e-02
2.483472526073455811e-01
2.761567831039428711e-01
-1.047336310148239136e-01
2.405896782875061035e-01
1.987550556659698486e-01
-1.118692904710769653e-01
2.153156399726867676e-01
5.491933822631835938e-01
-4.383245483040809631e-02
1.855539083480834961e-01
5.138556957244873047e-01
-1.060127913951873779e-01
2.045972943305969238e-01
5.935529470443725586e-01
-1.201055496931076050e-01
2.241497486829757690e-01
6.422492265701293945e-01
-1.085754111409187317e-01
1.735047698020935059e-01
6.047174334526062012e-01
-5.448947474360466003e-02
1.564924567937850952e-01
5.952566862106323242e-01
-9.930560737848281860e-02
1.760206222534179688e-01
6.522601246833801270e-01
-9.959647804498672485e-02
1.983102411031723022e-01
6.902166008949279785e-01
-8.620713651180267334e-02
