2.512857615947723389e-01
8.468179702758789062e-01
1.060022327692422550e-06
3.084154129028320312e-01
7.848505377769470215e-01
-4.839754849672317505e-02
3.192462325096130371e-01
6.932982206344604492e-01
-7.160755991935729980e-02
2.720428705215454102e-01
6.471694111824035645e-01
-9.436561167240142822e-02
2.119075953960418701e-01
6.157299280166625977e-01
-1.144777685403823853e-01
3.278433680534362793e-01
5.223060250282287598e-01
-3.240901604294776917e-02
3.670833706855773926e-01
3.973147869110107422e-01
-7.061050087213516235e-02
3.855408430099487305e-01
3.153788447380065918e-01
-9.463468939065933228e-02
3.953817486763000488e-01
2.486386299133300781e-01
-1.075849607586860657e-01
2.630572617053985596e-01
5.131765007972717285e-01
-3.429318591952323914e-02
2.485529035329818726e-01
3.652252554893493652e-01
-7.781137526035308838e-02
2.392751276493072510e-01
2.733009457588195801e-01
-1.025718897581100464e-01
2.306126952171325684e-01
1.942755281925201416e-01
-1.106994897127151489e-01
2.086926400661468506e-01
5.467036366462707520e-01
-4.269808530807495117e-02
1.791884303092956543e-01
5.078325271606445312e-01
-1.031164750456809998e-01
2.007649838924407959e-01
5.860845446586608887e-01
-1.170034036040306091e-01
2.201194465160369873e-01
6.354058384895324707e-01
-1.062582284212112427e-01
1.668223142623901367e-01
6.018965244293212891e-01
-5.458894744515419006e-02
1.519408524036407471e-01
5.909211039543151855e-01
-9.877199679613113403e-02
1.722714006900787354e-01
6.468076109886169434e-01
-9.982942044734954834e-02
1.939645707607269287e-01
6.841073036193847656e-01
-8.748868852853775024e-02
