2.448327392339706421e-01
8.499611020088195801e-01
1.156993107542803045e-06
3.018423318862915039e-01
7.907020449638366699e-01
-6.388646364212036133e-02
3.111952543258666992e-01
6.947655677795410156e-01
-9.008520841598510742e-02
2.602826952934265137e-01
6.426424384117126465e-01
-1.120350137352943420e-01
1.994922608137130737e-01
6.075575947761535645e-01
-1.301175951957702637e-01
3.209315538406372070e-01
5.207362174987792969e-01
-3.820464015007019043e-02
3.609253168106079102e-01
3.958632349967956543e-01
-7.561573386192321777e-02
3.798553049564361572e-01
3.129830360412597656e-01
-9.863974899053573608e-02
3.899131715297698975e-01
2.454855740070343018e-01
-1.107042059302330017e-01
2.563054561614990234e-01
5.116361379623413086e-01
-3.205578774213790894e-02
2.399298101663589478e-01
3.631371259689331055e-01
-7.586447894573211670e-02
2.310702055692672729e-01
2.719104290008544922e-01
-1.001991406083106995e-01
2.239457368850708008e-01
1.928083896636962891e-01
-1.064237058162689209e-01
2.018622756004333496e-01
5.457257628440856934e-01
-3.438603505492210388e-02
1.708651185035705566e-01
5.174114704132080078e-01
-1.013621315360069275e-01
1.904515326023101807e-01
6.006906032562255859e-01
-1.198370903730392456e-01
2.097346335649490356e-01
6.482883095741271973e-01
-1.088401600718498230e-01
1.607970893383026123e-01
5.978472232818603516e-01
-4.092417284846305847e-02
1.424453258514404297e-01
5.920543670654296875e-01
-9.192480146884918213e-02
1.611953675746917725e-01
6.525985002517700195e-01
-9.704386442899703979e-02
1.825534999370574951e-01
6.895978450775146484e-01
-8.554324507713317871e-02
