2.433024793863296509e-01
8.504974246025085449e-01
1.082390781448339112e-06
3.002540767192840576e-01
7.915443181991577148e-01
-5.846939235925674438e-02
3.117486238479614258e-01
6.957758665084838867e-01
-8.318265527486801147e-02
2.616546750068664551e-01
6.413853168487548828e-01
-1.050439998507499695e-01
2.015319019556045532e-01
6.019257903099060059e-01
-1.236677542328834534e-01
3.216817975044250488e-01
5.219634175300598145e-01
-3.563202917575836182e-02
3.597711026668548584e-01
3.965925276279449463e-01
-7.351946830749511719e-02
3.785425126552581787e-01
3.134018182754516602e-01
-9.727694839239120483e-02
3.893102407455444336e-01
2.450917661190032959e-01
-1.096738576889038086e-01
2.570394575595855713e-01
5.138315558433532715e-01
-3.158170729875564575e-02
2.431047558784484863e-01
3.685123324394226074e-01
-7.538262754678726196e-02
2.328632175922393799e-01
2.763513624668121338e-01
-1.009579002857208252e-01
2.245987057685852051e-01
1.956415176391601562e-01
-1.087113916873931885e-01
2.023460417985916138e-01
5.477164387702941895e-01
-3.518854454159736633e-02
1.701761186122894287e-01
5.175943970680236816e-01
-1.007564365863800049e-01
1.875322908163070679e-01
6.012911796569824219e-01
-1.183177158236503601e-01
2.061220407485961914e-01
6.517382860183715820e-01
-1.074345484375953674e-01
1.610876023769378662e-01
6.009565591812133789e-01
-4.252045229077339172e-02
1.413513123989105225e-01
5.915212631225585938e-01
-9.145762771368026733e-02
1.602545529603958130e-01
6.523312926292419434e-01
-9.467758983373641968e-02
1.825835704803466797e-01
6.917634010314941406e-01
-8.221216499805450439e-02
