3.048086762428283691e-01
8.493840694427490234e-01
1.007109176498488523e-06
3.682336807250976562e-01
7.973196506500244141e-01
-4.853782430291175842e-02
3.896633386611938477e-01
7.133907079696655273e-01
-7.219150662422180176e-02
3.519614636898040771e-01
6.625145673751831055e-01
-9.489987790584564209e-02
2.944790124893188477e-01
6.227613091468811035e-01
-1.147234812378883362e-01
3.837378919124603271e-01
5.262300968170166016e-01
-3.212399035692214966e-02
4.245867729187011719e-01
4.080805778503417969e-01
-6.852297484874725342e-02
4.464723765850067139e-01
3.313992023468017578e-01
-9.262511134147644043e-02
4.602670073509216309e-01
2.681868672370910645e-01
-1.060687825083732605e-01
3.199110031127929688e-01
5.151314139366149902e-01
-3.366861864924430847e-02
3.075940907001495361e-01
3.704175055027008057e-01
-7.334952056407928467e-02
2.988321781158447266e-01
2.812205255031585693e-01
-9.728048741817474365e-02
2.895528972148895264e-01
2.056567072868347168e-01
-1.063179001212120056e-01
2.658104896545410156e-01
5.490548014640808105e-01
-4.159050062298774719e-02
2.428935170173645020e-01
5.069342255592346191e-01
-9.822191298007965088e-02
2.618133723735809326e-01
5.832902789115905762e-01
-1.102848351001739502e-01
2.767935097217559814e-01
6.344397068023681641e-01
-9.996236115694046021e-02
2.241941392421722412e-01
6.072779893875122070e-01
-5.316055938601493835e-02
2.135481685400009155e-01
5.877029895782470703e-01
-9.483394771814346313e-02
2.352673113346099854e-01
6.397238373756408691e-01
-9.437290579080581665e-02
2.557128667831420898e-01
6.792303323745727539e-01
-8.174203336238861084e-02
