2.441623061895370483e-01
8.542219400405883789e-01
1.087622308659774717e-06
3.021925091743469238e-01
7.959282398223876953e-01
-5.605991929769515991e-02
3.113155961036682129e-01
6.986227631568908691e-01
-7.970209419727325439e-02
2.614744901657104492e-01
6.448404788970947266e-01
-1.008238196372985840e-01
2.013237029314041138e-01
6.067822575569152832e-01
-1.188690513372421265e-01
3.209570646286010742e-01
5.242165923118591309e-01
-3.354102000594139099e-02
3.593229353427886963e-01
4.001871943473815918e-01
-7.075824588537216187e-02
3.778970539569854736e-01
3.171554505825042725e-01
-9.411101788282394409e-02
3.888420462608337402e-01
2.490488290786743164e-01
-1.064650118350982666e-01
2.566440999507904053e-01
5.146042704582214355e-01
-3.098859637975692749e-02
2.421493530273437500e-01
3.676158189773559570e-01
-7.401876151561737061e-02
2.307226359844207764e-01
2.743833065032958984e-01
-9.873400628566741943e-02
2.218931019306182861e-01
1.949969828128814697e-01
-1.058682352304458618e-01
2.024630904197692871e-01
5.473859906196594238e-01
-3.592799976468086243e-02
1.688954085111618042e-01
5.135532617568969727e-01
-1.007068902254104614e-01
1.845948398113250732e-01
5.985623002052307129e-01
-1.172783821821212769e-01
2.024669498205184937e-01
6.519117355346679688e-01
-1.058818325400352478e-01
1.623693108558654785e-01
6.009523272514343262e-01
-4.461310431361198425e-02
1.395534723997116089e-01
5.947302579879760742e-01
-9.380057454109191895e-02
1.572040319442749023e-01
6.566472053527832031e-01
-9.750621020793914795e-02
1.787893176078796387e-01
6.963537931442260742e-01
-8.529204875230789185e-02
