2.441176772117614746e-01
8.563687801361083984e-01
1.090053956431802362e-06
3.025776147842407227e-01
7.966787219047546387e-01
-5.672576650977134705e-02
3.124062418937683105e-01
6.970643997192382812e-01
-7.999870926141738892e-02
2.610779702663421631e-01
6.415851116180419922e-01
-1.006774082779884338e-01
1.992313861846923828e-01
6.023306846618652344e-01
-1.182113140821456909e-01
3.210104107856750488e-01
5.231181979179382324e-01
-3.210234642028808594e-02
3.589395880699157715e-01
3.994057774543762207e-01
-6.898115575313568115e-02
3.777981400489807129e-01
3.162881433963775635e-01
-9.215488284826278687e-02
3.889957070350646973e-01
2.483104765415191650e-01
-1.042843386530876160e-01
2.558993995189666748e-01
5.141627788543701172e-01
-2.903282642364501953e-02
2.418771535158157349e-01
3.677967190742492676e-01
-7.178645581007003784e-02
2.309380173683166504e-01
2.755849659442901611e-01
-9.642035514116287231e-02
2.224777638912200928e-01
1.969657540321350098e-01
-1.033213958144187927e-01
2.013198733329772949e-01
5.476394891738891602e-01
-3.372288495302200317e-02
1.682725548744201660e-01
5.168940424919128418e-01
-9.919042140245437622e-02
1.847981959581375122e-01
6.028201580047607422e-01
-1.166459098458290100e-01
2.030496597290039062e-01
6.563647985458374023e-01
-1.054162159562110901e-01
1.611743867397308350e-01
6.014643907546997070e-01
-4.211902618408203125e-02
1.403373032808303833e-01
5.962410569190979004e-01
-9.190150350332260132e-02
1.597033143043518066e-01
6.596555709838867188e-01
-9.607972949743270874e-02
1.823349595069885254e-01
7.003598213195800781e-01
-8.398839086294174194e-02
