2.501654624938964844e-01
8.451724052429199219e-01
1.017813019643654115e-06
3.048511743545532227e-01
7.840460538864135742e-01
-4.655576869845390320e-02
3.153756260871887207e-01
6.922012567520141602e-01
-6.933001428842544556e-02
2.685022950172424316e-01
6.448605656623840332e-01
-9.198489785194396973e-02
2.099638879299163818e-01
6.115556359291076660e-01
-1.122592613101005554e-01
3.258113563060760498e-01
5.243185162544250488e-01
-3.363909572362899780e-02
3.631122112274169922e-01
3.996317982673645020e-01
-7.162912935018539429e-02
3.813980817794799805e-01
3.196614980697631836e-01
-9.512897580862045288e-02
3.923166394233703613e-01
2.533658742904663086e-01
-1.077843680977821350e-01
2.614732384681701660e-01
5.143909454345703125e-01
-3.597824275493621826e-02
2.501424252986907959e-01
3.712979555130004883e-01
-7.815445214509963989e-02
2.387532740831375122e-01
2.805326282978057861e-01
-1.020867601037025452e-01
2.288937419652938843e-01
2.003168761730194092e-01
-1.104606986045837402e-01
2.070967257022857666e-01
5.469660758972167969e-01
-4.452870041131973267e-02
1.734268665313720703e-01
5.113145112991333008e-01
-1.027436554431915283e-01
1.902565062046051025e-01
5.878978371620178223e-01
-1.165831759572029114e-01
2.094488441944122314e-01
6.367321610450744629e-01
-1.070403531193733215e-01
1.657364219427108765e-01
6.026682853698730469e-01
-5.653194338083267212e-02
1.460966765880584717e-01
5.965069532394409180e-01
-9.930106997489929199e-02
1.667999327182769775e-01
6.509687900543212891e-01
-1.008722782135009766e-01
1.914412230253219604e-01
6.872847080230712891e-01
-8.963184058666229248e-02
