2.482889890670776367e-01
8.449074029922485352e-01
1.043985093929222785e-06
3.030359745025634766e-01
7.870306372642517090e-01
-5.032169446349143982e-02
3.120160996913909912e-01
6.956455111503601074e-01
-7.433579862117767334e-02
2.665129303932189941e-01
6.450988054275512695e-01
-9.732709825038909912e-02
2.096281945705413818e-01
6.086708307266235352e-01
-1.176932007074356079e-01
3.274501264095306396e-01
5.266228914260864258e-01
-3.589545935392379761e-02
3.634660243988037109e-01
4.033495783805847168e-01
-7.571122795343399048e-02
3.816698789596557617e-01
3.218879699707031250e-01
-1.006198078393936157e-01
3.927556276321411133e-01
2.539905011653900146e-01
-1.139842346310615540e-01
2.625743448734283447e-01
5.160111784934997559e-01
-3.672534599900245667e-02
2.498005032539367676e-01
3.739177584648132324e-01
-8.186008036136627197e-02
2.382186055183410645e-01
2.817403376102447510e-01
-1.075117066502571106e-01
2.291702926158905029e-01
1.995700597763061523e-01
-1.159322559833526611e-01
2.076047956943511963e-01
5.481777191162109375e-01
-4.401329159736633301e-02
1.738889068365097046e-01
5.141447782516479492e-01
-1.071004569530487061e-01
1.899435222148895264e-01
5.972642898559570312e-01
-1.214926317334175110e-01
2.085512578487396240e-01
6.502369046211242676e-01
-1.102248728275299072e-01
1.660582721233367920e-01
6.035324931144714355e-01
-5.477484315633773804e-02
1.456377208232879639e-01
5.978493690490722656e-01
-1.016249358654022217e-01
1.647612452507019043e-01
6.560117006301879883e-01
-1.032977327704429626e-01
1.878660321235656738e-01
6.945179700851440430e-01
-9.061250090599060059e-02
