2.478697746992111206e-01
8.408845663070678711e-01
1.053035930453916080e-06
3.029042482376098633e-01
7.836052179336547852e-01
-5.073139443993568420e-02
3.131645917892456055e-01
6.945344209671020508e-01
-7.572125643491744995e-02
2.685721814632415771e-01
6.458787322044372559e-01
-9.977427124977111816e-02
2.110503613948822021e-01
6.105176210403442383e-01
-1.213394924998283386e-01
3.271569907665252686e-01
5.249384641647338867e-01
-3.685422241687774658e-02
3.634113967418670654e-01
4.031118154525756836e-01
-7.706984132528305054e-02
3.814769983291625977e-01
3.225534260272979736e-01
-1.022980958223342896e-01
3.922660946846008301e-01
2.554863989353179932e-01
-1.160707920789718628e-01
2.620513439178466797e-01
5.146272182464599609e-01
-3.800105676054954529e-02
2.480757832527160645e-01
3.728268742561340332e-01
-8.366171270608901978e-02
2.367134243249893188e-01
2.812175452709197998e-01
-1.097668707370758057e-01
2.277717888355255127e-01
1.998532116413116455e-01
-1.186465844511985779e-01
2.066514939069747925e-01
5.469679832458496094e-01
-4.563342779874801636e-02
1.746950447559356689e-01
5.136286020278930664e-01
-1.090397238731384277e-01
1.919346898794174194e-01
5.962585806846618652e-01
-1.236411780118942261e-01
2.108273506164550781e-01
6.483195424079895020e-01
-1.127466931939125061e-01
1.648149788379669189e-01
6.022260785102844238e-01
-5.677191540598869324e-02
1.461995691061019897e-01
5.986478328704833984e-01
-1.036164388060569763e-01
1.657519638538360596e-01
6.561927199363708496e-01
-1.055080741643905640e-01
1.885407865047454834e-01
6.939648985862731934e-01
-9.322460740804672241e-02
