2.553091049194335938e-01
8.457604646682739258e-01
1.007653963824850507e-06
3.114104270935058594e-01
7.933543920516967773e-01
-4.435527324676513672e-02
3.255668878555297852e-01
7.063800096511840820e-01
-6.710836291313171387e-02
2.771270573139190674e-01
6.546790599822998047e-01
-8.999286592006683350e-02
2.191895693540573120e-01
6.179103255271911621e-01
-1.104088723659515381e-01
3.310918211936950684e-01
5.368291139602661133e-01
-3.408920392394065857e-02
3.711460828781127930e-01
4.118585586547851562e-01
-7.431282848119735718e-02
3.918067812919616699e-01
3.290990293025970459e-01
-9.923367947340011597e-02
4.053980112075805664e-01
2.624410390853881836e-01
-1.123132482171058655e-01
2.682050168514251709e-01
5.266296267509460449e-01
-3.830056264996528625e-02
2.564957141876220703e-01
3.790506124496459961e-01
-8.240133523941040039e-02
2.467763125896453857e-01
2.861219644546508789e-01
-1.077514141798019409e-01
2.391578108072280884e-01
2.067593932151794434e-01
-1.165402531623840332e-01
2.153640091419219971e-01
5.600321292877197266e-01
-4.812053218483924866e-02
1.856803297996520996e-01
5.215903520584106445e-01
-1.078894808888435364e-01
2.021948248147964478e-01
5.963579416275024414e-01
-1.194690540432929993e-01
2.192548960447311401e-01
6.478026509284973145e-01
-1.078339144587516785e-01
1.746742427349090576e-01
6.178390979766845703e-01
-6.108442693948745728e-02
1.575547456741333008e-01
6.066712737083435059e-01
-1.042345166206359863e-01
1.783013939857482910e-01
6.586270332336425781e-01
-1.026583537459373474e-01
2.009274363517761230e-01
6.959398388862609863e-01
-8.854530751705169678e-02
