2.569391429424285889e-01
8.455106019973754883e-01
1.007804939945344813e-06
3.148260116577148438e-01
7.903793454170227051e-01
-4.337920621037483215e-02
3.275716900825500488e-01
7.032445073127746582e-01
-6.546506285667419434e-02
2.785654664039611816e-01
6.492243409156799316e-01
-8.768212795257568359e-02
2.193894237279891968e-01
6.115812063217163086e-01
-1.074755564332008362e-01
3.333714306354522705e-01
5.337255597114562988e-01
-3.334107249975204468e-02
3.724539279937744141e-01
4.108723104000091553e-01
-7.273445278406143188e-02
3.919087350368499756e-01
3.288843035697937012e-01
-9.734350442886352539e-02
4.035339355468750000e-01
2.622207105159759521e-01
-1.104491055011749268e-01
2.689994871616363525e-01
5.237867236137390137e-01
-3.771453350782394409e-02
2.558093667030334473e-01
3.768950998783111572e-01
-8.071350306272506714e-02
2.454741150140762329e-01
2.841613590717315674e-01
-1.051712557673454285e-01
2.367421835660934448e-01
2.047871947288513184e-01
-1.135615780949592590e-01
2.154841721057891846e-01
5.575043559074401855e-01
-4.756791517138481140e-02
1.882499456405639648e-01
5.181435346603393555e-01
-1.060716658830642700e-01
2.079454958438873291e-01
5.931921005249023438e-01
-1.167370453476905823e-01
2.264626771211624146e-01
6.445783376693725586e-01
-1.047491952776908875e-01
1.748985350131988525e-01
6.153839230537414551e-01
-6.053982675075531006e-02
1.609825789928436279e-01
6.040967106819152832e-01
-1.026484966278076172e-01
1.826506108045578003e-01
6.560400128364562988e-01
-1.005570590496063232e-01
2.053546905517578125e-01
6.935077309608459473e-01
-8.621291071176528931e-02
