2.716647982597351074e-01
8.579494953155517578e-01
9.735313142300583422e-07
3.293900489807128906e-01
7.987747788429260254e-01
-4.070800170302391052e-02
3.437564969062805176e-01
7.059145569801330566e-01
-5.905748903751373291e-02
2.938682734966278076e-01
6.575464010238647461e-01
-7.771202921867370605e-02
2.314640730619430542e-01
6.309716701507568359e-01
-9.434841573238372803e-02
3.465969264507293701e-01
5.420058369636535645e-01
-2.784847281873226166e-02
3.863365650177001953e-01
4.169008135795593262e-01
-6.495415419340133667e-02
4.073653519153594971e-01
3.358975648880004883e-01
-8.728214353322982788e-02
4.191966056823730469e-01
2.721424102783203125e-01
-9.811813384294509888e-02
2.817296981811523438e-01
5.330283641815185547e-01
-3.227127343416213989e-02
2.675107121467590332e-01
3.838595449924468994e-01
-7.278068363666534424e-02
2.597942948341369629e-01
2.938644886016845703e-01
-9.590432792901992798e-02
2.519445717334747314e-01
2.198173701763153076e-01
-1.023175492882728577e-01
2.277374863624572754e-01
5.678170919418334961e-01
-4.228525608777999878e-02
2.060927003622055054e-01
5.432812571525573730e-01
-9.783599525690078735e-02
2.248303741216659546e-01
6.127983331680297852e-01
-1.108750700950622559e-01
2.394717186689376831e-01
6.564153432846069336e-01
-1.000471487641334534e-01
1.875682324171066284e-01
6.252896189689636230e-01
-5.517689511179924011e-02
1.787136644124984741e-01
6.219440698623657227e-01
-9.252731502056121826e-02
1.974788755178451538e-01
6.689311265945434570e-01
-9.039939194917678833e-02
2.141827046871185303e-01
7.007074356079101562e-01
-7.649298757314682007e-02
