2.735162079334259033e-01
8.583848476409912109e-01
9.805454510569688864e-07
3.339599967002868652e-01
7.979006171226501465e-01
-4.351320490241050720e-02
3.437469005584716797e-01
7.067524194717407227e-01
-6.256888806819915771e-02
2.939860224723815918e-01
6.557455658912658691e-01
-8.074164390563964844e-02
2.339802384376525879e-01
6.266109943389892578e-01
-9.685697406530380249e-02
3.504870235919952393e-01
5.399592518806457520e-01
-3.118776157498359680e-02
3.872165977954864502e-01
4.155037403106689453e-01
-6.696151196956634521e-02
4.056692719459533691e-01
3.336296677589416504e-01
-8.926792442798614502e-02
4.146918654441833496e-01
2.691782414913177490e-01
-1.007192954421043396e-01
2.853366136550903320e-01
5.315599441528320312e-01
-3.340041637420654297e-02
2.677980959415435791e-01
3.794699013233184814e-01
-7.217333465814590454e-02
2.588935792446136475e-01
2.897613942623138428e-01
-9.459355473518371582e-02
2.501779794692993164e-01
2.177255749702453613e-01
-1.013716757297515869e-01
2.311545908451080322e-01
5.671548247337341309e-01
-4.118195921182632446e-02
2.084243893623352051e-01
5.297555327415466309e-01
-9.595460444688796997e-02
2.290998548269271851e-01
5.975652933120727539e-01
-1.094150841236114502e-01
2.450100332498550415e-01
6.441306471824645996e-01
-9.952130913734436035e-02
1.912080943584442139e-01
6.250575184822082520e-01
-5.191805213689804077e-02
1.827903985977172852e-01
6.127871274948120117e-01
-9.119445085525512695e-02
2.024480998516082764e-01
6.600675582885742188e-01
-9.077096730470657349e-02
2.203212678432464600e-01
6.961529850959777832e-01
-7.804503291845321655e-02
