2.898443341255187988e-01
8.637126088142395020e-01
9.193395271722692996e-07
3.485491573810577393e-01
8.049919009208679199e-01
-3.661816194653511047e-02
3.646162748336791992e-01
7.181525826454162598e-01
-5.448911339044570923e-02
3.183490037918090820e-01
6.729145050048828125e-01
-7.342121005058288574e-02
2.589922249317169189e-01
6.506291627883911133e-01
-9.075934439897537231e-02
3.640476167201995850e-01
5.562244057655334473e-01
-2.948850393295288086e-02
4.046061336994171143e-01
4.303521811962127686e-01
-6.595712900161743164e-02
4.265488684177398682e-01
3.495905995368957520e-01
-8.814086765050888062e-02
4.392240345478057861e-01
2.861116528511047363e-01
-9.847185015678405762e-02
3.016409277915954590e-01
5.456717014312744141e-01
-3.524783626198768616e-02
2.876542508602142334e-01
3.925999999046325684e-01
-7.318213582038879395e-02
2.802895307540893555e-01
3.029616475105285645e-01
-9.523940831422805786e-02
2.719303965568542480e-01
2.308680713176727295e-01
-1.017130613327026367e-01
2.479904294013977051e-01
5.759024620056152344e-01
-4.553980752825737000e-02
2.320365756750106812e-01
5.523914098739624023e-01
-9.585913270711898804e-02
2.512776553630828857e-01
6.193216443061828613e-01
-1.064056009054183960e-01
2.634346187114715576e-01
6.624853014945983887e-01
-9.537903219461441040e-02
2.060963511466979980e-01
6.278110742568969727e-01
-5.862044543027877808e-02
2.020460665225982666e-01
6.240957975387573242e-01
-8.985444903373718262e-02
2.210408002138137817e-01
6.694467663764953613e-01
-8.401530236005783081e-02
2.351289391517639160e-01
7.011600732803344727e-01
-6.853207200765609741e-02
