3.051553070545196533e-01
8.406020998954772949e-01
1.010282517199811991e-06
3.686628043651580811e-01
7.915613651275634766e-01
-4.924361780285835266e-02
3.911036849021911621e-01
7.107236981391906738e-01
-7.355659455060958862e-02
3.518522679805755615e-01
6.613755226135253906e-01
-9.685923904180526733e-02
2.927651405334472656e-01
6.240099072456359863e-01
-1.172674894332885742e-01
3.852539062500000000e-01
5.277005434036254883e-01
-3.474004566669464111e-02
4.265278279781341553e-01
4.095387160778045654e-01
-7.380120456218719482e-02
4.493399262428283691e-01
3.332175612449645996e-01
-9.820737689733505249e-02
4.635958671569824219e-01
2.703780531883239746e-01
-1.111705824732780457e-01
3.208867609500885010e-01
5.145033597946166992e-01
-3.648618236184120178e-02
3.060369491577148438e-01
3.675953745841979980e-01
-7.875499129295349121e-02
2.965748608112335205e-01
2.817165255546569824e-01
-1.021709293127059937e-01
2.878026068210601807e-01
2.091173529624938965e-01
-1.096318066120147705e-01
2.670986652374267578e-01
5.464762449264526367e-01
-4.481342434883117676e-02
2.457280158996582031e-01
5.181853175163269043e-01
-1.038487926125526428e-01
2.647263407707214355e-01
5.966482758522033691e-01
-1.158139929175376892e-01
2.809173464775085449e-01
6.448629498481750488e-01
-1.043517217040061951e-01
2.258795797824859619e-01
6.018385291099548340e-01
-5.677092075347900391e-02
2.163756489753723145e-01
5.948783755302429199e-01
-9.855954349040985107e-02
2.375216186046600342e-01
6.495403051376342773e-01
-9.735016524791717529e-02
2.577504515647888184e-01
6.867495179176330566e-01
-8.393093198537826538e-02
