3.007074296474456787e-01
8.659285902976989746e-01
9.173882631330343429e-07
3.598676025867462158e-01
8.126934170722961426e-01
-4.212015494704246521e-02
3.776499032974243164e-01
7.271061539649963379e-01
-6.038390472531318665e-02
3.363031148910522461e-01
6.799694299697875977e-01
-7.824223488569259644e-02
2.789108753204345703e-01
6.527357101440429688e-01
-9.395878016948699951e-02
3.812146186828613281e-01
5.586794018745422363e-01
-2.891563065350055695e-02
4.212579727172851562e-01
4.380773901939392090e-01
-6.460087746381759644e-02
4.439455270767211914e-01
3.593717813491821289e-01
-8.656213432550430298e-02
4.571198225021362305e-01
2.971172332763671875e-01
-9.710367769002914429e-02
3.200176954269409180e-01
5.468476414680480957e-01
-3.125743940472602844e-02
3.071567416191101074e-01
3.994181752204895020e-01
-6.877656280994415283e-02
2.997766435146331787e-01
3.114628195762634277e-01
-9.056469798088073730e-02
2.921871840953826904e-01
2.400238513946533203e-01
-9.690821170806884766e-02
2.680315971374511719e-01
5.783932805061340332e-01
-3.926619514822959900e-02
2.463738769292831421e-01
5.549598932266235352e-01
-9.092789888381958008e-02
2.595319747924804688e-01
6.214004158973693848e-01
-1.039960905909538269e-01
2.696584761142730713e-01
6.639459133148193359e-01
-9.431635588407516479e-02
2.283569574356079102e-01
6.314582824707031250e-01
-5.039498209953308105e-02
2.173541337251663208e-01
6.244970560073852539e-01
-8.469250798225402832e-02
2.321372926235198975e-01
6.692706346511840820e-01
-8.267042040824890137e-02
2.451374828815460205e-01
7.006524205207824707e-01
-6.969941407442092896e-02
