3.014575242996215820e-01
8.642345666885375977e-01
9.464962431593448855e-07
3.596670031547546387e-01
8.145323991775512695e-01
-4.230875894427299500e-02
3.776900768280029297e-01
7.345113754272460938e-01
-6.246946752071380615e-02
3.385467827320098877e-01
6.883011460304260254e-01
-8.250042796134948730e-02
2.837186157703399658e-01
6.571633815765380859e-01
-1.005089059472084045e-01
3.825083076953887939e-01
5.593577027320861816e-01
-3.129181265830993652e-02
4.217717349529266357e-01
4.380278587341308594e-01
-6.893743574619293213e-02
4.436538815498352051e-01
3.585644960403442383e-01
-9.239278733730316162e-02
4.556318223476409912e-01
2.953132092952728271e-01
-1.039786487817764282e-01
3.199083209037780762e-01
5.477617383003234863e-01
-3.509316220879554749e-02
3.058024048805236816e-01
3.973550200462341309e-01
-7.535924017429351807e-02
2.985023260116577148e-01
3.097126483917236328e-01
-9.859436005353927612e-02
2.907555103302001953e-01
2.374976873397827148e-01
-1.054531335830688477e-01
2.675362825393676758e-01
5.802117586135864258e-01
-4.449421539902687073e-02
2.455708384513854980e-01
5.523446798324584961e-01
-9.992602467536926270e-02
2.616848051548004150e-01
6.241196990013122559e-01
-1.128665730357170105e-01
2.746263146400451660e-01
6.695216894149780273e-01
-1.020548269152641296e-01
2.268046438694000244e-01
6.352556347846984863e-01
-5.681201070547103882e-02
2.159270942211151123e-01
6.243624687194824219e-01
-9.385197609663009644e-02
2.319224774837493896e-01
6.718490719795227051e-01
-9.117650985717773438e-02
2.473716437816619873e-01
7.057774066925048828e-01
-7.696242630481719971e-02
