3.115604519844055176e-01
8.688539862632751465e-01
9.567946790411951952e-07
3.725371956825256348e-01
8.229459524154663086e-01
-4.775992780923843384e-02
3.999065160751342773e-01
7.442142963409423828e-01
-7.022011280059814453e-02
3.598493337631225586e-01
6.986331939697265625e-01
-9.158833324909210205e-02
3.027964532375335693e-01
6.695250868797302246e-01
-1.104022637009620667e-01
4.020310044288635254e-01
5.639668107032775879e-01
-3.359725326299667358e-02
4.420439600944519043e-01
4.422926306724548340e-01
-6.996349990367889404e-02
4.625650942325592041e-01
3.647800683975219727e-01
-9.210333973169326782e-02
4.757653772830963135e-01
3.022277653217315674e-01
-1.033217236399650574e-01
3.396535217761993408e-01
5.515549778938293457e-01
-3.498229756951332092e-02
3.270423412322998047e-01
4.041079282760620117e-01
-7.407906651496887207e-02
3.206430077552795410e-01
3.162608444690704346e-01
-9.725587069988250732e-02
3.156771659851074219e-01
2.441398203372955322e-01
-1.047776266932487488e-01
2.860723733901977539e-01
5.827634334564208984e-01
-4.244883731007575989e-02
2.680754661560058594e-01
5.608651041984558105e-01
-9.737602621316909790e-02
2.804332971572875977e-01
6.311333775520324707e-01
-1.114943623542785645e-01
2.894138693809509277e-01
6.750888824462890625e-01
-1.023246869444847107e-01
2.439611554145812988e-01
6.351259350776672363e-01
-5.347396805882453918e-02
2.336326688528060913e-01
6.355379819869995117e-01
-9.163914620876312256e-02
2.486319243907928467e-01
6.856385469436645508e-01
-9.129779785871505737e-02
2.614350318908691406e-01
7.182016372680664062e-01
-7.917109876871109009e-02
