3.093342185020446777e-01
8.640552759170532227e-01
9.618402145861182362e-07
3.707680404186248779e-01
8.212486505508422852e-01
-4.580911993980407715e-02
3.991003930568695068e-01
7.471201419830322266e-01
-6.851121783256530762e-02
3.614511787891387939e-01
6.988760232925415039e-01
-9.093731641769409180e-02
3.055103421211242676e-01
6.643300056457519531e-01
-1.104797646403312683e-01
4.021650552749633789e-01
5.640315413475036621e-01
-3.127190470695495605e-02
4.413079619407653809e-01
4.408978819847106934e-01
-6.855339556932449341e-02
4.620990157127380371e-01
3.638198077678680420e-01
-9.136940538883209229e-02
4.745151996612548828e-01
3.007855415344238281e-01
-1.028695106506347656e-01
3.385714888572692871e-01
5.501322150230407715e-01
-3.414528444409370422e-02
3.225814700126647949e-01
4.021143913269042969e-01
-7.481709867715835571e-02
3.158886730670928955e-01
3.150292634963989258e-01
-9.904219955205917358e-02
3.112128078937530518e-01
2.409382462501525879e-01
-1.067418828606605530e-01
2.857845127582550049e-01
5.800366401672363281e-01
-4.307245090603828430e-02
2.663497626781463623e-01
5.634655356407165527e-01
-9.969443082809448242e-02
2.820322215557098389e-01
6.377229094505310059e-01
-1.135120540857315063e-01
2.957155108451843262e-01
6.820619106292724609e-01
-1.031883656978607178e-01
2.448373734951019287e-01
6.317526102066040039e-01
-5.530505254864692688e-02
2.341103553771972656e-01
6.346182227134704590e-01
-9.322831034660339355e-02
2.512903213500976562e-01
6.869902610778808594e-01
-9.139791876077651978e-02
2.686538994312286377e-01
7.213493585586547852e-01
-7.771429419517517090e-02
