3.114376366138458252e-01
8.626586198806762695e-01
9.484747920396330301e-07
3.720463216304779053e-01
8.188632130622863770e-01
-4.407276213169097900e-02
3.997750878334045410e-01
7.438119649887084961e-01
-6.593382358551025391e-02
3.608042299747467041e-01
6.969534754753112793e-01
-8.789502084255218506e-02
3.051401376724243164e-01
6.645271778106689453e-01
-1.071509718894958496e-01
4.024938941001892090e-01
5.635089874267578125e-01
-2.989065647125244141e-02
4.412674903869628906e-01
4.404471516609191895e-01
-6.695204228162765503e-02
4.617790579795837402e-01
3.630742430686950684e-01
-8.949109166860580444e-02
4.739671349525451660e-01
3.003254532814025879e-01
-1.008074879646301270e-01
3.389238715171813965e-01
5.509173274040222168e-01
-3.358281031250953674e-02
3.223794698715209961e-01
4.026405215263366699e-01
-7.433737814426422119e-02
3.159403204917907715e-01
3.156497478485107422e-01
-9.880331158638000488e-02
3.117973804473876953e-01
2.417096495628356934e-01
-1.065691560506820679e-01
2.859597504138946533e-01
5.813816189765930176e-01
-4.313303530216217041e-02
2.672427594661712646e-01
5.656967163085937500e-01
-1.000645309686660767e-01
2.835092544555664062e-01
6.406596899032592773e-01
-1.143928468227386475e-01
2.972685098648071289e-01
6.852312684059143066e-01
-1.042658314108848572e-01
2.449675649404525757e-01
6.336541771888732910e-01
-5.575987324118614197e-02
2.350326478481292725e-01
6.392147541046142578e-01
-9.379263967275619507e-02
2.523154914379119873e-01
6.921243667602539062e-01
-9.221374988555908203e-02
2.693101763725280762e-01
7.261724472045898438e-01
-7.866493612527847290e-02
