3.289439976215362549e-01
8.663910627365112305e-01
9.241340990229218733e-07
3.942281603813171387e-01
8.231978416442871094e-01
-4.414039850234985352e-02
4.183534681797027588e-01
7.453206777572631836e-01
-6.528253108263015747e-02
3.823561668395996094e-01
7.009734511375427246e-01
-8.665214478969573975e-02
3.300982117652893066e-01
6.665704250335693359e-01
-1.057531684637069702e-01
4.207715988159179688e-01
5.623569488525390625e-01
-2.852229401469230652e-02
4.601527452468872070e-01
4.427386522293090820e-01
-6.542194634675979614e-02
4.808867275714874268e-01
3.668376803398132324e-01
-8.854611963033676147e-02
4.939424991607666016e-01
3.061212897300720215e-01
-1.008820235729217529e-01
3.597898185253143311e-01
5.521920919418334961e-01
-3.147638216614723206e-02
3.489817678928375244e-01
4.083014428615570068e-01
-7.149557024240493774e-02
3.430134356021881104e-01
3.206381201744079590e-01
-9.545370936393737793e-02
3.373458981513977051e-01
2.489328384399414062e-01
-1.041542291641235352e-01
3.087680637836456299e-01
5.855134129524230957e-01
-4.066755995154380798e-02
2.868306636810302734e-01
5.465701818466186523e-01
-9.510870277881622314e-02
3.011861145496368408e-01
6.149696707725524902e-01
-1.080864593386650085e-01
3.153297007083892822e-01
6.613747477531433105e-01
-9.888869524002075195e-02
2.689936161041259766e-01
6.430159807205200195e-01
-5.320319160819053650e-02
2.542980015277862549e-01
6.321917772293090820e-01
-9.143944084644317627e-02
2.673630714416503906e-01
6.760903596878051758e-01
-9.134172648191452026e-02
2.828810214996337891e-01
7.082868218421936035e-01
-7.980149984359741211e-02
