3.294346630573272705e-01
8.582646846771240234e-01
9.152938673651078716e-07
3.926001787185668945e-01
8.201365470886230469e-01
-4.364028200507164001e-02
4.187819957733154297e-01
7.443970441818237305e-01
-6.395937502384185791e-02
3.816933929920196533e-01
6.953607797622680664e-01
-8.416958898305892944e-02
3.271268308162689209e-01
6.591255068778991699e-01
-1.018306165933609009e-01
4.236003458499908447e-01
5.637642741203308105e-01
-2.784845046699047089e-02
4.617967903614044189e-01
4.417330324649810791e-01
-6.408999115228652954e-02
4.825262427330017090e-01
3.640718758106231689e-01
-8.621422201395034790e-02
4.944947063922882080e-01
3.020980656147003174e-01
-9.766518324613571167e-02
3.611382246017456055e-01
5.501479506492614746e-01
-3.084566816687583923e-02
3.469347357749938965e-01
4.038012027740478516e-01
-7.149425894021987915e-02
3.392180502414703369e-01
3.160839080810546875e-01
-9.544424712657928467e-02
3.315316438674926758e-01
2.443397045135498047e-01
-1.030377298593521118e-01
3.097839951515197754e-01
5.809392333030700684e-01
-3.987868130207061768e-02
2.893136739730834961e-01
5.499665737152099609e-01
-9.661921858787536621e-02
3.047304451465606689e-01
6.217532753944396973e-01
-1.100671961903572083e-01
3.184830248355865479e-01
6.669624447822570801e-01
-9.968396276235580444e-02
2.707457542419433594e-01
6.359986066818237305e-01
-5.188914388418197632e-02
2.598831653594970703e-01
6.288319230079650879e-01
-9.132581204175949097e-02
2.730506360530853271e-01
6.767883300781250000e-01
-9.075396507978439331e-02
2.871516048908233643e-01
7.096843123435974121e-01
-7.794666290283203125e-02
