3.489797115325927734e-01
8.569133877754211426e-01
8.944840601543546654e-07
4.120045900344848633e-01
8.092684149742126465e-01
-4.139377176761627197e-02
4.391604363918304443e-01
7.288894653320312500e-01
-6.104035302996635437e-02
3.999352753162384033e-01
6.837333440780639648e-01
-8.134289085865020752e-02
3.460237681865692139e-01
6.518841981887817383e-01
-9.952359646558761597e-02
4.432037472724914551e-01
5.564523935317993164e-01
-2.467682771384716034e-02
4.830469787120819092e-01
4.404550194740295410e-01
-5.968885123729705811e-02
5.043889880180358887e-01
3.666135668754577637e-01
-8.237546682357788086e-02
5.184562206268310547e-01
3.067530393600463867e-01
-9.499782323837280273e-02
3.816817104816436768e-01
5.478644967079162598e-01
-2.894748002290725708e-02
3.706528544425964355e-01
4.069606959819793701e-01
-6.767843663692474365e-02
3.662844896316528320e-01
3.206385672092437744e-01
-9.385241568088531494e-02
3.630454242229461670e-01
2.492393851280212402e-01
-1.048922538757324219e-01
3.299509584903717041e-01
5.813361406326293945e-01
-3.887220099568367004e-02
3.099837303161621094e-01
5.479779243469238281e-01
-9.425434470176696777e-02
3.214487433433532715e-01
6.157150864601135254e-01
-1.104534342885017395e-01
3.304471075534820557e-01
6.632203459739685059e-01
-1.035633385181427002e-01
2.897660732269287109e-01
6.379397511482238770e-01
-5.165858939290046692e-02
2.765108048915863037e-01
6.280353665351867676e-01
-9.224511682987213135e-02
2.889925539493560791e-01
6.739153861999511719e-01
-9.443711489439010620e-02
3.016377687454223633e-01
7.082946300506591797e-01
-8.437255769968032837e-02
