3.490106165409088135e-01
8.518712520599365234e-01
9.019776712193561252e-07
4.108358323574066162e-01
8.107759952545166016e-01
-4.497617110610008240e-02
4.387801885604858398e-01
7.344208359718322754e-01
-6.506942212581634521e-02
3.973340094089508057e-01
6.822028756141662598e-01
-8.414165675640106201e-02
3.417383134365081787e-01
6.419779062271118164e-01
-1.005243584513664246e-01
4.446164369583129883e-01
5.618475675582885742e-01
-2.956681698560714722e-02
4.846065640449523926e-01
4.428607225418090820e-01
-6.437578797340393066e-02
5.058786869049072266e-01
3.678718805313110352e-01
-8.581943064928054810e-02
5.184490680694580078e-01
3.063258528709411621e-01
-9.718495607376098633e-02
3.826787471771240234e-01
5.476922988891601562e-01
-3.111026808619499207e-02
3.691566288471221924e-01
4.025300145149230957e-01
-6.976973265409469604e-02
3.628745377063751221e-01
3.185706734657287598e-01
-9.370230883359909058e-02
3.583396673202514648e-01
2.477798461914062500e-01
-1.021151095628738403e-01
3.317408859729766846e-01
5.773631930351257324e-01
-3.835646808147430420e-02
3.099617362022399902e-01
5.472444295883178711e-01
-9.341716766357421875e-02
3.218011260032653809e-01
6.166354417800903320e-01
-1.074658930301666260e-01
3.335462808609008789e-01
6.594324111938476562e-01
-9.851232916116714478e-02
2.923488616943359375e-01
6.298931241035461426e-01
-4.861066862940788269e-02
2.793657481670379639e-01
6.208691596984863281e-01
-8.801896125078201294e-02
2.927328050136566162e-01
6.692072153091430664e-01
-8.814430981874465942e-02
3.079413771629333496e-01
7.026394605636596680e-01
-7.618460059165954590e-02
