3.612477779388427734e-01
8.560301065444946289e-01
8.974287766250199638e-07
4.289012849330902100e-01
8.171969056129455566e-01
-4.676118493080139160e-02
4.617021381855010986e-01
7.413656711578369141e-01
-6.754351407289505005e-02
4.276807904243469238e-01
6.900336742401123047e-01
-8.745824545621871948e-02
3.744065463542938232e-01
6.500582098960876465e-01
-1.048582345247268677e-01
4.637257456779479980e-01
5.609213113784790039e-01
-2.907069027423858643e-02
5.036172270774841309e-01
4.444281458854675293e-01
-6.324209272861480713e-02
5.239993929862976074e-01
3.712020218372344971e-01
-8.555042743682861328e-02
5.376458764076232910e-01
3.118077516555786133e-01
-9.809131920337677002e-02
4.018015861511230469e-01
5.480397939682006836e-01
-3.035764396190643311e-02
3.916361927986145020e-01
4.040109515190124512e-01
-6.717065721750259399e-02
3.879707455635070801e-01
3.185404241085052490e-01
-9.150473028421401978e-02
3.850269317626953125e-01
2.506248652935028076e-01
-1.013340353965759277e-01
3.489037454128265381e-01
5.792638659477233887e-01
-3.779882192611694336e-02
3.324849605560302734e-01
5.405022501945495605e-01
-9.169019013643264771e-02
3.448749184608459473e-01
6.071148514747619629e-01
-1.067265272140502930e-01
3.539909422397613525e-01
6.538794040679931641e-01
-9.944928437471389771e-02
3.076926171779632568e-01
6.334336400032043457e-01
-4.862836003303527832e-02
2.964392006397247314e-01
6.212848424911499023e-01
-8.928354829549789429e-02
3.076079487800598145e-01
6.662515401840209961e-01
-9.181974828243255615e-02
3.185231685638427734e-01
6.998717784881591797e-01
-8.206520229578018188e-02
