3.034301698207855225e-01
8.419471979141235352e-01
1.017863382912764791e-06
3.682889044284820557e-01
7.941483259201049805e-01
-5.172835290431976318e-02
3.907967507839202881e-01
7.120510339736938477e-01
-7.658118754625320435e-02
3.496706187725067139e-01
6.593964099884033203e-01
-9.978913515806198120e-02
2.900213897228240967e-01
6.202554106712341309e-01
-1.199828833341598511e-01
3.848947286605834961e-01
5.279355645179748535e-01
-3.532614186406135559e-02
4.260275363922119141e-01
4.099461436271667480e-01
-7.448983937501907349e-02
4.488592743873596191e-01
3.331936001777648926e-01
-9.920710325241088867e-02
4.634110927581787109e-01
2.706378102302551270e-01
-1.122345104813575745e-01
3.200054168701171875e-01
5.159404873847961426e-01
-3.591688349843025208e-02
3.042056262493133545e-01
3.679595589637756348e-01
-7.853577286005020142e-02
2.952585220336914062e-01
2.812820374965667725e-01
-1.022135093808174133e-01
2.875377535820007324e-01
2.092848420143127441e-01
-1.094520837068557739e-01
2.668683230876922607e-01
5.500260591506958008e-01
-4.335600510239601135e-02
2.430290579795837402e-01
5.199649930000305176e-01
-1.041872054338455200e-01
2.601559162139892578e-01
5.990691184997558594e-01
-1.166942492127418518e-01
2.762433290481567383e-01
6.483761668205261230e-01
-1.046317294239997864e-01
2.264498770236968994e-01
6.074907183647155762e-01
-5.438832566142082214e-02
2.126740813255310059e-01
5.963504910469055176e-01
-9.785339236259460449e-02
2.326720058917999268e-01
6.504938602447509766e-01
-9.661849588155746460e-02
2.536219358444213867e-01
6.887645721435546875e-01
-8.243715018033981323e-02
