3.580431342124938965e-01
8.539438247680664062e-01
8.954626196100434754e-07
4.235422909259796143e-01
8.164270520210266113e-01
-4.630010202527046204e-02
4.589824676513671875e-01
7.419432997703552246e-01
-6.683536618947982788e-02
4.281618893146514893e-01
6.889443397521972656e-01
-8.651128411293029785e-02
3.753066658973693848e-01
6.447585821151733398e-01
-1.033619642257690430e-01
4.625985324382781982e-01
5.600152611732482910e-01
-2.805935218930244446e-02
5.038468241691589355e-01
4.423923194408416748e-01
-6.074976176023483276e-02
5.251252651214599609e-01
3.701295852661132812e-01
-8.219564706087112427e-02
5.387636423110961914e-01
3.104735910892486572e-01
-9.443347901105880737e-02
4.006156921386718750e-01
5.459466576576232910e-01
-2.960689552128314972e-02
3.900923430919647217e-01
4.018244743347167969e-01
-6.547997891902923584e-02
3.865069448947906494e-01
3.161418437957763672e-01
-8.948634564876556396e-02
3.839156627655029297e-01
2.467868328094482422e-01
-9.928275644779205322e-02
3.478613197803497314e-01
5.765653848648071289e-01
-3.723790124058723450e-02
3.328520953655242920e-01
5.378338098526000977e-01
-9.062007814645767212e-02
3.455780446529388428e-01
6.061515808105468750e-01
-1.058240681886672974e-01
3.549490272998809814e-01
6.520325541496276855e-01
-9.891860187053680420e-02
3.071517944335937500e-01
6.307329535484313965e-01
-4.815948754549026489e-02
2.990712821483612061e-01
6.213782429695129395e-01
-8.863919973373413086e-02
3.115180134773254395e-01
6.693626046180725098e-01
-9.137073904275894165e-02
3.234340846538543701e-01
7.038607597351074219e-01
-8.188228309154510498e-02
