3.716074228286743164e-01
8.533980846405029297e-01
8.779782660894852597e-07
4.378659129142761230e-01
8.167682886123657227e-01
-4.914059117436408997e-02
4.688895940780639648e-01
7.452832460403442383e-01
-7.358254492282867432e-02
4.428507089614868164e-01
6.919337511062622070e-01
-9.748346358537673950e-02
3.941093981266021729e-01
6.439309716224670410e-01
-1.183619499206542969e-01
4.724829792976379395e-01
5.548369884490966797e-01
-2.983014099299907684e-02
5.134724974632263184e-01
4.418756365776062012e-01
-6.520213931798934937e-02
5.363666415214538574e-01
3.693843483924865723e-01
-8.994518220424652100e-02
5.522990226745605469e-01
3.087675869464874268e-01
-1.053739637136459351e-01
4.138427972793579102e-01
5.446014404296875000e-01
-3.127048909664154053e-02
4.041545391082763672e-01
4.048306643962860107e-01
-6.975331902503967285e-02
4.001283943653106689e-01
3.188990652561187744e-01
-9.635689109563827515e-02
3.969612717628479004e-01
2.483353912830352783e-01
-1.092975214123725891e-01
3.631044328212738037e-01
5.785311460494995117e-01
-3.922025114297866821e-02
3.466097116470336914e-01
5.266367197036743164e-01
-9.507124871015548706e-02
3.587584495544433594e-01
5.896144509315490723e-01
-1.113488301634788513e-01
3.694043457508087158e-01
6.382296681404113770e-01
-1.061656475067138672e-01
3.237870931625366211e-01
6.380209326744079590e-01
-5.085441842675209045e-02
3.136669993400573730e-01
6.192726492881774902e-01
-9.421393275260925293e-02
3.272421360015869141e-01
6.590222120285034180e-01
-9.975092113018035889e-02
3.414478302001953125e-01
6.929029226303100586e-01
-9.307155013084411621e-02
