3.793612718582153320e-01
8.468126058578491211e-01
8.739135637370054610e-07
4.440397024154663086e-01
8.136002421379089355e-01
-4.775416105985641479e-02
4.751530289649963379e-01
7.397655844688415527e-01
-7.071599364280700684e-02
4.538639485836029053e-01
6.900226473808288574e-01
-9.370205551385879517e-02
4.077239334583282471e-01
6.446588635444641113e-01
-1.135366186499595642e-01
4.805999994277954102e-01
5.526238679885864258e-01
-2.613360248506069183e-02
5.200992226600646973e-01
4.407226443290710449e-01
-6.089641153812408447e-02
5.412300825119018555e-01
3.691024780273437500e-01
-8.498651534318923950e-02
5.547574162483215332e-01
3.080779612064361572e-01
-1.005280688405036926e-01
4.227270483970642090e-01
5.406323671340942383e-01
-2.910484932363033295e-02
4.133538007736206055e-01
4.022044539451599121e-01
-6.866178661584854126e-02
4.101825356483459473e-01
3.181913793087005615e-01
-9.523192793130874634e-02
4.067584276199340820e-01
2.478017508983612061e-01
-1.079922094941139221e-01
3.721361756324768066e-01
5.737915635108947754e-01
-3.877975791692733765e-02
3.543441593647003174e-01
5.173913240432739258e-01
-9.720595926046371460e-02
3.695290088653564453e-01
5.911199450492858887e-01
-1.129950881004333496e-01
3.830668926239013672e-01
6.457803249359130859e-01
-1.069045737385749817e-01
3.325550556182861328e-01
6.346949338912963867e-01
-5.212137848138809204e-02
3.221293389797210693e-01
6.241787672042846680e-01
-9.917858988046646118e-02
3.372870385646820068e-01
6.696828603744506836e-01
-1.065730899572372437e-01
3.526373803615570068e-01
7.049365043640136719e-01
-1.008438840508460999e-01
