3.810833096504211426e-01
8.437151908874511719e-01
8.719454740457877051e-07
4.456714689731597900e-01
8.113516569137573242e-01
-4.961859807372093201e-02
4.775922298431396484e-01
7.397421598434448242e-01
-7.306706160306930542e-02
4.572117328643798828e-01
6.892759203910827637e-01
-9.559064358472824097e-02
4.104059338569641113e-01
6.447978019714355469e-01
-1.146325245499610901e-01
4.810829460620880127e-01
5.497977733612060547e-01
-2.859668992459774017e-02
5.215021371841430664e-01
4.385341405868530273e-01
-6.274013221263885498e-02
5.428471565246582031e-01
3.688623309135437012e-01
-8.608754724264144897e-02
5.566422939300537109e-01
3.096120953559875488e-01
-1.009524539113044739e-01
4.225029349327087402e-01
5.382672548294067383e-01
-3.043654933571815491e-02
4.116429984569549561e-01
3.996185660362243652e-01
-6.895776093006134033e-02
4.079359769821166992e-01
3.178153038024902344e-01
-9.428625553846359253e-02
4.037742912769317627e-01
2.497298419475555420e-01
-1.058467030525207520e-01
3.711124956607818604e-01
5.727445483207702637e-01
-3.911955654621124268e-02
3.541657924652099609e-01
5.227984786033630371e-01
-9.715740382671356201e-02
3.710433542728424072e-01
5.932568311691284180e-01
-1.130963638424873352e-01
3.851395249366760254e-01
6.438733339309692383e-01
-1.069801226258277893e-01
3.313984572887420654e-01
6.340835094451904297e-01
-5.151356756687164307e-02
3.224109411239624023e-01
6.240598559379577637e-01
-9.820419549942016602e-02
3.380311429500579834e-01
6.704114079475402832e-01
-1.049405932426452637e-01
3.525881767272949219e-01
7.054758071899414062e-01
-9.862200915813446045e-02
