3.836395740509033203e-01
8.424058556556701660e-01
8.379134328606596682e-07
4.504916965961456299e-01
8.115535974502563477e-01
-4.908652603626251221e-02
4.834244251251220703e-01
7.405554652214050293e-01
-7.152532041072845459e-02
4.609974622726440430e-01
6.897813677787780762e-01
-9.328894317150115967e-02
4.165658354759216309e-01
6.460630297660827637e-01
-1.115976795554161072e-01
4.839424192905426025e-01
5.498742461204528809e-01
-2.530847117304801941e-02
5.221638679504394531e-01
4.403305649757385254e-01
-5.683274194598197937e-02
5.415403246879577637e-01
3.725995421409606934e-01
-7.846064865589141846e-02
5.544605255126953125e-01
3.151436746120452881e-01
-9.244632720947265625e-02
4.269468784332275391e-01
5.400504469871520996e-01
-2.678486704826354980e-02
4.176438152790069580e-01
4.043132066726684570e-01
-6.286934763193130493e-02
4.138274192810058594e-01
3.229288160800933838e-01
-8.720989525318145752e-02
4.100446701049804688e-01
2.555928528308868408e-01
-9.872335195541381836e-02
3.772740960121154785e-01
5.743796825408935547e-01
-3.520287200808525085e-02
3.612180352210998535e-01
5.193830728530883789e-01
-9.183012694120407104e-02
3.755378723144531250e-01
5.895923972129821777e-01
-1.081523150205612183e-01
3.880285918712615967e-01
6.422879695892333984e-01
-1.026696264743804932e-01
3.377076387405395508e-01
6.345080733299255371e-01
-4.729167744517326355e-02
3.271752595901489258e-01
6.230377554893493652e-01
-9.426910430192947388e-02
3.422940969467163086e-01
6.678367257118225098e-01
-1.025863215327262878e-01
3.573439121246337891e-01
7.026652097702026367e-01
-9.751923382282257080e-02
