3.841322958469390869e-01
8.440338373184204102e-01
8.658965384711336810e-07
4.489858448505401611e-01
8.140271902084350586e-01
-5.174391344189643860e-02
4.817148149013519287e-01
7.439282536506652832e-01
-7.531911134719848633e-02
4.619736969470977783e-01
6.924715042114257812e-01
-9.720935672521591187e-02
4.183637797832489014e-01
6.473613977432250977e-01
-1.154504045844078064e-01
4.834858179092407227e-01
5.522471666336059570e-01
-2.993341907858848572e-02
5.229563713073730469e-01
4.412122964859008789e-01
-6.169634312391281128e-02
5.436887741088867188e-01
3.727254271507263184e-01
-8.403935283422470093e-02
5.571467280387878418e-01
3.149810731410980225e-01
-9.852284938097000122e-02
4.265417754650115967e-01
5.429515838623046875e-01
-2.992580458521842957e-02
4.157825410366058350e-01
4.066151380538940430e-01
-6.468427926301956177e-02
4.122889339923858643e-01
3.238691091537475586e-01
-8.961868286132812500e-02
4.079472422599792480e-01
2.558040618896484375e-01
-1.023108959197998047e-01
3.757234513759613037e-01
5.782380700111389160e-01
-3.691051155328750610e-02
3.614797592163085938e-01
5.275474786758422852e-01
-9.053622186183929443e-02
3.765011727809906006e-01
5.838198065757751465e-01
-1.084562316536903381e-01
3.875553011894226074e-01
6.267827153205871582e-01
-1.056385710835456848e-01
3.360630571842193604e-01
6.386687159538269043e-01
-4.793728515505790710e-02
3.306620717048645020e-01
6.259494423866271973e-01
-9.219295531511306763e-02
3.454882502555847168e-01
6.631823778152465820e-01
-1.010608524084091187e-01
3.573999404907226562e-01
6.927654147148132324e-01
-9.745954722166061401e-02
