3.841310739517211914e-01
8.393682837486267090e-01
8.849328310134296771e-07
4.491204619407653809e-01
8.080123662948608398e-01
-5.223003402352333069e-02
4.826019406318664551e-01
7.401316165924072266e-01
-7.660401612520217896e-02
4.609392583370208740e-01
6.904801726341247559e-01
-9.915411472320556641e-02
4.155555665493011475e-01
6.493901610374450684e-01
-1.180438548326492310e-01
4.842728376388549805e-01
5.503476262092590332e-01
-3.068644739687442780e-02
5.234978199005126953e-01
4.407550692558288574e-01
-6.285297125577926636e-02
5.440555214881896973e-01
3.727867007255554199e-01
-8.538888394832611084e-02
5.568284988403320312e-01
3.147670030593872070e-01
-1.000944301486015320e-01
4.275517165660858154e-01
5.411030054092407227e-01
-3.055868484079837799e-02
4.161541759967803955e-01
4.053888916969299316e-01
-6.584531068801879883e-02
4.124055206775665283e-01
3.235215246677398682e-01
-9.077977389097213745e-02
4.076877534389495850e-01
2.547336220741271973e-01
-1.033799722790718079e-01
3.770110905170440674e-01
5.764053463935852051e-01
-3.744623437523841858e-02
3.622740209102630615e-01
5.281291007995605469e-01
-9.095729887485504150e-02
3.769166469573974609e-01
5.837331414222717285e-01
-1.084846928715705872e-01
3.878698050975799561e-01
6.246255636215209961e-01
-1.054577901959419250e-01
3.376668989658355713e-01
6.362991333007812500e-01
-4.847343638539314270e-02
3.314918875694274902e-01
6.254305839538574219e-01
-9.190847724676132202e-02
3.463186323642730713e-01
6.616743803024291992e-01
-1.003323122859001160e-01
3.590828776359558105e-01
6.889452934265136719e-01
-9.663835167884826660e-02
