3.853195905685424805e-01
8.427155017852783203e-01
8.978369123724405654e-07
4.490896165370941162e-01
8.118066191673278809e-01
-5.440699681639671326e-02
4.831221103668212891e-01
7.402814626693725586e-01
-7.943213731050491333e-02
4.574120044708251953e-01
6.873862743377685547e-01
-1.021755784749984741e-01
4.097044169902801514e-01
6.404589414596557617e-01
-1.210216581821441650e-01
4.854961335659027100e-01
5.538418292999267578e-01
-3.190576285123825073e-02
5.230936408042907715e-01
4.443277120590209961e-01
-6.460005044937133789e-02
5.436464548110961914e-01
3.763262629508972168e-01
-8.721400797367095947e-02
5.571634769439697266e-01
3.189235925674438477e-01
-1.015966758131980896e-01
4.275140762329101562e-01
5.430213212966918945e-01
-3.080990538001060486e-02
4.160396456718444824e-01
4.088813662528991699e-01
-6.752412766218185425e-02
4.134595990180969238e-01
3.283408582210540771e-01
-9.216977655887603760e-02
4.098601341247558594e-01
2.592304348945617676e-01
-1.036875769495964050e-01
3.755894005298614502e-01
5.748179554939270020e-01
-3.696368262171745300e-02
3.635315299034118652e-01
5.305027961730957031e-01
-9.344323724508285522e-02
3.826258182525634766e-01
6.020925045013427734e-01
-1.094770580530166626e-01
3.955987989902496338e-01
6.506025791168212891e-01
-1.038336530327796936e-01
3.343169987201690674e-01
6.293879151344299316e-01
-4.727109894156455994e-02
3.317307531833648682e-01
6.196712851524353027e-01
-9.291870146989822388e-02
3.502033352851867676e-01
6.697546839714050293e-01
-9.984005242586135864e-02
3.650585114955902100e-01
7.035872340202331543e-01
-9.388797730207443237e-02
