3.846936523914337158e-01
8.426682949066162109e-01
9.081891221285331994e-07
4.475946426391601562e-01
8.133081197738647461e-01
-5.614152178168296814e-02
4.825894832611083984e-01
7.444304227828979492e-01
-8.273529261350631714e-02
4.601710140705108643e-01
6.917793750762939453e-01
-1.069186553359031677e-01
4.141731560230255127e-01
6.435576677322387695e-01
-1.271263659000396729e-01
4.857478439807891846e-01
5.550661683082580566e-01
-3.383429348468780518e-02
5.229476094245910645e-01
4.461140632629394531e-01
-6.821473687887191772e-02
5.433431863784790039e-01
3.777569532394409180e-01
-9.219745546579360962e-02
5.567771792411804199e-01
3.194932341575622559e-01
-1.075114309787750244e-01
4.283104240894317627e-01
5.435492992401123047e-01
-3.218771517276763916e-02
4.166016876697540283e-01
4.096003472805023193e-01
-7.038375735282897949e-02
4.138070940971374512e-01
3.293965756893157959e-01
-9.558408707380294800e-02
4.102344214916229248e-01
2.596959173679351807e-01
-1.073364019393920898e-01
3.766199946403503418e-01
5.747829079627990723e-01
-3.793140873312950134e-02
3.633483946323394775e-01
5.315402746200561523e-01
-9.501166641712188721e-02
3.814412951469421387e-01
6.028901338577270508e-01
-1.102514639496803284e-01
3.944367170333862305e-01
6.507945060729980469e-01
-1.040577590465545654e-01
3.354563117027282715e-01
6.294439435005187988e-01
-4.811370000243186951e-02
3.313427567481994629e-01
6.215738654136657715e-01
-9.372581541538238525e-02
3.492837250232696533e-01
6.715599298477172852e-01
-1.001322865486145020e-01
3.642222583293914795e-01
7.053331732749938965e-01
-9.382570534944534302e-02
