3.777574598789215088e-01
8.421853184700012207e-01
8.358925356333202217e-07
4.415546357631683350e-01
8.143718242645263672e-01
-5.082468688488006592e-02
4.753305017948150635e-01
7.438921928405761719e-01
-7.310485094785690308e-02
4.566572606563568115e-01
6.899555921554565430e-01
-9.341971576213836670e-02
4.142423272132873535e-01
6.404998898506164551e-01
-1.095923110842704773e-01
4.808654189109802246e-01
5.556690096855163574e-01
-2.747544087469577789e-02
5.196733474731445312e-01
4.458693265914916992e-01
-5.835556983947753906e-02
5.401993393898010254e-01
3.789595961570739746e-01
-7.973100990056991577e-02
5.531125664710998535e-01
3.223642110824584961e-01
-9.335923939943313599e-02
4.248265326023101807e-01
5.442149639129638672e-01
-2.681612223386764526e-02
4.151247739791870117e-01
4.094371199607849121e-01
-6.130406260490417480e-02
4.129914045333862305e-01
3.296568393707275391e-01
-8.440393209457397461e-02
4.093548059463500977e-01
2.629722058773040771e-01
-9.515061229467391968e-02
3.739423751831054688e-01
5.761165618896484375e-01
-3.312166407704353333e-02
3.641983568668365479e-01
5.251447558403015137e-01
-8.665306866168975830e-02
3.801360428333282471e-01
5.906295776367187500e-01
-1.012673676013946533e-01
3.914408385753631592e-01
6.387801170349121094e-01
-9.552394598722457886e-02
3.347382843494415283e-01
6.328469514846801758e-01
-4.344854876399040222e-02
3.319335579872131348e-01
6.233578920364379883e-01
-8.776734769344329834e-02
3.483897447586059570e-01
6.693940758705139160e-01
-9.474939852952957153e-02
3.614955842494964600e-01
7.030735611915588379e-01
-8.903136104345321655e-02
