3.041603565216064453e-01
8.496345281600952148e-01
1.021182356453209650e-06
3.660775125026702881e-01
8.095419406890869141e-01
-5.771094933152198792e-02
3.919444680213928223e-01
7.343831062316894531e-01
-8.587443083524703979e-02
3.577261865139007568e-01
6.775233149528503418e-01
-1.111995279788970947e-01
3.027234077453613281e-01
6.305022239685058594e-01
-1.331504881381988525e-01
3.906076252460479736e-01
5.403360724449157715e-01
-4.378881305456161499e-02
4.315750598907470703e-01
4.178250730037689209e-01
-8.395879715681076050e-02
4.533862471580505371e-01
3.393512368202209473e-01
-1.090052425861358643e-01
4.685431122779846191e-01
2.755214869976043701e-01
-1.220361664891242981e-01
3.280870914459228516e-01
5.272744297981262207e-01
-4.079295322299003601e-02
3.146726191043853760e-01
3.803503811359405518e-01
-8.380987495183944702e-02
3.051479160785675049e-01
2.903950810432434082e-01
-1.087496578693389893e-01
2.970784902572631836e-01
2.165533602237701416e-01
-1.173163205385208130e-01
2.735078930854797363e-01
5.586113333702087402e-01
-4.459777846932411194e-02
2.489946782588958740e-01
5.284686684608459473e-01
-1.059183776378631592e-01
2.632942497730255127e-01
6.035213470458984375e-01
-1.205017268657684326e-01
2.762433588504791260e-01
6.539270877838134766e-01
-1.102713420987129211e-01
2.316773384809494019e-01
6.125563383102416992e-01
-5.243427678942680359e-02
2.189164608716964722e-01
6.086933016777038574e-01
-9.809722006320953369e-02
2.385358512401580811e-01
6.641834378242492676e-01
-9.967628866434097290e-02
2.576764523983001709e-01
7.047933340072631836e-01
-8.724866062402725220e-02
