3.784345388412475586e-01
8.416165113449096680e-01
8.428626756540325005e-07
4.400458335876464844e-01
8.136073946952819824e-01
-5.187632516026496887e-02
4.740777313709259033e-01
7.433900237083435059e-01
-7.512547820806503296e-02
4.558326900005340576e-01
6.892516613006591797e-01
-9.645322710275650024e-02
4.131337106227874756e-01
6.388453245162963867e-01
-1.136664003133773804e-01
4.803991019725799561e-01
5.563617348670959473e-01
-2.948894351720809937e-02
5.198391675949096680e-01
4.463659524917602539e-01
-6.128582730889320374e-02
5.407341122627258301e-01
3.786759674549102783e-01
-8.295446634292602539e-02
5.539865493774414062e-01
3.211343586444854736e-01
-9.659668058156967163e-02
4.246670007705688477e-01
5.449833869934082031e-01
-2.873143739998340607e-02
4.143519997596740723e-01
4.088548421859741211e-01
-6.430383026599884033e-02
4.122873544692993164e-01
3.286393880844116211e-01
-8.761699497699737549e-02
4.091392159461975098e-01
2.619698643684387207e-01
-9.816758334636688232e-02
3.741036653518676758e-01
5.766439437866210938e-01
-3.494628146290779114e-02
3.632082939147949219e-01
5.284059047698974609e-01
-8.913566172122955322e-02
3.792149424552917480e-01
5.952427387237548828e-01
-1.036093905568122864e-01
3.906124532222747803e-01
6.428461670875549316e-01
-9.750945866107940674e-02
3.352647423744201660e-01
6.328078508377075195e-01
-4.528599977493286133e-02
3.319711685180664062e-01
6.257868409156799316e-01
-8.935205638408660889e-02
3.476275205612182617e-01
6.730333566665649414e-01
-9.584490209817886353e-02
3.600649237632751465e-01
7.063546776771545410e-01
-8.973471075296401978e-02
