3.742915689945220947e-01
8.365140557289123535e-01
8.448407697869697586e-07
4.378249049186706543e-01
8.026005625724792480e-01
-4.790004342794418335e-02
4.702285528182983398e-01
7.324882745742797852e-01
-6.900087743997573853e-02
4.512048661708831787e-01
6.798821091651916504e-01
-8.862233161926269531e-02
4.087077975273132324e-01
6.269273161888122559e-01
-1.039963737130165100e-01
4.756160378456115723e-01
5.515937209129333496e-01
-2.580967359244823456e-02
5.156457424163818359e-01
4.408562183380126953e-01
-5.440134555101394653e-02
5.359911322593688965e-01
3.738384544849395752e-01
-7.377259433269500732e-02
5.484532713890075684e-01
3.171981871128082275e-01
-8.569144457578659058e-02
4.191812276840209961e-01
5.406321883201599121e-01
-2.580957859754562378e-02
4.097155928611755371e-01
4.066498577594757080e-01
-5.772535502910614014e-02
4.089698791503906250e-01
3.271766304969787598e-01
-7.917206734418869019e-02
4.060871601104736328e-01
2.619018852710723877e-01
-8.882454782724380493e-02
3.685347139835357666e-01
5.704492926597595215e-01
-3.242750093340873718e-02
3.584536910057067871e-01
5.302106142044067383e-01
-8.174883574247360229e-02
3.760884404182434082e-01
5.941799879074096680e-01
-9.507536143064498901e-02
3.867468833923339844e-01
6.367039084434509277e-01
-8.931016921997070312e-02
3.290146589279174805e-01
6.218710541725158691e-01
-4.308168962597846985e-02
3.272559046745300293e-01
6.164714694023132324e-01
-8.272543549537658691e-02
3.438894152641296387e-01
6.613076925277709961e-01
-8.814916014671325684e-02
3.567636013031005859e-01
6.906532049179077148e-01
-8.215662091970443726e-02
