3.749997317790985107e-01
8.329843878746032715e-01
8.358066452274215408e-07
4.382569193840026855e-01
8.046504259109497070e-01
-5.158060416579246521e-02
4.726141095161437988e-01
7.352887988090515137e-01
-7.474841922521591187e-02
4.525294303894042969e-01
6.810938715934753418e-01
-9.592358022928237915e-02
4.090022444725036621e-01
6.287790536880493164e-01
-1.130478680133819580e-01
4.767104089260101318e-01
5.521848201751708984e-01
-2.964457683265209198e-02
5.125128030776977539e-01
4.428833127021789551e-01
-6.166794523596763611e-02
5.322805643081665039e-01
3.770846426486968994e-01
-8.329245448112487793e-02
5.460726022720336914e-01
3.207635879516601562e-01
-9.633916616439819336e-02
4.207211136817932129e-01
5.392457246780395508e-01
-2.841141447424888611e-02
4.108070731163024902e-01
4.065766036510467529e-01
-6.350709497928619385e-02
4.089104533195495605e-01
3.270924389362335205e-01
-8.634861558675765991e-02
4.067040979862213135e-01
2.600467205047607422e-01
-9.631776809692382812e-02
3.704556226730346680e-01
5.672879219055175781e-01
-3.414414823055267334e-02
3.579463958740234375e-01
5.281208157539367676e-01
-8.709960430860519409e-02
3.746605515480041504e-01
5.962087512016296387e-01
-1.007159799337387085e-01
3.864940404891967773e-01
6.419680118560791016e-01
-9.399484097957611084e-02
3.305758535861968994e-01
6.181683540344238281e-01
-4.411744326353073120e-02
3.266142606735229492e-01
6.142406463623046875e-01
-8.621711283922195435e-02
3.429318964481353760e-01
6.633067131042480469e-01
-9.147085994482040405e-02
3.561237156391143799e-01
6.965246200561523438e-01
-8.459463715553283691e-02
