3.738841712474822998e-01
8.265555500984191895e-01
8.236139024120348040e-07
4.350247681140899658e-01
7.931553125381469727e-01
-4.583120346069335938e-02
4.654500186443328857e-01
7.236005663871765137e-01
-6.722205877304077148e-02
4.473813772201538086e-01
6.738522052764892578e-01
-8.804602175951004028e-02
4.073778688907623291e-01
6.269342303276062012e-01
-1.050388142466545105e-01
4.706589579582214355e-01
5.445435047149658203e-01
-2.390942350029945374e-02
5.105291008949279785e-01
4.378605186939239502e-01
-5.461043864488601685e-02
5.302011966705322266e-01
3.710803985595703125e-01
-7.579465210437774658e-02
5.423840284347534180e-01
3.148891031742095947e-01
-8.910129964351654053e-02
4.162085354328155518e-01
5.349709987640380859e-01
-2.599775046110153198e-02
4.069726169109344482e-01
4.032428562641143799e-01
-6.089110672473907471e-02
4.053744077682495117e-01
3.244860172271728516e-01
-8.430531620979309082e-02
4.028324782848358154e-01
2.583466470241546631e-01
-9.504862129688262939e-02
3.670907914638519287e-01
5.666319727897644043e-01
-3.458215668797492981e-02
3.556647896766662598e-01
5.168315768241882324e-01
-8.764049410820007324e-02
3.734566867351531982e-01
5.847722887992858887e-01
-1.010999009013175964e-01
3.861480951309204102e-01
6.327594518661499023e-01
-9.445068985223770142e-02
3.292739689350128174e-01
6.222617030143737793e-01
-4.679458215832710266e-02
3.242062926292419434e-01
6.100133657455444336e-01
-8.950810879468917847e-02
3.409871160984039307e-01
6.563218235969543457e-01
-9.454599767923355103e-02
3.549233973026275635e-01
6.894172430038452148e-01
-8.751828968524932861e-02
