3.680408596992492676e-01
8.203017711639404297e-01
8.079330200416734442e-07
4.337318539619445801e-01
7.937322854995727539e-01
-4.698584228754043579e-02
4.671472012996673584e-01
7.230773568153381348e-01
-6.879185885190963745e-02
4.446067810058593750e-01
6.692743897438049316e-01
-8.957491070032119751e-02
3.977492749691009521e-01
6.212605834007263184e-01
-1.067790985107421875e-01
4.686247706413269043e-01
5.469266772270202637e-01
-2.610432356595993042e-02
5.053883194923400879e-01
4.413641095161437988e-01
-5.848072096705436707e-02
5.248193144798278809e-01
3.764598965644836426e-01
-8.049117773771286011e-02
5.382620096206665039e-01
3.199296295642852783e-01
-9.439479559659957886e-02
4.145909845829010010e-01
5.325439572334289551e-01
-2.694723568856716156e-02
4.057850837707519531e-01
4.019786417484283447e-01
-6.436645239591598511e-02
4.042668640613555908e-01
3.250293135643005371e-01
-8.826871961355209351e-02
4.020004868507385254e-01
2.591958343982696533e-01
-9.904189407825469971e-02
3.658435046672821045e-01
5.593342185020446777e-01
-3.417617827653884888e-02
3.535981178283691406e-01
5.151636600494384766e-01
-8.826635777950286865e-02
3.695048391819000244e-01
5.874388217926025391e-01
-1.002018302679061890e-01
3.809756338596343994e-01
6.370591521263122559e-01
-9.245542436838150024e-02
3.270218968391418457e-01
6.097263693809509277e-01
-4.521282017230987549e-02
3.226458132266998291e-01
6.051453351974487305e-01
-8.798147737979888916e-02
3.378298282623291016e-01
6.554364562034606934e-01
-9.259658306837081909e-02
3.503230512142181396e-01
6.892904043197631836e-01
-8.539555966854095459e-02
