3.675155341625213623e-01
8.202818632125854492e-01
8.219122946684365161e-07
4.321247041225433350e-01
7.942036986351013184e-01
-5.001966655254364014e-02
4.660595357418060303e-01
7.255518436431884766e-01
-7.298235595226287842e-02
4.447700977325439453e-01
6.704197525978088379e-01
-9.405017644166946411e-02
3.997244834899902344e-01
6.189213395118713379e-01
-1.114285215735435486e-01
4.693956375122070312e-01
5.457326173782348633e-01
-2.974422648549079895e-02
5.074474215507507324e-01
4.398172497749328613e-01
-6.114249303936958313e-02
5.261703729629516602e-01
3.739904761314392090e-01
-8.259067684412002563e-02
5.386061668395996094e-01
3.175756931304931641e-01
-9.607430547475814819e-02
4.146253168582916260e-01
5.323302745819091797e-01
-2.880387939512729645e-02
4.057011008262634277e-01
4.024165570735931396e-01
-6.452593952417373657e-02
4.038577377796173096e-01
3.244809210300445557e-01
-8.810990303754806519e-02
4.015060663223266602e-01
2.588942646980285645e-01
-9.888339042663574219e-02
3.647660613059997559e-01
5.599590539932250977e-01
-3.434993326663970947e-02
3.547641336917877197e-01
5.185447931289672852e-01
-8.738067001104354858e-02
3.696554005146026611e-01
5.858498811721801758e-01
-1.010985970497131348e-01
3.793941736221313477e-01
6.317233443260192871e-01
-9.485810995101928711e-02
3.254552483558654785e-01
6.102107167243957520e-01
-4.384058341383934021e-02
3.226256966590881348e-01
6.062523126602172852e-01
-8.649083226919174194e-02
3.373025655746459961e-01
6.543877124786376953e-01
-9.235697984695434570e-02
3.488440811634063721e-01
6.865007281303405762e-01
-8.603508770465850830e-02
