3.682367801666259766e-01
8.200960159301757812e-01
8.187545859072997700e-07
4.326573312282562256e-01
7.938271760940551758e-01
-4.929562658071517944e-02
4.663777947425842285e-01
7.244467139244079590e-01
-7.161498814821243286e-02
4.445739984512329102e-01
6.693889498710632324e-01
-9.215913712978363037e-02
3.990595042705535889e-01
6.189306378364562988e-01
-1.090640351176261902e-01
4.693323373794555664e-01
5.454943776130676270e-01
-2.874382771551609039e-02
5.075267553329467773e-01
4.399654865264892578e-01
-5.977705866098403931e-02
5.261566042900085449e-01
3.741969466209411621e-01
-8.077403903007507324e-02
5.383220314979553223e-01
3.178904056549072266e-01
-9.390576183795928955e-02
4.147289991378784180e-01
5.322227478027343750e-01
-2.822560817003250122e-02
4.057107567787170410e-01
4.022642374038696289e-01
-6.356585770845413208e-02
4.041267037391662598e-01
3.243660032749176025e-01
-8.679042011499404907e-02
4.019722938537597656e-01
2.590382695198059082e-01
-9.721139818429946899e-02
3.650954365730285645e-01
5.602203607559204102e-01
-3.418118134140968323e-02
3.547522127628326416e-01
5.199196934700012207e-01
-8.715742826461791992e-02
3.698368072509765625e-01
5.871080160140991211e-01
-1.009939089417457581e-01
3.795931041240692139e-01
6.324625015258789062e-01
-9.473208338022232056e-02
3.258715271949768066e-01
6.108188033103942871e-01
-4.400984197854995728e-02
3.228291273117065430e-01
6.080064773559570312e-01
-8.663899451494216919e-02
3.375194072723388672e-01
6.561031341552734375e-01
-9.252578765153884888e-02
3.488184809684753418e-01
6.878496408462524414e-01
-8.617894351482391357e-02
