3.684132099151611328e-01
8.146803379058837891e-01
8.058233902374922764e-07
4.306255877017974854e-01
7.850674390792846680e-01
-4.679692536592483521e-02
4.624883830547332764e-01
7.173696160316467285e-01
-6.852438300848007202e-02
4.392022490501403809e-01
6.674982309341430664e-01
-8.893541991710662842e-02
3.947484791278839111e-01
6.233013868331909180e-01
-1.060296446084976196e-01
4.662840366363525391e-01
5.443381667137145996e-01
-2.866436727344989777e-02
5.059914588928222656e-01
4.408654272556304932e-01
-5.818521603941917419e-02
5.251765251159667969e-01
3.764074444770812988e-01
-7.839164882898330688e-02
5.367075800895690918e-01
3.214909136295318604e-01
-9.128969162702560425e-02
4.123997390270233154e-01
5.328109264373779297e-01
-2.896206825971603394e-02
4.058329761028289795e-01
4.044033885002136230e-01
-6.239832565188407898e-02
4.042149782180786133e-01
3.274450302124023438e-01
-8.507797867059707642e-02
4.007741212844848633e-01
2.626430392265319824e-01
-9.607062488794326782e-02
3.634556233882904053e-01
5.618406534194946289e-01
-3.529914841055870056e-02
3.524724841117858887e-01
5.152680277824401855e-01
-8.548575639724731445e-02
3.689482212066650391e-01
5.799080133438110352e-01
-9.919315576553344727e-02
3.797339498996734619e-01
6.260688900947570801e-01
-9.401152282953262329e-02
3.240172863006591797e-01
6.128227710723876953e-01
-4.528239369392395020e-02
3.207083344459533691e-01
6.008861064910888672e-01
-8.553863316774368286e-02
3.365766108036041260e-01
6.451886892318725586e-01
-9.098704159259796143e-02
3.493797481060028076e-01
6.772842407226562500e-01
-8.525695651769638062e-02
