3.691855669021606445e-01
8.156886696815490723e-01
7.883669468355947174e-07
4.308947324752807617e-01
7.873454093933105469e-01
-4.564518481492996216e-02
4.626926779747009277e-01
7.189119458198547363e-01
-6.609423458576202393e-02
4.408840537071228027e-01
6.683176755905151367e-01
-8.542232960462570190e-02
3.984488248825073242e-01
6.247150897979736328e-01
-1.013482958078384399e-01
4.667733013629913330e-01
5.436081886291503906e-01
-2.537897601723670959e-02
5.039651393890380859e-01
4.421128034591674805e-01
-5.540807172656059265e-02
5.230755805969238281e-01
3.779117763042449951e-01
-7.628256082534790039e-02
5.351093411445617676e-01
3.233038783073425293e-01
-8.960467576980590820e-02
4.129572510719299316e-01
5.309183597564697266e-01
-2.641790173947811127e-02
4.047271013259887695e-01
4.039610624313354492e-01
-6.049569696187973022e-02
4.027796685695648193e-01
3.269913196563720703e-01
-8.361186832189559937e-02
4.001606702804565430e-01
2.616540193557739258e-01
-9.455718845129013062e-02
3.644426465034484863e-01
5.598939657211303711e-01
-3.362544253468513489e-02
3.514682054519653320e-01
5.144801735877990723e-01
-8.503250032663345337e-02
3.669690787792205811e-01
5.790919065475463867e-01
-9.882935136556625366e-02
3.783564567565917969e-01
6.256946921348571777e-01
-9.322546422481536865e-02
3.254860639572143555e-01
6.128321886062622070e-01
-4.441091790795326233e-02
3.201193809509277344e-01
6.029282212257385254e-01
-8.592813462018966675e-02
3.358215689659118652e-01
6.482195258140563965e-01
-9.141182899475097656e-02
3.489835560321807861e-01
6.815468072891235352e-01
-8.527944236993789673e-02
