3.664908409118652344e-01
8.194004297256469727e-01
7.654329010620131157e-07
4.273511767387390137e-01
7.903611063957214355e-01
-4.542415589094161987e-02
4.583748579025268555e-01
7.184273004531860352e-01
-6.434305012226104736e-02
4.371784627437591553e-01
6.667468547821044922e-01
-8.209747821092605591e-02
3.951420783996582031e-01
6.222406625747680664e-01
-9.613925218582153320e-02
4.634404480457305908e-01
5.450233221054077148e-01
-2.160200290381908417e-02
5.005335807800292969e-01
4.446035921573638916e-01
-4.974701628088951111e-02
5.194696187973022461e-01
3.814662098884582520e-01
-6.958299875259399414e-02
5.314564704895019531e-01
3.275966048240661621e-01
-8.243805915117263794e-02
4.106791913509368896e-01
5.334911942481994629e-01
-2.245832607150077820e-02
4.022048711776733398e-01
4.060679674148559570e-01
-5.451226234436035156e-02
4.013834297657012939e-01
3.301168084144592285e-01
-7.624711841344833374e-02
3.989742398262023926e-01
2.657368779182434082e-01
-8.638212084770202637e-02
3.633771836757659912e-01
5.637422204017639160e-01
-2.980598062276840210e-02
3.493017554283142090e-01
5.135746002197265625e-01
-8.054570108652114868e-02
3.657976686954498291e-01
5.814679265022277832e-01
-9.396754205226898193e-02
3.777429759502410889e-01
6.294577121734619141e-01
-8.798162639141082764e-02
3.248483538627624512e-01
6.177038550376892090e-01
-4.079819843173027039e-02
3.179166913032531738e-01
6.061545610427856445e-01
-8.290564268827438354e-02
3.337022662162780762e-01
6.514967679977416992e-01
-8.921895176172256470e-02
3.473358154296875000e-01
6.837333440780639648e-01
-8.359621465206146240e-02
