2.104996591806411743e-01
8.147342801094055176e-01
-7.015956953182467259e-07
3.341138660907745361e-01
7.877683639526367188e-01
4.033056553453207016e-03
4.174360334873199463e-01
7.203542590141296387e-01
4.631278105080127716e-03
4.249223172664642334e-01
6.380479335784912109e-01
5.128008779138326645e-03
3.795787692070007324e-01
5.851079821586608887e-01
5.352243781089782715e-03
3.926030993461608887e-01
5.712288022041320801e-01
-2.520305803045630455e-03
3.975905478000640869e-01
5.717958211898803711e-01
-3.956122789531946182e-03
3.745025396347045898e-01
6.132602691650390625e-01
-9.984320029616355896e-03
3.562844693660736084e-01
6.423658132553100586e-01
-1.545383594930171967e-02
3.400401771068572998e-01
5.244414806365966797e-01
-7.260447368025779724e-03
3.477773964405059814e-01
5.445039868354797363e-01
6.017351988703012466e-03
3.307076394557952881e-01
5.918369293212890625e-01
2.925447653979063034e-03
3.190124034881591797e-01
6.269415616989135742e-01
-5.938981659710407257e-03
2.843338847160339355e-01
5.082705020904541016e-01
-9.055254049599170685e-03
2.934159934520721436e-01
5.255289673805236816e-01
6.733961403369903564e-03
2.829594612121582031e-01
5.726600885391235352e-01
1.259926892817020416e-02
2.721797227859497070e-01
6.068697571754455566e-01
8.708086796104907990e-03
2.261455506086349487e-01
5.106346011161804199e-01
-1.078735571354627609e-02
2.379351109266281128e-01
5.210748910903930664e-01
6.961368024349212646e-03
2.331547290086746216e-01
5.669578313827514648e-01
2.331037260591983795e-02
2.240538746118545532e-01
5.972361564636230469e-01
3.259963169693946838e-02
