2.111904174089431763e-01
7.691570520401000977e-01
-2.054244134797045263e-07
3.143109679222106934e-01
7.695717811584472656e-01
1.246275939047336578e-02
3.930547237396240234e-01
7.278301715850830078e-01
1.841995865106582642e-02
4.191163480281829834e-01
6.541978716850280762e-01
2.264025062322616577e-02
3.866867423057556152e-01
6.076284050941467285e-01
2.632776461541652679e-02
3.760908246040344238e-01
5.708221793174743652e-01
1.696734502911567688e-02
3.932156264781951904e-01
5.674149990081787109e-01
2.385419420897960663e-02
3.763958811759948730e-01
6.137441396713256836e-01
1.762614399194717407e-02
3.599581122398376465e-01
6.405543088912963867e-01
1.116068754345178604e-02
3.233584761619567871e-01
5.277245044708251953e-01
1.083930581808090210e-02
3.444547057151794434e-01
5.382398962974548340e-01
3.327219188213348389e-02
3.330005705356597900e-01
5.803778171539306641e-01
3.141891211271286011e-02
3.169796466827392578e-01
6.090029478073120117e-01
2.260278910398483276e-02
2.679233551025390625e-01
5.146433115005493164e-01
7.515236735343933105e-03
2.908174395561218262e-01
5.174872279167175293e-01
2.835838310420513153e-02
2.838824093341827393e-01
5.603703260421752930e-01
3.233983367681503296e-02
2.716532051563262939e-01
5.939258933067321777e-01
2.704836428165435791e-02
2.160827517509460449e-01
5.193943381309509277e-01
5.388597957789897919e-03
2.352412641048431396e-01
5.159071683883666992e-01
2.444966323673725128e-02
2.312561124563217163e-01
5.550041198730468750e-01
3.961128368973731995e-02
2.220247536897659302e-01
5.847855210304260254e-01
4.779020324349403381e-02
