2.380667626857757568e-01
7.681624889373779297e-01
-1.582679800549158244e-07
3.325437009334564209e-01
7.765600681304931641e-01
-1.766584580764174461e-03
4.108375310897827148e-01
7.321105599403381348e-01
-4.118621814996004105e-03
4.322516918182373047e-01
6.515324711799621582e-01
-4.270120523869991302e-03
3.978460133075714111e-01
6.025048494338989258e-01
-4.446814768016338348e-03
3.939659595489501953e-01
6.175701022148132324e-01
-1.637963764369487762e-02
4.100336134433746338e-01
5.680382847785949707e-01
-2.166143059730529785e-02
3.970628082752227783e-01
6.103022098541259766e-01
-2.812932059168815613e-02
3.870330750942230225e-01
6.450431346893310547e-01
-3.258255869150161743e-02
3.383992016315460205e-01
5.788848996162414551e-01
-1.759457215666770935e-02
3.631562292575836182e-01
5.307306051254272461e-01
-1.410536002367734909e-02
3.540030419826507568e-01
5.753540396690368652e-01
-1.528416015207767487e-02
3.378384411334991455e-01
6.154987812042236328e-01
-1.917714439332485199e-02
2.836235165596008301e-01
5.582982301712036133e-01
-1.650134287774562836e-02
3.072283267974853516e-01
5.048205256462097168e-01
-1.217121444642543793e-02
3.039546906948089600e-01
5.502905249595642090e-01
-5.444772541522979736e-03
2.929559946060180664e-01
5.946552157402038574e-01
-4.448626656085252762e-03
2.330746352672576904e-01
5.533802509307861328e-01
-1.444123033434152603e-02
2.537089884281158447e-01
5.063939690589904785e-01
-9.299678727984428406e-03
2.511636018753051758e-01
5.448353290557861328e-01
4.024440422654151917e-03
2.439292967319488525e-01
5.811114311218261719e-01
1.302804239094257355e-02
