2.339601218700408936e-01
7.682567834854125977e-01
-1.611356594821700128e-07
3.257412612438201904e-01
7.757495641708374023e-01
-4.198414739221334457e-03
4.065933525562286377e-01
7.367119789123535156e-01
-1.029723789542913437e-02
4.353083372116088867e-01
6.573494076728820801e-01
-1.395739987492561340e-02
4.038791656494140625e-01
6.044487953186035156e-01
-1.758638210594654083e-02
3.917250633239746094e-01
6.286201477050781250e-01
-2.531576529145240784e-02
4.091381132602691650e-01
5.681474208831787109e-01
-3.492072224617004395e-02
3.951600193977355957e-01
6.088094711303710938e-01
-4.236554354429244995e-02
3.846581578254699707e-01
6.436513662338256836e-01
-4.678162932395935059e-02
3.364600539207458496e-01
5.895957350730895996e-01
-2.727203257381916046e-02
3.627653419971466064e-01
5.315744280815124512e-01
-2.761378884315490723e-02
3.522357046604156494e-01
5.745379924774169922e-01
-2.764017321169376373e-02
3.361618816852569580e-01
6.144753098487854004e-01
-3.045625984668731689e-02
2.816324234008789062e-01
5.664405226707458496e-01
-2.711318433284759521e-02
3.069722950458526611e-01
5.062451362609863281e-01
-2.566799521446228027e-02
3.021262288093566895e-01
5.502931475639343262e-01
-1.645987480878829956e-02
2.906495332717895508e-01
5.938631892204284668e-01
-1.341535430401563644e-02
2.304029464721679688e-01
5.570018291473388672e-01
-2.630571275949478149e-02
2.537195980548858643e-01
5.045642852783203125e-01
-2.311680465936660767e-02
2.498438507318496704e-01
5.422545671463012695e-01
-8.743911981582641602e-03
2.415288090705871582e-01
5.782040357589721680e-01
1.168761984445154667e-03
