2.433252185583114624e-01
7.559797763824462891e-01
-1.795969950535436510e-07
3.311966657638549805e-01
7.723699808120727539e-01
-9.844458661973476410e-03
4.132471382617950439e-01
7.391234636306762695e-01
-1.592576503753662109e-02
4.431416988372802734e-01
6.635651588439941406e-01
-1.984492689371109009e-02
4.098782241344451904e-01
6.094883680343627930e-01
-2.325526066124439240e-02
4.092027544975280762e-01
5.890056490898132324e-01
-1.360438950359821320e-02
4.191620349884033203e-01
5.707908272743225098e-01
-2.033857442438602448e-02
3.979519605636596680e-01
6.198951005935668945e-01
-3.126179426908493042e-02
3.850034177303314209e-01
6.495177149772644043e-01
-4.002627357840538025e-02
3.593468070030212402e-01
5.453398227691650391e-01
-1.432043779641389847e-02
3.717294931411743164e-01
5.380254387855529785e-01
-1.165458746254444122e-02
3.561081290245056152e-01
5.849556922912597656e-01
-1.655863039195537567e-02
3.408833146095275879e-01
6.185661554336547852e-01
-2.352054603397846222e-02
3.063498139381408691e-01
5.269297957420349121e-01
-1.415249612182378769e-02
3.201752305030822754e-01
5.141600370407104492e-01
-1.290813274681568146e-02
3.100511729717254639e-01
5.613288283348083496e-01
-8.907179348170757294e-03
2.983786761760711670e-01
5.991729497909545898e-01
-9.312205947935581207e-03
2.560119032859802246e-01
5.234930515289306641e-01
-1.431494392454624176e-02
2.693105638027191162e-01
5.120289325714111328e-01
-1.265136525034904480e-02
2.614422142505645752e-01
5.540008544921875000e-01
-1.544670318253338337e-03
2.531748116016387939e-01
5.855079889297485352e-01
6.768975406885147095e-03
