2.412132173776626587e-01
7.528012394905090332e-01
-2.214141403555913712e-07
3.313169181346893311e-01
7.715848684310913086e-01
-6.850169971585273743e-03
4.141780436038970947e-01
7.367910742759704590e-01
-9.085995145142078400e-03
4.446529448032379150e-01
6.634898781776428223e-01
-9.523187763988971710e-03
4.094950854778289795e-01
6.122450828552246094e-01
-9.662697091698646545e-03
4.073126912117004395e-01
5.861232280731201172e-01
-6.507067475467920303e-03
4.201310276985168457e-01
5.754185318946838379e-01
-1.322205271571874619e-02
3.996201455593109131e-01
6.230238080024719238e-01
-2.663112804293632507e-02
3.853768706321716309e-01
6.493226289749145508e-01
-3.715388104319572449e-02
3.566077351570129395e-01
5.440523624420166016e-01
-7.040528580546379089e-03
3.726392090320587158e-01
5.402839779853820801e-01
-4.088581074029207230e-03
3.581804633140563965e-01
5.875663161277770996e-01
-1.149723306298255920e-02
3.416488468647003174e-01
6.197457313537597656e-01
-2.022306434810161591e-02
3.044435679912567139e-01
5.263246893882751465e-01
-6.679659709334373474e-03
3.211363255977630615e-01
5.147951245307922363e-01
-4.139236174523830414e-03
3.114039301872253418e-01
5.621671080589294434e-01
-1.313858549110591412e-03
2.991805672645568848e-01
5.988855957984924316e-01
-2.702430356293916702e-03
2.557867169380187988e-01
5.237878561019897461e-01
-6.469202693551778793e-03
2.723337113857269287e-01
5.115204453468322754e-01
-2.408446278423070908e-03
2.644475400447845459e-01
5.536597371101379395e-01
9.092014282941818237e-03
2.561530470848083496e-01
5.847008824348449707e-01
1.722230575978755951e-02
