2.419306933879852295e-01
7.529372572898864746e-01
-2.148405258139973739e-07
3.310990929603576660e-01
7.715740203857421875e-01
-7.485694717615842819e-03
4.143204987049102783e-01
7.374384403228759766e-01
-1.036230288445949554e-02
4.443765878677368164e-01
6.629935503005981445e-01
-1.136993523687124252e-02
4.088891148567199707e-01
6.112359762191772461e-01
-1.211631856858730316e-02
4.062012732028961182e-01
5.878720283508300781e-01
-8.207815699279308319e-03
4.205303788185119629e-01
5.738659501075744629e-01
-1.524834614247083664e-02
4.003547728061676025e-01
6.225987672805786133e-01
-2.845360524952411652e-02
3.867597579956054688e-01
6.497662067413330078e-01
-3.874644264578819275e-02
3.549954891204833984e-01
5.465127229690551758e-01
-8.680114522576332092e-03
3.726390302181243896e-01
5.398060083389282227e-01
-5.932755768299102783e-03
3.584344387054443359e-01
5.881078839302062988e-01
-1.304830610752105713e-02
3.421803116798400879e-01
6.202965974807739258e-01
-2.164494059979915619e-02
3.029019832611083984e-01
5.294727683067321777e-01
-8.270327933132648468e-03
3.209525048732757568e-01
5.142872333526611328e-01
-6.056673824787139893e-03
3.116848170757293701e-01
5.627041459083557129e-01
-2.849549055099487305e-03
2.996703386306762695e-01
5.997169613838195801e-01
-4.007064737379550934e-03
2.540025413036346436e-01
5.270616412162780762e-01
-7.991946302354335785e-03
2.720596790313720703e-01
5.112375617027282715e-01
-4.054960794746875763e-03
2.647320926189422607e-01
5.538479089736938477e-01
7.825464010238647461e-03
2.563375830650329590e-01
5.852673649787902832e-01
1.610613800585269928e-02
