2.583182454109191895e-01
7.509998679161071777e-01
-2.322883290162280900e-07
3.489596247673034668e-01
7.728444933891296387e-01
4.668843757826834917e-04
4.268177151679992676e-01
7.396632432937622070e-01
1.160414074547588825e-03
4.506476819515228271e-01
6.695660948753356934e-01
2.385356929153203964e-03
4.187424778938293457e-01
6.234208941459655762e-01
3.368884790688753128e-03
4.245671629905700684e-01
5.769666433334350586e-01
1.254955859621986747e-04
4.289878010749816895e-01
5.857819318771362305e-01
8.417400531470775604e-04
4.066446721553802490e-01
6.291796565055847168e-01
-8.049968630075454712e-03
3.900232911109924316e-01
6.529352068901062012e-01
-1.654498279094696045e-02
3.763240575790405273e-01
5.294474959373474121e-01
-2.737144473940134048e-03
3.815139830112457275e-01
5.498970746994018555e-01
1.071609742939472198e-02
3.661064207553863525e-01
5.911505222320556641e-01
7.181624881923198700e-03
3.510194420814514160e-01
6.191605925559997559e-01
-1.245684688910841942e-03
3.230760693550109863e-01
5.123063325881958008e-01
-3.621869720518589020e-03
3.317372500896453857e-01
5.240890979766845703e-01
6.262286100536584854e-03
3.217645883560180664e-01
5.663683414459228516e-01
7.575078867375850677e-03
3.098937273025512695e-01
6.004115939140319824e-01
3.184502711519598961e-03
2.720546424388885498e-01
5.128930807113647461e-01
-4.094196949154138565e-03
2.793213129043579102e-01
5.210372805595397949e-01
3.561114193871617317e-03
2.729588747024536133e-01
5.603098869323730469e-01
1.350785139948129654e-02
2.654222846031188965e-01
5.894757509231567383e-01
1.987499743700027466e-02
