2.525427341461181641e-01
7.528634071350097656e-01
-2.280536790522091906e-07
3.469138741493225098e-01
7.738675475120544434e-01
-2.269478514790534973e-03
4.271588921546936035e-01
7.356371879577636719e-01
-2.947844797745347023e-03
4.478639960289001465e-01
6.603528857231140137e-01
-2.459012670442461967e-03
4.092530012130737305e-01
6.135587096214294434e-01
-2.379983430728316307e-03
4.234739243984222412e-01
5.737797617912292480e-01
-3.853608388453722000e-03
4.282972812652587891e-01
5.850768089294433594e-01
-7.755488157272338867e-03
4.060107767581939697e-01
6.306748390197753906e-01
-2.087032608687877655e-02
3.901092410087585449e-01
6.537026762962341309e-01
-3.208458423614501953e-02
3.703991770744323730e-01
5.297535061836242676e-01
-6.503004115074872971e-03
3.811429142951965332e-01
5.471086502075195312e-01
2.678248798474669456e-03
3.672035932540893555e-01
5.909076929092407227e-01
-2.679455792531371117e-03
3.511985242366790771e-01
6.196763515472412109e-01
-1.187408715486526489e-02
3.149272203445434570e-01
5.149164795875549316e-01
-7.536888122558593750e-03
3.289673328399658203e-01
5.225616693496704102e-01
-5.076956003904342651e-04
3.204851150512695312e-01
5.678246021270751953e-01
1.623977790586650372e-03
3.088515698909759521e-01
6.026266217231750488e-01
-1.745222369208931923e-03
2.637386322021484375e-01
5.178995728492736816e-01
-8.422563783824443817e-03
2.785281538963317871e-01
5.240439176559448242e-01
-1.907972386106848717e-03
2.729225754737854004e-01
5.650680065155029297e-01
9.160489775240421295e-03
2.651917338371276855e-01
5.936268568038940430e-01
1.636814139783382416e-02
