2.666105628013610840e-01
7.493084669113159180e-01
-2.508081422547547845e-07
3.631443083286285400e-01
7.689129114151000977e-01
8.528231643140316010e-03
4.419637620449066162e-01
7.318307161331176758e-01
1.556779537349939346e-02
4.659590721130371094e-01
6.648022532463073730e-01
2.187175676226615906e-02
4.338871538639068604e-01
6.221976876258850098e-01
2.800119481980800629e-02
4.360789358615875244e-01
5.685068368911743164e-01
1.799979433417320251e-02
4.420611858367919922e-01
5.927937626838684082e-01
2.438129484653472900e-02
4.207950830459594727e-01
6.373342275619506836e-01
1.570483669638633728e-02
4.013144671916961670e-01
6.585960388183593750e-01
7.093125954270362854e-03
3.868010342121124268e-01
5.235653519630432129e-01
1.433547213673591614e-02
3.935345709323883057e-01
5.569131374359130859e-01
3.434646502137184143e-02
3.789684474468231201e-01
5.986046791076660156e-01
2.826784364879131317e-02
3.621452450752258301e-01
6.231188178062438965e-01
1.732077263295650482e-02
3.328088819980621338e-01
5.072511434555053711e-01
1.314620021730661392e-02
3.441165983676910400e-01
5.320650339126586914e-01
3.071575239300727844e-02
3.352078199386596680e-01
5.727596282958984375e-01
2.956732176244258881e-02
3.224790394306182861e-01
6.023079752922058105e-01
2.207319997251033783e-02
2.817085683345794678e-01
5.074889659881591797e-01
1.291734632104635239e-02
2.936259806156158447e-01
5.232114791870117188e-01
2.882097847759723663e-02
2.879288494586944580e-01
5.620211958885192871e-01
4.005037993192672729e-02
2.796834409236907959e-01
5.892660021781921387e-01
4.610289633274078369e-02
