2.628971338272094727e-01
7.494387030601501465e-01
-2.737266697749873856e-07
3.607429265975952148e-01
7.730875015258789062e-01
3.512144787237048149e-03
4.409130811691284180e-01
7.348816394805908203e-01
7.859965786337852478e-03
4.660263657569885254e-01
6.647268533706665039e-01
1.257701870054006577e-02
4.287909269332885742e-01
6.202659010887145996e-01
1.714200899004936218e-02
4.358287155628204346e-01
5.696390271186828613e-01
8.674700744450092316e-03
4.410398602485656738e-01
5.932311415672302246e-01
1.022049412131309509e-02
4.189141094684600830e-01
6.360239982604980469e-01
-1.021654345095157623e-03
3.994443416595458984e-01
6.538208127021789551e-01
-1.144181098788976669e-02
3.854563236236572266e-01
5.256953239440917969e-01
5.742914974689483643e-03
3.923897147178649902e-01
5.537360310554504395e-01
2.025650441646575928e-02
3.781799972057342529e-01
5.957260727882385254e-01
1.398343406617641449e-02
3.608438670635223389e-01
6.201007962226867676e-01
3.489125287160277367e-03
3.311381042003631592e-01
5.099714398384094238e-01
4.864477552473545074e-03
3.434862196445465088e-01
5.284426212310791016e-01
1.694330945611000061e-02
3.347465693950653076e-01
5.703364014625549316e-01
1.685503497719764709e-02
3.214019536972045898e-01
6.001901030540466309e-01
1.111894473433494568e-02
2.807464599609375000e-01
5.110393762588500977e-01
4.558715038001537323e-03
2.947753071784973145e-01
5.249122977256774902e-01
1.535387150943279266e-02
2.880284190177917480e-01
5.635443329811096191e-01
2.587766014039516449e-02
2.788476645946502686e-01
5.887774229049682617e-01
3.205608576536178589e-02
