2.837201952934265137e-01
7.414529323577880859e-01
-2.299094603586127050e-07
3.769398331642150879e-01
7.598001360893249512e-01
4.260801244527101517e-03
4.567032456398010254e-01
7.285583615303039551e-01
6.856782827526330948e-03
4.841920733451843262e-01
6.643235683441162109e-01
9.043049998581409454e-03
4.514391422271728516e-01
6.222475171089172363e-01
1.109122484922409058e-02
4.505458176136016846e-01
5.660235881805419922e-01
5.738554522395133972e-03
4.563018977642059326e-01
5.815867781639099121e-01
7.178301922976970673e-03
4.345002174377441406e-01
6.259056329727172852e-01
-2.778145251795649529e-03
4.175233840942382812e-01
6.465082168579101562e-01
-1.216298341751098633e-02
4.021625518798828125e-01
5.219869613647460938e-01
1.516711781732738018e-03
4.067536592483520508e-01
5.515940189361572266e-01
1.620504818856716156e-02
3.917066752910614014e-01
5.936154127120971680e-01
1.095431763678789139e-02
3.769373595714569092e-01
6.165359616279602051e-01
8.704986539669334888e-04
3.489582836627960205e-01
5.048635005950927734e-01
-4.685955063905566931e-04
3.560301363468170166e-01
5.285442471504211426e-01
1.333047635853290558e-02
3.469927608966827393e-01
5.696454048156738281e-01
1.449016109108924866e-02
3.362642526626586914e-01
5.975662469863891602e-01
8.843185380101203918e-03
2.979969978332519531e-01
5.020934939384460449e-01
-2.114021917805075645e-03
3.057560324668884277e-01
5.208929777145385742e-01
1.144223287701606750e-02
3.002274036407470703e-01
5.591129660606384277e-01
2.300981618463993073e-02
2.936689257621765137e-01
5.831469297409057617e-01
2.931434102356433868e-02
