2.123541980981826782e-01
7.546234130859375000e-01
-1.932396997972318786e-07
3.114285469055175781e-01
7.677009105682373047e-01
-4.084432439412921667e-04
3.892745375633239746e-01
7.302480936050415039e-01
-1.207747380249202251e-03
4.151542782783508301e-01
6.530949473381042480e-01
-1.097424770705401897e-03
3.848976194858551025e-01
6.006143093109130859e-01
-1.186998328194022179e-03
3.768165707588195801e-01
5.641989111900329590e-01
-2.172909677028656006e-03
3.918513357639312744e-01
5.720300078392028809e-01
-1.600786577910184860e-03
3.732770383358001709e-01
6.184971928596496582e-01
-1.035997737199068069e-02
3.563456833362579346e-01
6.419069766998291016e-01
-1.857171766459941864e-02
3.236780464649200439e-01
5.223106145858764648e-01
-4.006938077509403229e-03
3.443819880485534668e-01
5.405658483505249023e-01
1.002218667417764664e-02
3.322022557258605957e-01
5.835216641426086426e-01
7.158907596021890640e-03
3.142809271812438965e-01
6.117314696311950684e-01
-1.257002237252891064e-03
2.692379355430603027e-01
5.097864866256713867e-01
-3.669000696390867233e-03
2.921902537345886230e-01
5.219419598579406738e-01
8.930546231567859650e-03
2.849408984184265137e-01
5.619805455207824707e-01
1.269919704645872116e-02
2.707456648349761963e-01
5.942440629005432129e-01
8.993969298899173737e-03
2.189981937408447266e-01
5.135141015052795410e-01
-3.098797285929322243e-03
2.401355504989624023e-01
5.191760659217834473e-01
8.622596971690654755e-03
2.347391843795776367e-01
5.558992028236389160e-01
2.119881846010684967e-02
2.232185602188110352e-01
5.829536318778991699e-01
2.860344573855400085e-02
