2.808454930782318115e-01
7.410905957221984863e-01
-2.600112338768667541e-07
3.727579116821289062e-01
7.604759931564331055e-01
-1.176463789306581020e-03
4.539925754070281982e-01
7.306896448135375977e-01
-7.273866212926805019e-04
4.797233343124389648e-01
6.626508831977844238e-01
2.412269386695697904e-04
4.406556189060211182e-01
6.184925436973571777e-01
1.563400262966752052e-03
4.482314586639404297e-01
5.696666836738586426e-01
2.835771767422556877e-03
4.560566544532775879e-01
5.763974785804748535e-01
-1.771032657416071743e-05
4.329543411731719971e-01
6.243719458580017090e-01
-1.309039443731307983e-02
4.169850647449493408e-01
6.460424065589904785e-01
-2.403973974287509918e-02
4.002524614334106445e-01
5.266674160957336426e-01
2.657457371242344379e-04
4.086204767227172852e-01
5.438820719718933105e-01
9.214920923113822937e-03
3.924821019172668457e-01
5.902930498123168945e-01
1.831418368965387344e-03
3.765649199485778809e-01
6.166152954101562500e-01
-8.006796240806579590e-03
3.483154773712158203e-01
5.092871189117431641e-01
-9.073550463654100895e-04
3.587165176868438721e-01
5.207781791687011719e-01
7.606071420013904572e-03
3.487547934055328369e-01
5.667391419410705566e-01
8.842045441269874573e-03
3.373206853866577148e-01
5.982019901275634766e-01
5.145546980202198029e-03
2.990167737007141113e-01
5.055506825447082520e-01
-2.111249137669801712e-03
3.106395304203033447e-01
5.159876942634582520e-01
7.761583663523197174e-03
3.029788732528686523e-01
5.565404891967773438e-01
1.937082037329673767e-02
2.952187657356262207e-01
5.821381807327270508e-01
2.668164297938346863e-02
