3.000308573246002197e-01
7.345557212829589844e-01
-2.261290745764199528e-07
3.920816481113433838e-01
7.479929924011230469e-01
5.362546537071466446e-03
4.702435135841369629e-01
7.165460586547851562e-01
8.346831426024436951e-03
4.962464869022369385e-01
6.526960134506225586e-01
1.121816877275705338e-02
4.607027173042297363e-01
6.102975606918334961e-01
1.426808536052703857e-02
4.652528166770935059e-01
5.646724104881286621e-01
6.824369542300701141e-03
4.735282659530639648e-01
5.739014148712158203e-01
6.294366437941789627e-03
4.525575041770935059e-01
6.186838150024414062e-01
-5.696792621165513992e-03
4.350457191467285156e-01
6.413315534591674805e-01
-1.599255017936229706e-02
4.156423211097717285e-01
5.225378870964050293e-01
2.487441059201955795e-03
4.254939258098602295e-01
5.391255021095275879e-01
1.427101437002420425e-02
4.106514453887939453e-01
5.836435556411743164e-01
7.491751108318567276e-03
3.937985002994537354e-01
6.096170544624328613e-01
-2.762471558526158333e-03
3.618150949478149414e-01
5.048505067825317383e-01
4.452602588571608067e-04
3.752009570598602295e-01
5.145668983459472656e-01
1.280571706593036652e-02
3.661029338836669922e-01
5.586380958557128906e-01
1.508757378906011581e-02
3.548289239406585693e-01
5.904281735420227051e-01
1.067455206066370010e-02
3.116684257984161377e-01
5.040862560272216797e-01
-9.866638574749231339e-04
3.227279484272003174e-01
5.120435953140258789e-01
1.165073271840810776e-02
3.161781728267669678e-01
5.510553717613220215e-01
2.440834790468215942e-02
3.098480999469757080e-01
5.760145783424377441e-01
3.178625926375389099e-02
