3.210276067256927490e-01
7.312778234481811523e-01
-1.376573095512867440e-07
4.120271205902099609e-01
7.342581152915954590e-01
5.284725921228528023e-04
4.848678112030029297e-01
6.986831426620483398e-01
-1.534848939627408981e-03
5.095621943473815918e-01
6.353719234466552734e-01
-2.458178671076893806e-03
4.744942784309387207e-01
5.945075750350952148e-01
-3.366944612935185432e-03
4.773830771446228027e-01
5.497931838035583496e-01
-8.500688709318637848e-03
4.842208623886108398e-01
5.553968548774719238e-01
-1.203755289316177368e-02
4.651663899421691895e-01
5.976983904838562012e-01
-2.396566234529018402e-02
4.486552178859710693e-01
6.237885951995849609e-01
-3.398508206009864807e-02
4.289815723896026611e-01
5.073239803314208984e-01
-1.107448060065507889e-02
4.385983049869537354e-01
5.234087109565734863e-01
-2.419010270386934280e-03
4.263320267200469971e-01
5.628272891044616699e-01
-8.372893556952476501e-03
4.095984399318695068e-01
5.912421345710754395e-01
-1.786009408533573151e-02
3.773488104343414307e-01
4.886791110038757324e-01
-1.109211333096027374e-02
3.912076950073242188e-01
4.998974800109863281e-01
3.330129402456805110e-05
3.847396373748779297e-01
5.389487147331237793e-01
2.402550075203180313e-03
3.730973899364471436e-01
5.704892277717590332e-01
-1.994634512811899185e-03
3.293339312076568604e-01
4.879530370235443115e-01
-1.092183310538530350e-02
3.404619693756103516e-01
5.001070499420166016e-01
-8.541636634618043900e-04
3.377932012081146240e-01
5.358013510704040527e-01
9.506382979452610016e-03
3.322793543338775635e-01
5.608531832695007324e-01
1.555782277137041092e-02
