3.229196369647979736e-01
7.253000140190124512e-01
-1.600046601879512309e-07
4.111955463886260986e-01
7.309292554855346680e-01
-6.115505006164312363e-03
4.824007749557495117e-01
6.986511945724487305e-01
-1.260927692055702209e-02
4.959782958030700684e-01
6.375691294670104980e-01
-1.691113412380218506e-02
4.570817947387695312e-01
5.997149944305419922e-01
-2.098629809916019440e-02
4.782904982566833496e-01
5.504989027976989746e-01
-1.619768887758255005e-02
4.845483601093292236e-01
5.699567198753356934e-01
-2.342908643186092377e-02
4.632719755172729492e-01
6.100001931190490723e-01
-3.533559665083885193e-02
4.445675313472747803e-01
6.297615170478820801e-01
-4.474112391471862793e-02
4.297139942646026611e-01
5.064913630485534668e-01
-1.719796843826770782e-02
4.387972354888916016e-01
5.319638848304748535e-01
-1.402381993830204010e-02
4.259283542633056641e-01
5.711807012557983398e-01
-1.961355283856391907e-02
4.096131026744842529e-01
5.985457301139831543e-01
-2.754619158804416656e-02
3.773830831050872803e-01
4.872468113899230957e-01
-1.620459742844104767e-02
3.891859650611877441e-01
5.061193704605102539e-01
-1.035542506724596024e-02
3.827029168605804443e-01
5.467364192008972168e-01
-6.746547296643257141e-03
3.712980151176452637e-01
5.774582624435424805e-01
-8.710574358701705933e-03
3.286048769950866699e-01
4.863052368164062500e-01
-1.554452627897262573e-02
3.408264517784118652e-01
5.013937950134277344e-01
-8.283591829240322113e-03
3.383210897445678711e-01
5.383137464523315430e-01
3.053969005122780800e-03
3.326666057109832764e-01
5.629729032516479492e-01
1.054270286113023758e-02
