3.208658099174499512e-01
7.248174548149108887e-01
-1.711349142397011747e-07
4.089389443397521973e-01
7.305203080177307129e-01
-3.310658037662506104e-03
4.816024005413055420e-01
6.977220773696899414e-01
-7.162623573094606400e-03
5.002013444900512695e-01
6.366697549819946289e-01
-9.724168106913566589e-03
4.631843268871307373e-01
5.980578660964965820e-01
-1.177258603274822235e-02
4.732700586318969727e-01
5.547724366188049316e-01
-7.761411368846893311e-03
4.845973253250122070e-01
5.606955885887145996e-01
-1.321907714009284973e-02
4.644902646541595459e-01
6.016470193862915039e-01
-2.428273670375347137e-02
4.474495649337768555e-01
6.246299147605895996e-01
-3.295591101050376892e-02
4.269228875637054443e-01
5.111241936683654785e-01
-9.687880054116249084e-03
4.404629170894622803e-01
5.260116457939147949e-01
-5.340815056115388870e-03
4.274760484695434570e-01
5.665646791458129883e-01
-1.119801308959722519e-02
4.113776087760925293e-01
5.951377153396606445e-01
-1.871649175882339478e-02
3.769443631172180176e-01
4.913671612739562988e-01
-9.927302598953247070e-03
3.917089998722076416e-01
5.020939707756042480e-01
-2.499991329386830330e-03
3.851024508476257324e-01
5.432752966880798340e-01
1.082791830413043499e-03
3.740209639072418213e-01
5.743153691291809082e-01
-7.451567798852920532e-04
3.304137587547302246e-01
4.895231127738952637e-01
-1.039365679025650024e-02
3.439647853374481201e-01
4.979853034019470215e-01
-1.162760425359010696e-03
3.407829999923706055e-01
5.347427725791931152e-01
1.087707094848155975e-02
3.347307741641998291e-01
5.597718358039855957e-01
1.876592449843883514e-02
