3.305916190147399902e-01
6.943311095237731934e-01
-1.826827400464026141e-07
4.166152179241180420e-01
7.038344740867614746e-01
-3.908833488821983337e-03
4.924143552780151367e-01
6.718699932098388672e-01
-8.218070492148399353e-03
5.230081677436828613e-01
6.120570898056030273e-01
-9.781433269381523132e-03
4.922536313533782959e-01
5.709036588668823242e-01
-1.184453163295984268e-02
4.821963012218475342e-01
5.131973028182983398e-01
-1.758287847042083740e-02
4.899707734584808350e-01
5.422797203063964844e-01
-2.252856269478797913e-02
4.685442447662353516e-01
5.832914710044860840e-01
-3.538854047656059265e-02
4.502289593219757080e-01
5.991848707199096680e-01
-4.680686444044113159e-02
4.308518767356872559e-01
4.784148931503295898e-01
-1.889145746827125549e-02
4.390348196029663086e-01
5.061215162277221680e-01
-1.057848706841468811e-02
4.270553588867187500e-01
5.465420484542846680e-01
-1.521183736622333527e-02
4.124779701232910156e-01
5.672784447669982910e-01
-2.515835128724575043e-02
3.778291940689086914e-01
4.685668349266052246e-01
-1.757585816085338593e-02
3.878910839557647705e-01
4.841282665729522705e-01
-9.382124990224838257e-03
3.827747106552124023e-01
5.244635343551635742e-01
-4.548007622361183167e-03
3.738251030445098877e-01
5.522561073303222656e-01
-7.426256313920021057e-03
3.312519788742065430e-01
4.757723212242126465e-01
-1.612792164087295532e-02
3.410844802856445312e-01
4.850113987922668457e-01
-7.489240262657403946e-03
3.391185998916625977e-01
5.210793018341064453e-01
5.777051672339439392e-03
3.347955048084259033e-01
5.439245700836181641e-01
1.349330507218837738e-02
