3.289792835712432861e-01
6.910106539726257324e-01
-2.283088065269112121e-07
4.147987365722656250e-01
7.036420702934265137e-01
9.268139547202736139e-05
4.891444444656372070e-01
6.698482036590576172e-01
-4.380663740448653698e-04
5.194522142410278320e-01
6.088621020317077637e-01
-4.287539559300057590e-05
4.895985126495361328e-01
5.655251145362854004e-01
1.349644007859751582e-04
4.797987937927246094e-01
5.176928043365478516e-01
-1.109690289013087749e-03
4.929788708686828613e-01
5.392816066741943359e-01
-3.429844742640852928e-03
4.734549820423126221e-01
5.783189535140991211e-01
-1.503397617489099503e-02
4.554399847984313965e-01
5.936053991317749023e-01
-2.529491111636161804e-02
4.343042969703674316e-01
4.792959988117218018e-01
-3.434261539950966835e-03
4.480499923229217529e-01
5.032025575637817383e-01
4.855950362980365753e-03
4.363263249397277832e-01
5.439544916152954102e-01
-1.599362934939563274e-03
4.216067492961883545e-01
5.659209489822387695e-01
-1.125856116414070129e-02
3.850470781326293945e-01
4.633855521678924561e-01
-3.700562519952654839e-03
4.031454920768737793e-01
4.789491295814514160e-01
4.948996007442474365e-03
3.965580761432647705e-01
5.208357572555541992e-01
9.291273541748523712e-03
3.854533731937408447e-01
5.483583211898803711e-01
7.165138144046068192e-03
3.395899832248687744e-01
4.629164338111877441e-01
-3.790544578805565834e-03
3.587410748004913330e-01
4.716028571128845215e-01
6.440834142267704010e-03
3.548454046249389648e-01
5.102567076683044434e-01
2.024533785879611969e-02
3.477411270141601562e-01
5.341805219650268555e-01
2.884947322309017181e-02
