3.459563851356506348e-01
6.778624653816223145e-01
-1.608437969480291940e-07
4.313649535179138184e-01
6.711518764495849609e-01
7.508550770580768585e-03
4.962903857231140137e-01
6.371196508407592773e-01
8.710053749382495880e-03
5.133119821548461914e-01
5.794932842254638672e-01
1.006801240146160126e-02
4.825142621994018555e-01
5.430071949958801270e-01
1.064894255250692368e-02
4.949079751968383789e-01
5.014169216156005859e-01
9.732120815897360444e-05
4.923896193504333496e-01
5.019345879554748535e-01
1.733765588141977787e-03
4.727487266063690186e-01
5.390892028808593750e-01
-6.233620923012495041e-03
4.603479504585266113e-01
5.656885504722595215e-01
-1.432264689356088638e-02
4.473505318164825439e-01
4.643264114856719971e-01
-4.731875378638505936e-03
4.479823410511016846e-01
4.686526656150817871e-01
7.914765737950801849e-03
4.350552260875701904e-01
5.062176585197448730e-01
4.162064287811517715e-03
4.234623908996582031e-01
5.379955768585205078e-01
-4.289668519049882889e-03
3.955149948596954346e-01
4.519434869289398193e-01
-6.319156382232904434e-03
3.983936309814453125e-01
4.481414258480072021e-01
6.249913014471530914e-03
3.912789225578308105e-01
4.884093999862670898e-01
1.147340144962072372e-02
3.850935697555541992e-01
5.246571302413940430e-01
9.008117020130157471e-03
3.480667471885681152e-01
4.598098993301391602e-01
-6.801130250096321106e-03
3.512318432331085205e-01
4.507421851158142090e-01
4.114641342312097549e-03
3.484858870506286621e-01
4.858965277671813965e-01
1.800637133419513702e-02
3.468193411827087402e-01
5.148653984069824219e-01
2.686103247106075287e-02
