2.990244925022125244e-01
6.337930560111999512e-01
-2.237765244217371219e-07
3.799773752689361572e-01
6.380318403244018555e-01
3.263622522354125977e-03
4.415125250816345215e-01
5.961703658103942871e-01
7.646231446415185928e-03
4.575832486152648926e-01
5.348520278930664062e-01
1.313371304422616959e-02
4.301228523254394531e-01
5.005649924278259277e-01
1.972611062228679657e-02
4.165772497653961182e-01
4.806682169437408447e-01
5.235334392637014389e-03
4.266552031040191650e-01
4.681106805801391602e-01
7.849564775824546814e-03
4.168323278427124023e-01
5.099470615386962891e-01
1.561834127642214298e-03
4.077285826206207275e-01
5.359879732131958008e-01
-4.833437968045473099e-03
3.694936633110046387e-01
4.524224698543548584e-01
4.670973867177963257e-03
3.821568787097930908e-01
4.476003050804138184e-01
1.690672524273395538e-02
3.751753866672515869e-01
4.900326728820800781e-01
1.365566160529851913e-02
3.639126121997833252e-01
5.172099471092224121e-01
5.970156285911798477e-03
3.232149183750152588e-01
4.453640282154083252e-01
5.794530268758535385e-03
3.382927775382995605e-01
4.331629574298858643e-01
1.642746664583683014e-02
3.359155058860778809e-01
4.717349410057067871e-01
1.781860738992691040e-02
3.286543786525726318e-01
5.040782690048217773e-01
1.339286100119352341e-02
2.841035723686218262e-01
4.524027109146118164e-01
7.772640790790319443e-03
2.971858382225036621e-01
4.457608461380004883e-01
1.780265755951404572e-02
2.966809272766113281e-01
4.772129356861114502e-01
2.646155655384063721e-02
2.927225530147552490e-01
5.011869072914123535e-01
3.059178218245506287e-02
