2.967323958873748779e-01
6.414998769760131836e-01
-1.568463829926258768e-07
3.783594965934753418e-01
6.373001933097839355e-01
-3.819916862994432449e-03
4.414844512939453125e-01
5.985575318336486816e-01
-5.155201070010662079e-03
4.566038250923156738e-01
5.370125770568847656e-01
-5.138692911714315414e-03
4.266381859779357910e-01
5.000484585762023926e-01
-4.050017334520816803e-03
4.151543378829956055e-01
4.775084555149078369e-01
-2.772375009953975677e-03
4.246428608894348145e-01
4.628019332885742188e-01
-5.109130404889583588e-03
4.149767160415649414e-01
5.094475746154785156e-01
-1.346989162266254425e-02
4.080745577812194824e-01
5.380001068115234375e-01
-2.008593268692493439e-02
3.681847751140594482e-01
4.507330358028411865e-01
-2.533675171434879303e-03
3.820070028305053711e-01
4.457267224788665771e-01
5.085036158561706543e-03
3.758362233638763428e-01
4.906347990036010742e-01
1.043151947669684887e-03
3.658015429973602295e-01
5.203015804290771484e-01
-5.620127078145742416e-03
3.231685459613800049e-01
4.466711878776550293e-01
-1.229905989021062851e-03
3.369410037994384766e-01
4.339384734630584717e-01
6.621675565838813782e-03
3.359059691429138184e-01
4.752575457096099854e-01
9.577790275216102600e-03
3.312911689281463623e-01
5.082134008407592773e-01
7.460943888872861862e-03
2.843431234359741211e-01
4.554932117462158203e-01
9.067864448297768831e-05
2.961185276508331299e-01
4.460074007511138916e-01
8.652932941913604736e-03
2.964971065521240234e-01
4.789929389953613281e-01
1.899776980280876160e-02
2.939826846122741699e-01
5.034149885177612305e-01
2.540282718837261200e-02
