2.237791568040847778e-01
7.674235105514526367e-01
-1.913594331881540711e-07
3.258154392242431641e-01
7.683272361755371094e-01
8.701711893081665039e-03
3.962815701961517334e-01
7.172646522521972656e-01
1.414840482175350189e-02
4.040256738662719727e-01
6.422523260116577148e-01
1.851213537156581879e-02
3.686346113681793213e-01
5.988202095031738281e-01
2.244063094258308411e-02
3.859590291976928711e-01
5.752877593040466309e-01
1.330594439059495926e-02
3.938935101032257080e-01
5.685383081436157227e-01
1.944463886320590973e-02
3.780764937400817871e-01
6.147044897079467773e-01
1.472670026123523712e-02
3.651756644248962402e-01
6.443952322006225586e-01
9.166441857814788818e-03
3.330253958702087402e-01
5.332071781158447266e-01
8.716206066310405731e-03
3.459960222244262695e-01
5.389863252639770508e-01
2.635268867015838623e-02
3.341105282306671143e-01
5.831108689308166504e-01
2.447548881173133850e-02
3.191669285297393799e-01
6.163854598999023438e-01
1.743788085877895355e-02
2.777591347694396973e-01
5.193253159523010254e-01
6.525093689560890198e-03
2.939621210098266602e-01
5.189958810806274414e-01
2.210610546171665192e-02
2.860167324542999268e-01
5.632986426353454590e-01
2.552258223295211792e-02
2.750877141952514648e-01
6.004366278648376465e-01
2.171396650373935699e-02
2.266862094402313232e-01
5.229568481445312500e-01
5.386441480368375778e-03
2.407903820276260376e-01
5.189724564552307129e-01
1.890106312930583954e-02
2.359068393707275391e-01
5.598517060279846191e-01
3.190726786851882935e-02
2.287705540657043457e-01
5.905348658561706543e-01
3.977541625499725342e-02
