3.019360899925231934e-01
6.343848705291748047e-01
-1.517677077345069847e-07
3.790648877620697021e-01
6.309353113174438477e-01
-7.889097556471824646e-03
4.421565234661102295e-01
5.940960645675659180e-01
-1.360206492245197296e-02
4.574088156223297119e-01
5.299392342567443848e-01
-1.735137775540351868e-02
4.287568926811218262e-01
4.891650974750518799e-01
-2.003317698836326599e-02
4.249680936336517334e-01
4.898965060710906982e-01
-1.218613237142562866e-02
4.328502416610717773e-01
4.574746191501617432e-01
-1.749497652053833008e-02
4.211680591106414795e-01
5.020655393600463867e-01
-2.528038062155246735e-02
4.150543808937072754e-01
5.311942100524902344e-01
-3.125069290399551392e-02
3.787116408348083496e-01
4.597160816192626953e-01
-1.187890302389860153e-02
3.922128379344940186e-01
4.391148686408996582e-01
-8.713325485587120056e-03
3.839224576950073242e-01
4.826037883758544922e-01
-1.164216082543134689e-02
3.744045197963714600e-01
5.133647918701171875e-01
-1.673704944550991058e-02
3.343598544597625732e-01
4.504421651363372803e-01
-1.076212711632251740e-02
3.469292819499969482e-01
4.297496974468231201e-01
-6.394753232598304749e-03
3.438355624675750732e-01
4.706355035305023193e-01
-1.248649554327130318e-03
3.386946022510528564e-01
5.031735897064208984e-01
-1.254859264008700848e-03
2.950290739536285400e-01
4.539300203323364258e-01
-9.979443624615669250e-03
3.059801161289215088e-01
4.378075003623962402e-01
-4.414333496242761612e-03
3.042239248752593994e-01
4.726418852806091309e-01
6.515174638479948044e-03
3.002907633781433105e-01
4.988089799880981445e-01
1.374480966478586197e-02
