3.042637407779693604e-01
6.283333301544189453e-01
-1.222518051235965686e-07
3.776913285255432129e-01
6.294891834259033203e-01
-9.652887471020221710e-03
4.410868287086486816e-01
5.957179069519042969e-01
-1.517590880393981934e-02
4.590932726860046387e-01
5.346235632896423340e-01
-1.821031793951988220e-02
4.315648972988128662e-01
4.945283234119415283e-01
-2.031945623457431793e-02
4.208453595638275146e-01
4.782349169254302979e-01
-1.173502951860427856e-02
4.327756762504577637e-01
4.606054425239562988e-01
-1.696507632732391357e-02
4.222292900085449219e-01
5.051464438438415527e-01
-2.599067240953445435e-02
4.142962098121643066e-01
5.316142439842224121e-01
-3.293871879577636719e-02
3.753036558628082275e-01
4.519292414188385010e-01
-1.014939416199922562e-02
3.926333487033843994e-01
4.397391676902770996e-01
-6.933338940143585205e-03
3.854806721210479736e-01
4.841594398021697998e-01
-1.098130084574222565e-02
3.739681839942932129e-01
5.139751434326171875e-01
-1.704620569944381714e-02
3.320941329002380371e-01
4.465405941009521484e-01
-7.904360070824623108e-03
3.475541174411773682e-01
4.262699782848358154e-01
-4.915628116577863693e-03
3.449376225471496582e-01
4.685616791248321533e-01
-1.149767194874584675e-03
3.384773135185241699e-01
5.022029280662536621e-01
-1.751142903231084347e-03
2.938438951969146729e-01
4.536806344985961914e-01
-5.944687873125076294e-03
3.075655102729797363e-01
4.362186193466186523e-01
-2.128724008798599243e-03
3.066730499267578125e-01
4.709098637104034424e-01
7.751231547445058823e-03
3.024975657463073730e-01
4.975111484527587891e-01
1.445909775793552399e-02
