3.118323087692260742e-01
6.240860819816589355e-01
-1.308311539105488919e-07
3.872293829917907715e-01
6.240819692611694336e-01
-5.953030195087194443e-03
4.492124021053314209e-01
5.893399119377136230e-01
-9.737048298120498657e-03
4.649012088775634766e-01
5.281999707221984863e-01
-1.156337000429630280e-02
4.376406073570251465e-01
4.894962608814239502e-01
-1.263673603534698486e-02
4.301370680332183838e-01
4.814284443855285645e-01
-1.212758198380470276e-02
4.386841952800750732e-01
4.575485885143280029e-01
-1.638061366975307465e-02
4.292002022266387939e-01
4.982935488224029541e-01
-2.353942953050136566e-02
4.235223829746246338e-01
5.252609252929687500e-01
-2.919919788837432861e-02
3.846152722835540771e-01
4.523676335811614990e-01
-1.182851567864418030e-02
3.992739915847778320e-01
4.387138187885284424e-01
-7.062457036226987839e-03
3.925753235816955566e-01
4.777207076549530029e-01
-9.267570450901985168e-03
3.832042515277862549e-01
5.067097544670104980e-01
-1.454639527946710587e-02
3.417273163795471191e-01
4.443898797035217285e-01
-1.042137853801250458e-02
3.570658266544342041e-01
4.257037937641143799e-01
-5.848982837051153183e-03
3.540043532848358154e-01
4.634081125259399414e-01
-1.606255304068326950e-03
3.482886254787445068e-01
4.959889650344848633e-01
-2.411739435046911240e-03
3.045390546321868896e-01
4.489891529083251953e-01
-9.027245454490184784e-03
3.177430629730224609e-01
4.342238903045654297e-01
-4.384273197501897812e-03
3.158690035343170166e-01
4.666500091552734375e-01
5.220905877649784088e-03
3.117108643054962158e-01
4.923281073570251465e-01
1.155451498925685883e-02
