3.123106956481933594e-01
6.185494065284729004e-01
-1.416549366695107892e-07
3.902718722820281982e-01
6.216450333595275879e-01
-2.950099762529134750e-03
4.501252770423889160e-01
5.848066806793212891e-01
-3.264654660597443581e-03
4.649603962898254395e-01
5.267620086669921875e-01
-2.059360733255743980e-03
4.372133016586303711e-01
4.926093816757202148e-01
-4.187574377283453941e-04
4.275809228420257568e-01
4.637266397476196289e-01
-4.481168929487466812e-03
4.381800889968872070e-01
4.598549008369445801e-01
-6.512158084660768509e-03
4.281914532184600830e-01
5.017247796058654785e-01
-1.441118679940700531e-02
4.191641509532928467e-01
5.269407033920288086e-01
-2.104051224887371063e-02
3.815329670906066895e-01
4.391085505485534668e-01
-4.343193490058183670e-03
3.976683318614959717e-01
4.426797032356262207e-01
2.074307762086391449e-03
3.917943239212036133e-01
4.834993779659271240e-01
-2.344058826565742493e-03
3.813704848289489746e-01
5.118431448936462402e-01
-9.250160306692123413e-03
3.388713002204895020e-01
4.369842708110809326e-01
-2.838792512193322182e-03
3.557138741016387939e-01
4.323522448539733887e-01
2.407335676252841949e-03
3.536115288734436035e-01
4.708906114101409912e-01
3.556712064892053604e-03
3.477038443088531494e-01
5.019940137863159180e-01
7.008560933172702789e-04
3.021935224533081055e-01
4.477684199810028076e-01
-9.596166200935840607e-04
3.174525201320648193e-01
4.462888240814208984e-01
4.258926026523113251e-03
3.161438703536987305e-01
4.801059663295745850e-01
1.230900175869464874e-02
3.124910295009613037e-01
5.048310160636901855e-01
1.745603606104850769e-02
