3.177932798862457275e-01
6.163398027420043945e-01
-2.081811913967612782e-07
3.952924907207489014e-01
6.227360367774963379e-01
-9.381914860568940639e-04
4.534719884395599365e-01
5.911626219749450684e-01
1.100786175811663270e-05
4.720465540885925293e-01
5.353438258171081543e-01
1.475069904699921608e-03
4.499519765377044678e-01
4.996852576732635498e-01
3.209070069715380669e-03
4.380989372730255127e-01
4.666638970375061035e-01
1.746765221469104290e-03
4.490634500980377197e-01
4.682651758193969727e-01
1.488513429649174213e-03
4.346652925014495850e-01
5.056805610656738281e-01
-6.037014536559581757e-03
4.215294420719146729e-01
5.243927240371704102e-01
-1.288277003914117813e-02
3.961939811706542969e-01
4.368800222873687744e-01
9.725457639433443546e-04
4.095622897148132324e-01
4.473139643669128418e-01
9.884329512715339661e-03
3.995292186737060547e-01
4.834044575691223145e-01
5.833373870700597763e-03
3.865273594856262207e-01
5.060901045799255371e-01
-1.352859311737120152e-03
3.550893068313598633e-01
4.303867220878601074e-01
1.346728182397782803e-03
3.706922531127929688e-01
4.327502250671386719e-01
8.384393528103828430e-03
3.647261559963226318e-01
4.668596088886260986e-01
9.526687674224376678e-03
3.548585176467895508e-01
4.927725791931152344e-01
6.385846529155969620e-03
3.174580335617065430e-01
4.366547167301177979e-01
1.961845206096768379e-03
3.309665620326995850e-01
4.368455111980438232e-01
8.419717662036418915e-03
3.278528451919555664e-01
4.675072133541107178e-01
1.664719171822071075e-02
3.211331665515899658e-01
4.897148013114929199e-01
2.193797565996646881e-02
