3.192170858383178711e-01
6.128880381584167480e-01
-1.870652681645879056e-07
3.948956131935119629e-01
6.220771074295043945e-01
-4.755468107759952545e-03
4.545688927173614502e-01
5.896216630935668945e-01
-5.733566824346780777e-03
4.743613600730895996e-01
5.332945585250854492e-01
-5.044706165790557861e-03
4.503126740455627441e-01
4.953801333904266357e-01
-3.862111829221248627e-03
4.383479654788970947e-01
4.626388251781463623e-01
-5.133961327373981476e-03
4.487403929233551025e-01
4.700842201709747314e-01
-8.095336146652698517e-03
4.348770380020141602e-01
5.108394026756286621e-01
-1.845712400972843170e-02
4.224278330802917480e-01
5.293958187103271484e-01
-2.742234990000724792e-02
3.950468301773071289e-01
4.361014664173126221e-01
-4.490227438509464264e-03
4.095725417137145996e-01
4.505832791328430176e-01
1.376732834614813328e-03
4.007032811641693115e-01
4.892499446868896484e-01
-5.290390457957983017e-03
3.871020078659057617e-01
5.102620124816894531e-01
-1.440797373652458191e-02
3.538211286067962646e-01
4.312461316585540771e-01
-2.622062340378761292e-03
3.703050017356872559e-01
4.372595250606536865e-01
2.638323465362191200e-03
3.655221164226531982e-01
4.735443890094757080e-01
2.799899550154805183e-03
3.560598790645599365e-01
4.982456564903259277e-01
-1.144728041253983974e-03
3.173252642154693604e-01
4.376281797885894775e-01
-7.916842005215585232e-04
3.330738842487335205e-01
4.440554380416870117e-01
4.443833138793706894e-03
3.304661214351654053e-01
4.754968285560607910e-01
1.171237882226705551e-02
3.242955207824707031e-01
4.956586062908172607e-01
1.604378968477249146e-02
