3.245820403099060059e-01
6.168016791343688965e-01
-1.717530153655388858e-07
4.012863934040069580e-01
6.167842149734497070e-01
-3.977998159825801849e-03
4.603789448738098145e-01
5.852581262588500977e-01
-5.484901368618011475e-03
4.706327915191650391e-01
5.285707116127014160e-01
-5.530953872948884964e-03
4.436781704425811768e-01
4.922662377357482910e-01
-4.803150426596403122e-03
4.448025524616241455e-01
4.749545454978942871e-01
-5.009245593100786209e-03
4.526824951171875000e-01
4.642365872859954834e-01
-6.737961433827877045e-03
4.397690296173095703e-01
5.064806938171386719e-01
-1.381152123212814331e-02
4.323268830776214600e-01
5.297337174415588379e-01
-2.034714631736278534e-02
4.024728834629058838e-01
4.466746747493743896e-01
-5.193009972572326660e-03
4.146342277526855469e-01
4.454557895660400391e-01
9.349663741886615753e-04
4.048421382904052734e-01
4.858580827713012695e-01
-2.882357686758041382e-03
3.943100571632385254e-01
5.115231871604919434e-01
-9.486287832260131836e-03
3.620769381523132324e-01
4.402011632919311523e-01
-4.212266299873590469e-03
3.738479316234588623e-01
4.327138364315032959e-01
1.384289236739277840e-03
3.677889704704284668e-01
4.713972806930541992e-01
4.701850004494190216e-03
3.611328899860382080e-01
4.999743103981018066e-01
3.139195265248417854e-03
3.260095715522766113e-01
4.456592798233032227e-01
-3.185606328770518303e-03
3.364409804344177246e-01
4.384248852729797363e-01
2.893761033192276955e-03
3.328212201595306396e-01
4.713750183582305908e-01
1.276716403663158417e-02
3.285495638847351074e-01
4.941219389438629150e-01
1.903668604791164398e-02
