3.270078599452972412e-01
6.149728298187255859e-01
-1.750926514887396479e-07
3.964965045452117920e-01
6.177098155021667480e-01
-8.016767911612987518e-03
4.599522948265075684e-01
5.891077518463134766e-01
-1.155790686607360840e-02
4.757057428359985352e-01
5.316452383995056152e-01
-1.266897562891244888e-02
4.480503201484680176e-01
4.947458505630493164e-01
-1.288237888365983963e-02
4.438737928867340088e-01
4.723737537860870361e-01
-1.032774429768323898e-02
4.513701796531677246e-01
4.652044773101806641e-01
-1.572547852993011475e-02
4.376945197582244873e-01
5.078912973403930664e-01
-2.535727433860301971e-02
4.296606779098510742e-01
5.305378437042236328e-01
-3.322746977210044861e-02
4.022244215011596680e-01
4.465328752994537354e-01
-9.578770026564598083e-03
4.132978022098541260e-01
4.464649260044097900e-01
-7.411306258291006088e-03
4.032725393772125244e-01
4.888515174388885498e-01
-1.245263125747442245e-02
3.927406370639801025e-01
5.149570107460021973e-01
-1.922018453478813171e-02
3.624135851860046387e-01
4.409350752830505371e-01
-8.076712489128112793e-03
3.726400136947631836e-01
4.334410130977630615e-01
-6.683142855763435364e-03
3.662904202938079834e-01
4.749453961849212646e-01
-3.311862237751483917e-03
3.597037792205810547e-01
5.049472451210021973e-01
-3.869359148666262627e-03
3.261522054672241211e-01
4.464599788188934326e-01
-6.853374652564525604e-03
3.348006308078765869e-01
4.403612017631530762e-01
-4.116186872124671936e-03
3.310361504554748535e-01
4.755308330059051514e-01
5.055080167949199677e-03
3.276603519916534424e-01
4.988707900047302246e-01
1.139666978269815445e-02
