3.284835219383239746e-01
6.098996400833129883e-01
-9.330379668881505495e-08
4.051252603530883789e-01
6.104315519332885742e-01
-1.067523658275604248e-02
4.633744657039642334e-01
5.763334631919860840e-01
-1.741377264261245728e-02
4.666434824466705322e-01
5.189333558082580566e-01
-2.047825232148170471e-02
4.363526403903961182e-01
4.828631281852722168e-01
-2.267643995583057404e-02
4.439712166786193848e-01
4.610456824302673340e-01
-2.136987820267677307e-02
4.542863667011260986e-01
4.692766368389129639e-01
-2.795120328664779663e-02
4.413505792617797852e-01
5.133043527603149414e-01
-3.759090974926948547e-02
4.316560626029968262e-01
5.319661498069763184e-01
-4.595320299267768860e-02
3.969586193561553955e-01
4.363885819911956787e-01
-1.897507719695568085e-02
4.137358367443084717e-01
4.539289176464080811e-01
-1.705482788383960724e-02
4.065620601177215576e-01
4.949884712696075439e-01
-2.227133139967918396e-02
3.958054184913635254e-01
5.136272311210632324e-01
-3.044999577105045319e-02
3.554566502571105957e-01
4.358830153942108154e-01
-1.503035612404346466e-02
3.727483749389648438e-01
4.471155405044555664e-01
-1.245923433452844620e-02
3.697024583816528320e-01
4.842104017734527588e-01
-9.749142453074455261e-03
3.634632825851440430e-01
5.050501227378845215e-01
-1.219612918794155121e-02
3.212895095348358154e-01
4.471769630908966064e-01
-1.125577744096517563e-02
3.376369476318359375e-01
4.629518389701843262e-01
-6.159884389489889145e-03
3.361544311046600342e-01
4.950860440731048584e-01
2.896581310778856277e-03
3.324167430400848389e-01
5.108026862144470215e-01
7.862323895096778870e-03
