3.268616497516632080e-01
6.129674911499023438e-01
-1.311638300194317708e-07
4.017626345157623291e-01
6.139807701110839844e-01
-1.252635288983583450e-02
4.610599875450134277e-01
5.793845653533935547e-01
-1.991388760507106781e-02
4.652951955795288086e-01
5.168392658233642578e-01
-2.386944927275180817e-02
4.359095692634582520e-01
4.777851104736328125e-01
-2.635243535041809082e-02
4.465442299842834473e-01
4.772778749465942383e-01
-2.034303732216358185e-02
4.527581930160522461e-01
4.634189009666442871e-01
-2.772196196019649506e-02
4.389768838882446289e-01
5.062431097030639648e-01
-3.486799076199531555e-02
4.321853816509246826e-01
5.264620184898376465e-01
-4.068534448742866516e-02
4.027523398399353027e-01
4.470216333866119385e-01
-1.794990524649620056e-02
4.156415164470672607e-01
4.450643062591552734e-01
-1.860374771058559418e-02
4.058934748172760010e-01
4.849145710468292236e-01
-2.172290161252021790e-02
3.964528441429138184e-01
5.065110921859741211e-01
-2.662808634340763092e-02
3.624837398529052734e-01
4.384965300559997559e-01
-1.489261444658041000e-02
3.753159642219543457e-01
4.338398277759552002e-01
-1.438087690621614456e-02
3.698024451732635498e-01
4.718677699565887451e-01
-9.577988646924495697e-03
3.643498122692108154e-01
4.961010217666625977e-01
-9.153603576123714447e-03
3.276029527187347412e-01
4.413012862205505371e-01
-1.242020167410373688e-02
3.394614756107330322e-01
4.425374567508697510e-01
-8.994525298476219177e-03
3.358188867568969727e-01
4.746550917625427246e-01
1.598296803422272205e-04
3.318468034267425537e-01
4.927875697612762451e-01
6.249331869184970856e-03
