2.239349186420440674e-01
7.542433738708496094e-01
-2.505876466329937102e-07
3.269812464714050293e-01
7.672784924507141113e-01
1.112408377230167389e-02
3.993183076381683350e-01
7.195806503295898438e-01
2.120023220777511597e-02
4.094526469707489014e-01
6.465485095977783203e-01
3.054083697497844696e-02
3.726029992103576660e-01
6.091496944427490234e-01
3.966045007109642029e-02
3.877638876438140869e-01
5.625317096710205078e-01
2.173221670091152191e-02
3.959702849388122559e-01
5.782062411308288574e-01
3.123328834772109985e-02
3.781737089157104492e-01
6.262992620468139648e-01
2.545643225312232971e-02
3.628742694854736328e-01
6.511870026588439941e-01
1.823234371840953827e-02
3.335459828376770020e-01
5.214160680770874023e-01
1.823831349611282349e-02
3.458216190338134766e-01
5.466921925544738770e-01
4.110399261116981506e-02
3.334554731845855713e-01
5.926727056503295898e-01
3.795810043811798096e-02
3.175326287746429443e-01
6.212341189384460449e-01
2.863292023539543152e-02
2.777958214282989502e-01
5.100605487823486328e-01
1.734832115471363068e-02
2.949143052101135254e-01
5.244639515876770020e-01
3.650261089205741882e-02
2.871617078781127930e-01
5.699281692504882812e-01
3.778664767742156982e-02
2.752021551132202148e-01
6.037389636039733887e-01
3.159844130277633667e-02
2.269019484519958496e-01
5.168834924697875977e-01
1.772812008857727051e-02
2.416787594556808472e-01
5.247255563735961914e-01
3.416648507118225098e-02
2.373589873313903809e-01
5.658131837844848633e-01
4.633175581693649292e-02
2.298534959554672241e-01
5.935901403427124023e-01
5.283209681510925293e-02
