3.341076374053955078e-01
6.046999096870422363e-01
-1.352194942683127010e-07
4.019719064235687256e-01
6.066675186157226562e-01
-1.046557817608118057e-02
4.635255336761474609e-01
5.816727280616760254e-01
-1.635532639920711517e-02
4.797325730323791504e-01
5.236614346504211426e-01
-1.978575997054576874e-02
4.556670784950256348e-01
4.829638302326202393e-01
-2.135501243174076080e-02
4.480138123035430908e-01
4.886689782142639160e-01
-1.333885826170444489e-02
4.560403227806091309e-01
4.567246735095977783e-01
-2.130363136529922485e-02
4.435293674468994141e-01
4.969544708728790283e-01
-2.921581640839576721e-02
4.383797943592071533e-01
5.231693387031555176e-01
-3.495130687952041626e-02
4.061470031738281250e-01
4.606578648090362549e-01
-1.212557777762413025e-02
4.200912714004516602e-01
4.364163875579833984e-01
-1.504290755838155746e-02
4.090828597545623779e-01
4.769690632820129395e-01
-1.906336471438407898e-02
3.995673060417175293e-01
5.041359663009643555e-01
-2.354638464748859406e-02
3.672766983509063721e-01
4.483671784400939941e-01
-1.074203103780746460e-02
3.807132542133331299e-01
4.212206602096557617e-01
-1.251089293509721756e-02
3.735414445400238037e-01
4.612324535846710205e-01
-6.662132684141397476e-03
3.678988516330718994e-01
4.918527007102966309e-01
-4.627195652574300766e-03
3.331271111965179443e-01
4.474725127220153809e-01
-9.907644242048263550e-03
3.429839313030242920e-01
4.283787012100219727e-01
-9.055389091372489929e-03
3.381526470184326172e-01
4.611240923404693604e-01
7.278587436303496361e-04
3.351711928844451904e-01
4.838139712810516357e-01
7.885434664785861969e-03
