3.333232700824737549e-01
6.032844781875610352e-01
-1.417954678117894218e-07
4.010032415390014648e-01
6.065796613693237305e-01
-9.823152795433998108e-03
4.623529613018035889e-01
5.836679339408874512e-01
-1.464955881237983704e-02
4.803931713104248047e-01
5.291370749473571777e-01
-1.696623675525188446e-02
4.587726294994354248e-01
4.899142980575561523e-01
-1.764664798974990845e-02
4.450727999210357666e-01
4.860006868839263916e-01
-1.192280557006597519e-02
4.548430442810058594e-01
4.559942781925201416e-01
-2.008679322898387909e-02
4.427525699138641357e-01
4.963242113590240479e-01
-2.901341579854488373e-02
4.365278482437133789e-01
5.241903662681579590e-01
-3.517682477831840515e-02
4.045657217502593994e-01
4.601743221282958984e-01
-1.018154341727495193e-02
4.191559851169586182e-01
4.348621666431427002e-01
-1.250562816858291626e-02
4.086089730262756348e-01
4.762602746486663818e-01
-1.669076830148696899e-02
3.988942205905914307e-01
5.056409239768981934e-01
-2.135544084012508392e-02
3.666027784347534180e-01
4.493832588195800781e-01
-8.373537100851535797e-03
3.785303235054016113e-01
4.212170541286468506e-01
-9.391399100422859192e-03
3.719315826892852783e-01
4.594058990478515625e-01
-4.618306178599596024e-03
3.664924204349517822e-01
4.918447732925415039e-01
-3.387657459825277328e-03
3.335751891136169434e-01
4.496602118015289307e-01
-7.032631430774927139e-03
3.412177562713623047e-01
4.283277690410614014e-01
-5.449211690574884415e-03
3.377067446708679199e-01
4.604455828666687012e-01
3.536670468747615814e-03
3.356188535690307617e-01
4.855125546455383301e-01
9.971314109861850739e-03
