3.328120410442352295e-01
6.029314994812011719e-01
-1.396191890989939566e-07
4.011885225772857666e-01
6.066537499427795410e-01
-9.811803698539733887e-03
4.630705714225769043e-01
5.823583006858825684e-01
-1.486236043274402618e-02
4.804626107215881348e-01
5.261663794517517090e-01
-1.747320033609867096e-02
4.576584100723266602e-01
4.870380759239196777e-01
-1.860260777175426483e-02
4.446892440319061279e-01
4.876377582550048828e-01
-1.282000169157981873e-02
4.555728137493133545e-01
4.547283053398132324e-01
-2.157637290656566620e-02
4.439897835254669189e-01
4.945693612098693848e-01
-3.066996671259403229e-02
4.375436305999755859e-01
5.225756764411926270e-01
-3.679382801055908203e-02
4.031177163124084473e-01
4.624021649360656738e-01
-1.139426603913307190e-02
4.196789860725402832e-01
4.342560470104217529e-01
-1.456806063652038574e-02
4.097494184970855713e-01
4.753758907318115234e-01
-1.907465420663356781e-02
3.995327353477478027e-01
5.049543380737304688e-01
-2.375789918005466461e-02
3.653217554092407227e-01
4.517882764339447021e-01
-9.871807880699634552e-03
3.792205154895782471e-01
4.216650128364562988e-01
-1.143790502101182938e-02
3.731563687324523926e-01
4.597243666648864746e-01
-6.739184260368347168e-03
3.672082424163818359e-01
4.915922880172729492e-01
-5.423414986580610275e-03
3.325024843215942383e-01
4.515073597431182861e-01
-8.781258016824722290e-03
3.423286378383636475e-01
4.282567501068115234e-01
-7.416936103254556656e-03
3.384963870048522949e-01
4.607529342174530029e-01
1.778780599124729633e-03
3.354543447494506836e-01
4.861477017402648926e-01
8.352819830179214478e-03
