3.321809172630310059e-01
6.026740074157714844e-01
-1.329407126604564837e-07
4.051913321018218994e-01
6.039247512817382812e-01
-6.115216296166181564e-03
4.652591645717620850e-01
5.733938813209533691e-01
-9.469642303884029388e-03
4.740602076053619385e-01
5.148200392723083496e-01
-1.037255488336086273e-02
4.460676908493041992e-01
4.786372184753417969e-01
-1.076094899326562881e-02
4.493940174579620361e-01
4.775102734565734863e-01
-1.353149861097335815e-02
4.571588933467864990e-01
4.609636366367340088e-01
-1.822945848107337952e-02
4.446123838424682617e-01
4.982041418552398682e-01
-2.491413615643978119e-02
4.365824162960052490e-01
5.211236476898193359e-01
-3.049782663583755493e-02
4.073214232921600342e-01
4.495174586772918701e-01
-1.321699190884828568e-02
4.209144413471221924e-01
4.400736689567565918e-01
-1.172976288944482803e-02
4.107251465320587158e-01
4.769572317600250244e-01
-1.489835232496261597e-02
3.998793661594390869e-01
5.042374730110168457e-01
-1.979431696236133575e-02
3.689363896846771240e-01
4.403503537178039551e-01
-1.168795209378004074e-02
3.814373016357421875e-01
4.267090559005737305e-01
-1.026545558124780655e-02
3.739512562751770020e-01
4.623802304267883301e-01
-6.387945730239152908e-03
3.668417632579803467e-01
4.914160966873168945e-01
-6.415508687496185303e-03
3.353097140789031982e-01
4.429509043693542480e-01
-1.006004121154546738e-02
3.451992273330688477e-01
4.328863620758056641e-01
-7.691948208957910538e-03
3.397358655929565430e-01
4.651009142398834229e-01
1.225713058374822140e-03
3.358426392078399658e-01
4.881365001201629639e-01
7.498262915760278702e-03
