3.338136076927185059e-01
5.961952209472656250e-01
-1.693369000577149563e-07
3.966936171054840088e-01
6.015841960906982422e-01
-2.001834101974964142e-02
4.605330824851989746e-01
5.800547599792480469e-01
-2.888326905667781830e-02
4.770671725273132324e-01
5.217998027801513672e-01
-3.408005088567733765e-02
4.504072070121765137e-01
4.814013242721557617e-01
-3.670191392302513123e-02
4.474573731422424316e-01
4.828764498233795166e-01
-1.747805438935756683e-02
4.533265829086303711e-01
4.539677202701568604e-01
-3.254664689302444458e-02
4.405657649040222168e-01
4.980880320072174072e-01
-4.410206526517868042e-02
4.376235008239746094e-01
5.239424109458923340e-01
-5.134532973170280457e-02
4.102326035499572754e-01
4.581495225429534912e-01
-1.345233805477619171e-02
4.183278977870941162e-01
4.315021336078643799e-01
-2.627549134194850922e-02
4.065856933593750000e-01
4.792772233486175537e-01
-3.263346105813980103e-02
3.980071246623992920e-01
5.076091885566711426e-01
-3.611635044217109680e-02
3.744089901447296143e-01
4.471285045146942139e-01
-1.109872944653034210e-02
3.790585100650787354e-01
4.163129627704620361e-01
-2.371072024106979370e-02
3.706178665161132812e-01
4.640717804431915283e-01
-1.788933575153350830e-02
3.654746711254119873e-01
4.967698752880096436e-01
-1.266610994935035706e-02
3.404735028743743896e-01
4.465655088424682617e-01
-1.012536976486444473e-02
3.418740630149841309e-01
4.261106252670288086e-01
-1.781022921204566956e-02
3.373914361000061035e-01
4.642518162727355957e-01
-1.016241591423749924e-02
3.359689712524414062e-01
4.892174601554870605e-01
-2.631892915815114975e-03
