3.334224820137023926e-01
5.987521409988403320e-01
-1.316841178322647465e-07
3.982042372226715088e-01
5.998331904411315918e-01
-1.721009612083435059e-02
4.604510664939880371e-01
5.787248611450195312e-01
-2.558161318302154541e-02
4.764938652515411377e-01
5.227087140083312988e-01
-3.098742850124835968e-02
4.521783888339996338e-01
4.820674061775207520e-01
-3.494169190526008606e-02
4.470427036285400391e-01
4.850897789001464844e-01
-1.619660109281539917e-02
4.539991021156311035e-01
4.528422951698303223e-01
-2.937045320868492126e-02
4.411450028419494629e-01
4.926992058753967285e-01
-4.063860327005386353e-02
4.370310604572296143e-01
5.213152766227722168e-01
-4.802847281098365784e-02
4.090141057968139648e-01
4.603893160820007324e-01
-1.357451174408197403e-02
4.191076755523681641e-01
4.287049174308776855e-01
-2.406887523829936981e-02
4.067465364933013916e-01
4.717114567756652832e-01
-3.038875572383403778e-02
3.976037204265594482e-01
5.039704442024230957e-01
-3.441808372735977173e-02
3.726003766059875488e-01
4.503849148750305176e-01
-1.215352863073348999e-02
3.791787624359130859e-01
4.139578044414520264e-01
-2.321585454046726227e-02
3.702455759048461914e-01
4.569180905818939209e-01
-1.877815276384353638e-02
3.645469248294830322e-01
4.923844635486602783e-01
-1.487634982913732529e-02
3.383207619190216064e-01
4.515579938888549805e-01
-1.176044903695583344e-02
3.405045568943023682e-01
4.239835739135742188e-01
-1.940631307661533356e-02
3.356258869171142578e-01
4.595732688903808594e-01
-1.216375734657049179e-02
3.341379463672637939e-01
4.882635176181793213e-01
-5.051947664469480515e-03
