3.314539492130279541e-01
6.059190630912780762e-01
-1.780048393129618489e-07
3.943347334861755371e-01
6.044604778289794922e-01
-1.334320474416017532e-02
4.570414721965789795e-01
5.846741199493408203e-01
-2.039173990488052368e-02
4.794000983238220215e-01
5.297819972038269043e-01
-2.472731098532676697e-02
4.573543369770050049e-01
4.881541430950164795e-01
-2.655467018485069275e-02
4.459062814712524414e-01
5.007528066635131836e-01
-1.606101915240287781e-02
4.492405056953430176e-01
4.522565603256225586e-01
-2.990364655852317810e-02
4.355130791664123535e-01
4.926714599132537842e-01
-3.991825506091117859e-02
4.348497390747070312e-01
5.196188092231750488e-01
-4.597000032663345337e-02
4.062027037143707275e-01
4.771550893783569336e-01
-1.480137929320335388e-02
4.134448170661926270e-01
4.298926889896392822e-01
-2.520119585096836090e-02
4.016384184360504150e-01
4.728581905364990234e-01
-2.891980856657028198e-02
3.968611657619476318e-01
5.018385648727416992e-01
-3.130380436778068542e-02
3.692558109760284424e-01
4.641033411026000977e-01
-1.449355762451887131e-02
3.758557438850402832e-01
4.145211279392242432e-01
-2.392632886767387390e-02
3.667089045047760010e-01
4.580296874046325684e-01
-1.643118821084499359e-02
3.638998568058013916e-01
4.915109872817993164e-01
-1.090663950890302658e-02
3.345888853073120117e-01
4.602726101875305176e-01
-1.500099059194326401e-02
3.380561769008636475e-01
4.250657260417938232e-01
-1.963275484740734100e-02
3.325486779212951660e-01
4.592021107673645020e-01
-1.047195028513669968e-02
3.322458267211914062e-01
4.857527613639831543e-01
-2.498076763004064560e-03
