3.311888575553894043e-01
6.056188941001892090e-01
-1.636328619269988849e-07
3.937646746635437012e-01
6.040083765983581543e-01
-2.059387601912021637e-02
4.565723538398742676e-01
5.853551030158996582e-01
-3.117663972079753876e-02
4.778725206851959229e-01
5.292420387268066406e-01
-3.893496841192245483e-02
4.550055265426635742e-01
4.858841598033905029e-01
-4.319445788860321045e-02
4.466385841369628906e-01
5.020651817321777344e-01
-1.884305477142333984e-02
4.475837051868438721e-01
4.514822959899902344e-01
-3.913496062159538269e-02
4.320916533470153809e-01
4.974437355995178223e-01
-5.069629848003387451e-02
4.337972402572631836e-01
5.251107811927795410e-01
-5.651586502790451050e-02
4.081823229789733887e-01
4.785238504409790039e-01
-1.668973825871944427e-02
4.129029214382171631e-01
4.274216294288635254e-01
-3.601399809122085571e-02
3.995091617107391357e-01
4.760316312313079834e-01
-4.017682000994682312e-02
3.966452777385711670e-01
5.050523877143859863e-01
-4.011340439319610596e-02
3.720533251762390137e-01
4.648745357990264893e-01
-1.712910644710063934e-02
3.759989440441131592e-01
4.111780524253845215e-01
-3.513287007808685303e-02
3.660295605659484863e-01
4.614674448966979980e-01
-2.640817314386367798e-02
3.646087050437927246e-01
4.951303005218505859e-01
-1.724166050553321838e-02
3.362444937229156494e-01
4.594886600971221924e-01
-1.917857117950916290e-02
3.379626870155334473e-01
4.215119183063507080e-01
-2.973030880093574524e-02
3.336851596832275391e-01
4.587357342243194580e-01
-2.117192186415195465e-02
3.346818387508392334e-01
4.868494272232055664e-01
-1.196482311934232712e-02
