3.306153118610382080e-01
6.104777455329895020e-01
-1.629442039075001958e-07
3.983081281185150146e-01
6.095716953277587891e-01
-4.480414558202028275e-03
4.576720297336578369e-01
5.799567699432373047e-01
-7.781132590025663376e-03
4.776378870010375977e-01
5.241477489471435547e-01
-8.980674669146537781e-03
4.552842080593109131e-01
4.866161942481994629e-01
-9.230287745594978333e-03
4.394918084144592285e-01
4.917090535163879395e-01
-1.523789577186107635e-02
4.483822882175445557e-01
4.532996416091918945e-01
-2.411894872784614563e-02
4.375556707382202148e-01
4.950206279754638672e-01
-3.506986424326896667e-02
4.338610470294952393e-01
5.239316821098327637e-01
-4.362802952527999878e-02
3.967155814170837402e-01
4.722706675529479980e-01
-1.587709411978721619e-02
4.126661121845245361e-01
4.327749609947204590e-01
-1.794169656932353973e-02
4.050076305866241455e-01
4.747350215911865234e-01
-2.182028256356716156e-02
3.962055146694183350e-01
5.049971342086791992e-01
-2.809583581984043121e-02
3.581553697586059570e-01
4.640074968338012695e-01
-1.547841355204582214e-02
3.713424801826477051e-01
4.197809696197509766e-01
-1.679105870425701141e-02
3.667070865631103516e-01
4.592445194721221924e-01
-1.053558290004730225e-02
3.616460263729095459e-01
4.955633878707885742e-01
-9.485609829425811768e-03
3.250210881233215332e-01
4.640462696552276611e-01
-1.493679638952016830e-02
3.311318755149841309e-01
4.316845536231994629e-01
-1.440696511417627335e-02
3.293762505054473877e-01
4.648041427135467529e-01
-4.956232849508523941e-03
3.286882638931274414e-01
4.933999776840209961e-01
7.986142300069332123e-04
