3.315076529979705811e-01
6.015546321868896484e-01
-1.289706688112346455e-07
4.028261303901672363e-01
6.046359539031982422e-01
-4.070166032761335373e-03
4.599384963512420654e-01
5.756878256797790527e-01
-6.241098511964082718e-03
4.759366512298583984e-01
5.224843025207519531e-01
-6.991013884544372559e-03
4.516529142856597900e-01
4.880856871604919434e-01
-7.477635517716407776e-03
4.400699734687805176e-01
4.672557711601257324e-01
-7.332795299589633942e-03
4.523264765739440918e-01
4.567269384860992432e-01
-1.041909120976924896e-02
4.420394003391265869e-01
4.980120956897735596e-01
-1.867564767599105835e-02
4.337814152240753174e-01
5.216256976127624512e-01
-2.569493278861045837e-02
3.977659940719604492e-01
4.451745748519897461e-01
-7.222641725093126297e-03
4.144627451896667480e-01
4.390198588371276855e-01
-3.036932554095983505e-03
4.078328609466552734e-01
4.788666367530822754e-01
-7.622339762747287750e-03
3.970469832420349121e-01
5.051339864730834961e-01
-1.461433153599500656e-02
3.584001660346984863e-01
4.415846467018127441e-01
-5.816983059048652649e-03
3.739446699619293213e-01
4.285233914852142334e-01
-1.728619448840618134e-03
3.710023164749145508e-01
4.642950594425201416e-01
1.243950333446264267e-03
3.645165860652923584e-01
4.935520291328430176e-01
-3.470379160717129707e-04
3.241318464279174805e-01
4.477812647819519043e-01
-4.206601995974779129e-03
3.379543125629425049e-01
4.353010654449462891e-01
1.138054067268967628e-03
3.369505703449249268e-01
4.655975103378295898e-01
1.058370061218738556e-02
3.331797719001770020e-01
4.898473322391510010e-01
1.632465049624443054e-02
