2.266810238361358643e-01
7.631869316101074219e-01
-2.049164464779096306e-07
3.229054510593414307e-01
7.684229016304016113e-01
-1.033653505146503448e-02
3.999814391136169434e-01
7.236894965171813965e-01
-1.660693064332008362e-02
4.019019007682800293e-01
6.383504867553710938e-01
-2.022104710340499878e-02
3.576919138431549072e-01
5.900553464889526367e-01
-2.237904444336891174e-02
3.883649110794067383e-01
6.069109439849853516e-01
-1.534198969602584839e-02
3.979333639144897461e-01
5.659137368202209473e-01
-2.322134375572204590e-02
3.783234953880310059e-01
6.221408247947692871e-01
-3.029953874647617340e-02
3.706833124160766602e-01
6.553932428359985352e-01
-3.573524579405784607e-02
3.354255259037017822e-01
5.639261007308959961e-01
-1.515256054699420929e-02
3.521106243133544922e-01
5.323897600173950195e-01
-1.687021367251873016e-02
3.350904285907745361e-01
5.898084640502929688e-01
-1.858629100024700165e-02
3.221631646156311035e-01
6.280851960182189941e-01
-2.115156687796115875e-02
2.831889390945434570e-01
5.426015853881835938e-01
-1.441774424165487289e-02
2.962006628513336182e-01
5.115939378738403320e-01
-1.577236317098140717e-02
2.854598164558410645e-01
5.701832771301269531e-01
-7.785634137690067291e-03
2.769228518009185791e-01
6.110123991966247559e-01
-4.374701529741287231e-03
2.333477735519409180e-01
5.357046723365783691e-01
-1.383251324295997620e-02
2.451737225055694580e-01
5.134331583976745605e-01
-1.211209967732429504e-02
2.371499240398406982e-01
5.622509121894836426e-01
1.300088362768292427e-03
2.310029864311218262e-01
5.943914651870727539e-01
1.125591993331909180e-02
