3.253389298915863037e-01
6.049358248710632324e-01
-1.530627855572674889e-07
4.007991552352905273e-01
6.112953424453735352e-01
2.820120134856551886e-04
4.557811915874481201e-01
5.742576718330383301e-01
1.614248030818998814e-03
4.684535264968872070e-01
5.217660665512084961e-01
3.302758093923330307e-03
4.409605264663696289e-01
4.929263293743133545e-01
4.770621191710233688e-03
4.352251291275024414e-01
4.507614076137542725e-01
2.622478408738970757e-03
4.456963241100311279e-01
4.637597203254699707e-01
1.678218715824186802e-03
4.346722066402435303e-01
5.028628110885620117e-01
-8.100438863039016724e-03
4.236219823360443115e-01
5.209725499153137207e-01
-1.713806018233299255e-02
3.927970230579376221e-01
4.285228550434112549e-01
7.235296652652323246e-04
4.072026610374450684e-01
4.482935369014739990e-01
8.280115202069282532e-03
4.003271758556365967e-01
4.855314493179321289e-01
1.906201709061861038e-03
3.888597786426544189e-01
5.046787858009338379e-01
-7.253867574036121368e-03
3.518524765968322754e-01
4.280702769756317139e-01
1.661574351601302624e-04
3.687559962272644043e-01
4.388346374034881592e-01
5.579795688390731812e-03
3.655046224594116211e-01
4.723663628101348877e-01
4.966676235198974609e-03
3.574893474578857422e-01
4.940383136272430420e-01
5.507402238436043262e-04
3.160219788551330566e-01
4.389964640140533447e-01
1.034057131619192660e-04
3.322506546974182129e-01
4.461614489555358887e-01
5.641649011522531509e-03
3.308649659156799316e-01
4.770276844501495361e-01
1.302006095647811890e-02
3.259398639202117920e-01
4.964168369770050049e-01
1.714844256639480591e-02
