3.253353536128997803e-01
6.111104488372802734e-01
-1.932964437401096802e-07
4.012930989265441895e-01
6.125425100326538086e-01
9.757267544046044350e-04
4.571067690849304199e-01
5.732893943786621094e-01
1.853211200796067715e-03
4.727728664875030518e-01
5.190975069999694824e-01
3.032115055248141289e-03
4.449965059757232666e-01
4.896135926246643066e-01
3.838986158370971680e-03
4.375957250595092773e-01
4.482020735740661621e-01
9.711112361401319504e-04
4.450220465660095215e-01
4.645490050315856934e-01
1.123194815590977669e-04
4.332819581031799316e-01
5.023770928382873535e-01
-9.548349305987358093e-03
4.218966066837310791e-01
5.211015343666076660e-01
-1.835522614419460297e-02
3.936921060085296631e-01
4.270550012588500977e-01
-1.210936577990651131e-03
4.051351547241210938e-01
4.482039213180541992e-01
7.485486101359128952e-03
3.985839486122131348e-01
4.833545088768005371e-01
1.653300132602453232e-03
3.873608708381652832e-01
5.040880441665649414e-01
-7.519839331507682800e-03
3.512510359287261963e-01
4.281172156333923340e-01
-1.748890150338411331e-03
3.656266629695892334e-01
4.383006989955902100e-01
5.400347523391246796e-03
3.631133139133453369e-01
4.706741571426391602e-01
5.123538430780172348e-03
3.557727932929992676e-01
4.943621158599853516e-01
4.982714890502393246e-04
3.144833743572235107e-01
4.412779808044433594e-01
-1.865120837464928627e-03
3.291910588741302490e-01
4.474555850028991699e-01
5.320973694324493408e-03
3.288975656032562256e-01
4.771625399589538574e-01
1.318999938666820526e-02
3.247580528259277344e-01
4.974367916584014893e-01
1.750640943646430969e-02
