3.223282694816589355e-01
6.113052368164062500e-01
-1.429091014415462269e-07
3.995391130447387695e-01
6.074633002281188965e-01
2.774753374978899956e-03
4.559445083141326904e-01
5.599582791328430176e-01
6.474068854004144669e-03
4.660686552524566650e-01
5.015400648117065430e-01
1.007872167974710464e-02
4.343983530998229980e-01
4.758270084857940674e-01
1.359392236918210983e-02
4.261619448661804199e-01
4.443520903587341309e-01
9.185249917209148407e-03
4.340639114379882812e-01
4.494293332099914551e-01
1.088326424360275269e-02
4.268270730972290039e-01
4.894192516803741455e-01
2.764353994280099869e-03
4.185883700847625732e-01
5.126317739486694336e-01
-4.576408304274082184e-03
3.826054334640502930e-01
4.247328042984008789e-01
6.994073279201984406e-03
3.943530917167663574e-01
4.386108219623565674e-01
1.768309623003005981e-02
3.901137113571166992e-01
4.757280647754669189e-01
1.258095633238554001e-02
3.810514807701110840e-01
4.999705851078033447e-01
4.742405842989683151e-03
3.406388163566589355e-01
4.266850352287292480e-01
6.081026513129472733e-03
3.545418083667755127e-01
4.333431124687194824e-01
1.483006309717893600e-02
3.540219962596893311e-01
4.676278531551361084e-01
1.429529767483472824e-02
3.489477336406707764e-01
4.936242699623107910e-01
9.760683402419090271e-03
3.035283982753753662e-01
4.396799802780151367e-01
5.673189647495746613e-03
3.166444301605224609e-01
4.458312094211578369e-01
1.397211290895938873e-02
3.174224495887756348e-01
4.767627716064453125e-01
2.153961919248104095e-02
3.150145709514617920e-01
4.982890486717224121e-01
2.577174827456474304e-02
