3.232006132602691650e-01
6.146816015243530273e-01
-1.853899220805033110e-07
4.011462628841400146e-01
6.085787415504455566e-01
1.429727301001548767e-03
4.557699561119079590e-01
5.597183704376220703e-01
4.061110783368349075e-03
4.645922183990478516e-01
5.011222362518310547e-01
6.724055856466293335e-03
4.343138933181762695e-01
4.735651016235351562e-01
9.061186574399471283e-03
4.249444305896759033e-01
4.396657645702362061e-01
6.592935882508754730e-03
4.325142502784729004e-01
4.542182981967926025e-01
7.289684377610683441e-03
4.245020747184753418e-01
4.939353764057159424e-01
-1.093463273718953133e-03
4.152067303657531738e-01
5.161677598953247070e-01
-8.448141627013683319e-03
3.812630176544189453e-01
4.208230376243591309e-01
4.810692742466926575e-03
3.928014934062957764e-01
4.428663253784179688e-01
1.477889809757471085e-02
3.885412216186523438e-01
4.792908430099487305e-01
9.661323390901088715e-03
3.796654939651489258e-01
5.034893155097961426e-01
1.804738538339734077e-03
3.395098745822906494e-01
4.244861602783203125e-01
4.312909673899412155e-03
3.525277674198150635e-01
4.374103248119354248e-01
1.238802261650562286e-02
3.520156443119049072e-01
4.713700413703918457e-01
1.189131941646337509e-02
3.469728529453277588e-01
4.968680143356323242e-01
7.488344330340623856e-03
3.026261329650878906e-01
4.400765299797058105e-01
4.155205097049474716e-03
3.151498436927795410e-01
4.497322440147399902e-01
1.174578350037336349e-02
3.162042200565338135e-01
4.806028902530670166e-01
1.910393685102462769e-02
3.137394487857818604e-01
5.020499825477600098e-01
2.339399792253971100e-02
