3.234488964080810547e-01
6.150656342506408691e-01
-1.882737450387139688e-07
4.020813703536987305e-01
6.073538064956665039e-01
3.495994897093623877e-04
4.557897150516510010e-01
5.562013983726501465e-01
2.624663291499018669e-03
4.609456956386566162e-01
4.962826073169708252e-01
5.063662305474281311e-03
4.300918579101562500e-01
4.684390723705291748e-01
7.261327933520078659e-03
4.251153171062469482e-01
4.392601251602172852e-01
6.294280756264925003e-03
4.329305291175842285e-01
4.573458731174468994e-01
6.060746964067220688e-03
4.243769049644470215e-01
4.958035647869110107e-01
-2.899856772273778915e-03
4.142155647277832031e-01
5.162582397460937500e-01
-1.060540787875652313e-02
3.812699317932128906e-01
4.200651049613952637e-01
4.866590723395347595e-03
3.922696113586425781e-01
4.451463818550109863e-01
1.416814792901277542e-02
3.884276747703552246e-01
4.805859327316284180e-01
8.690391667187213898e-03
3.798958957195281982e-01
5.032656192779541016e-01
6.735253264196217060e-04
3.395487666130065918e-01
4.231923818588256836e-01
4.477114882320165634e-03
3.521521985530853271e-01
4.403508901596069336e-01
1.188933290541172028e-02
3.520072400569915771e-01
4.734243750572204590e-01
1.090756338089704514e-02
3.467061519622802734e-01
4.968940019607543945e-01
6.273373495787382126e-03
3.024721443653106689e-01
4.380992650985717773e-01
4.283356014639139175e-03
3.150834143161773682e-01
4.533399939537048340e-01
1.139761321246623993e-02
3.165823221206665039e-01
4.836775064468383789e-01
1.804669760167598724e-02
3.138928413391113281e-01
5.034571886062622070e-01
2.188444882631301880e-02
