3.103849887847900391e-01
6.180467009544372559e-01
-1.826262803206191165e-07
3.808231651782989502e-01
6.083482503890991211e-01
-4.159963224083185196e-03
4.416577219963073730e-01
5.599775314331054688e-01
-4.684224724769592285e-03
4.628679454326629639e-01
5.022316575050354004e-01
-4.430477507412433624e-03
4.334149062633514404e-01
4.778508245944976807e-01
-4.094346892088651657e-03
4.102871417999267578e-01
4.386924803256988525e-01
2.813657978549599648e-03
4.229675829410552979e-01
4.472768902778625488e-01
-1.677628373727202415e-03
4.129235148429870605e-01
4.887004792690277100e-01
-1.386895403265953064e-02
4.019090533256530762e-01
5.092474818229675293e-01
-2.358796261250972748e-02
3.681156337261199951e-01
4.235665798187255859e-01
1.474842079915106297e-03
3.804539740085601807e-01
4.375112354755401611e-01
4.891819786280393600e-03
3.752592802047729492e-01
4.767889380455017090e-01
-2.719515468925237656e-03
3.665476739406585693e-01
5.005720853805541992e-01
-1.113737467676401138e-02
3.261977732181549072e-01
4.268754720687866211e-01
4.226682067383080721e-04
3.386774957180023193e-01
4.349640011787414551e-01
2.574545564129948616e-03
3.376300036907196045e-01
4.710455238819122314e-01
3.120363689959049225e-03
3.319358229637145996e-01
4.962880909442901611e-01
9.434688254259526730e-04
2.880774140357971191e-01
4.392918646335601807e-01
-9.633326553739607334e-04
3.011245727539062500e-01
4.412162005901336670e-01
2.679886529222130775e-03
3.014875948429107666e-01
4.762393236160278320e-01
1.116223447024822235e-02
2.989577651023864746e-01
5.001646876335144043e-01
1.718824915587902069e-02
