3.007338643074035645e-01
6.241822242736816406e-01
-1.681984684864801238e-07
3.725023567676544189e-01
6.075789332389831543e-01
-3.431468969210982323e-03
4.312315881252288818e-01
5.534245967864990234e-01
-4.703391343355178833e-03
4.464041292667388916e-01
4.915811121463775635e-01
-4.667944740504026413e-03
4.138754606246948242e-01
4.665405452251434326e-01
-4.903700202703475952e-03
3.977485299110412598e-01
4.326720237731933594e-01
-2.423423109576106071e-03
4.069265425205230713e-01
4.395259618759155273e-01
-5.850426387041807175e-03
3.986149728298187256e-01
4.815447330474853516e-01
-1.731931231915950775e-02
3.900569081306457520e-01
5.037648677825927734e-01
-2.686530537903308868e-02
3.528261184692382812e-01
4.194748401641845703e-01
-3.663361305370926857e-03
3.639913201332092285e-01
4.327553808689117432e-01
1.576010254211723804e-03
3.601866960525512695e-01
4.717452228069305420e-01
-5.145199596881866455e-03
3.523562252521514893e-01
4.974295496940612793e-01
-1.375575177371501923e-02
3.097254633903503418e-01
4.249399900436401367e-01
-3.793417708948254585e-03
3.225387334823608398e-01
4.310787022113800049e-01
4.360829771030694246e-04
3.228524029254913330e-01
4.676050543785095215e-01
1.823966973461210728e-03
3.185417354106903076e-01
4.950192868709564209e-01
-5.622554454021155834e-04
2.718800008296966553e-01
4.398663640022277832e-01
-4.034135956317186356e-03
2.856847345829010010e-01
4.390104115009307861e-01
5.851643509231507778e-04
2.864689826965332031e-01
4.749971926212310791e-01
1.006543636322021484e-02
2.842566967010498047e-01
4.997140467166900635e-01
1.654743216931819916e-02
