3.035974800586700439e-01
6.252748370170593262e-01
-1.720160014428984141e-07
3.748151659965515137e-01
6.090893745422363281e-01
-5.657358560711145401e-03
4.283476769924163818e-01
5.561987161636352539e-01
-8.621777407824993134e-03
4.420266151428222656e-01
4.954612851142883301e-01
-9.935232810676097870e-03
4.145165085792541504e-01
4.651132822036743164e-01
-1.135583035647869110e-02
4.000029563903808594e-01
4.348042309284210205e-01
-6.220814306288957596e-03
4.056356549263000488e-01
4.444326162338256836e-01
-1.105447392910718918e-02
3.969187140464782715e-01
4.827468395233154297e-01
-2.219000831246376038e-02
3.881308436393737793e-01
5.035123229026794434e-01
-3.110949508845806122e-02
3.550891578197479248e-01
4.186253547668457031e-01
-6.050246302038431168e-03
3.659839034080505371e-01
4.343227744102478027e-01
-3.423117566853761673e-03
3.623171448707580566e-01
4.709884822368621826e-01
-1.064432412385940552e-02
3.544725775718688965e-01
4.966780841350555420e-01
-1.885278709232807159e-02
3.124690055847167969e-01
4.224640727043151855e-01
-4.744694568216800690e-03
3.259202241897583008e-01
4.324750006198883057e-01
-2.270991448312997818e-03
3.253610730171203613e-01
4.672443270683288574e-01
-1.055107917636632919e-03
3.207194507122039795e-01
4.945406913757324219e-01
-2.917103469371795654e-03
2.764610946178436279e-01
4.372464418411254883e-01
-3.715376602485775948e-03
2.912013828754425049e-01
4.405529201030731201e-01
-5.340196657925844193e-04
2.920129895210266113e-01
4.748834073543548584e-01
7.995240390300750732e-03
2.900440394878387451e-01
4.990015327930450439e-01
1.447599194943904877e-02
