2.933171689510345459e-01
6.171188950538635254e-01
-1.215843639101876761e-07
3.630838096141815186e-01
6.029092073440551758e-01
-7.819487713277339935e-03
4.208349883556365967e-01
5.489147305488586426e-01
-1.166346203535795212e-02
4.356507956981658936e-01
4.864178895950317383e-01
-1.343200635164976120e-02
4.028739929199218750e-01
4.617540240287780762e-01
-1.514246501028537750e-02
3.802456259727478027e-01
4.286301434040069580e-01
-1.047949958592653275e-02
3.944020867347717285e-01
4.360311627388000488e-01
-1.698768511414527893e-02
3.878739476203918457e-01
4.798421859741210938e-01
-2.982199005782604218e-02
3.779478073120117188e-01
5.009842514991760254e-01
-4.008224233984947205e-02
3.343297243118286133e-01
4.176879525184631348e-01
-1.050024479627609253e-02
3.515983521938323975e-01
4.294161200523376465e-01
-7.342241704463958740e-03
3.506341874599456787e-01
4.675205945968627930e-01
-1.400956511497497559e-02
3.425550758838653564e-01
4.917344152927398682e-01
-2.286744490265846252e-02
2.922890782356262207e-01
4.252362251281738281e-01
-9.749607183039188385e-03
3.096012175083160400e-01
4.304057955741882324e-01
-6.753796245902776718e-03
3.119389712810516357e-01
4.648211002349853516e-01
-5.139329005032777786e-03
3.075714409351348877e-01
4.914219975471496582e-01
-7.635439280420541763e-03
2.559053301811218262e-01
4.409138560295104980e-01
-9.547187946736812592e-03
2.728002965450286865e-01
4.413840770721435547e-01
-5.630001425743103027e-03
2.756169736385345459e-01
4.738598167896270752e-01
3.053332446143031120e-03
2.737195789813995361e-01
4.974578917026519775e-01
8.616852574050426483e-03
