2.919313013553619385e-01
6.268863081932067871e-01
-1.585154478789263521e-07
3.652486801147460938e-01
6.040591001510620117e-01
-6.653140299022197723e-03
4.215480983257293701e-01
5.466546416282653809e-01
-1.053990330547094345e-02
4.340067505836486816e-01
4.855330288410186768e-01
-1.300046872347593307e-02
4.004768729209899902e-01
4.615545868873596191e-01
-1.543712243437767029e-02
3.798872828483581543e-01
4.246743321418762207e-01
-7.033319212496280670e-03
3.916220664978027344e-01
4.348332285881042480e-01
-1.334065850824117661e-02
3.857668340206146240e-01
4.783248603343963623e-01
-2.624773234128952026e-02
3.768386542797088623e-01
4.997055828571319580e-01
-3.647596016526222229e-02
3.337494730949401855e-01
4.137006103992462158e-01
-7.866171188652515411e-03
3.495070040225982666e-01
4.311805069446563721e-01
-4.975072108209133148e-03
3.489969968795776367e-01
4.704842567443847656e-01
-1.206634659320116043e-02
3.412037789821624756e-01
4.947403371334075928e-01
-2.073055505752563477e-02
2.910730838775634766e-01
4.226377904415130615e-01
-8.025141432881355286e-03
3.068534135818481445e-01
4.345901608467102051e-01
-4.494395572692155838e-03
3.098748922348022461e-01
4.700480401515960693e-01
-3.198617603629827499e-03
3.058301508426666260e-01
4.957639276981353760e-01
-5.741102155297994614e-03
2.544994354248046875e-01
4.406711161136627197e-01
-8.851722814142704010e-03
2.698888778686523438e-01
4.484200179576873779e-01
-3.909791819751262665e-03
2.737214267253875732e-01
4.819826483726501465e-01
4.764087498188018799e-03
2.723287343978881836e-01
5.049188733100891113e-01
1.045972947031259537e-02
