2.274729311466217041e-01
7.611719965934753418e-01
-1.870456145525167813e-07
3.236741423606872559e-01
7.715772986412048340e-01
-7.793972035869956017e-04
4.011480510234832764e-01
7.267248630523681641e-01
-1.978521700948476791e-03
4.089166820049285889e-01
6.437267065048217773e-01
-1.164817251265048981e-03
3.685765266418457031e-01
5.924972295761108398e-01
-3.970024699810892344e-04
3.950160741806030273e-01
5.983239412307739258e-01
-9.992181323468685150e-03
4.002490639686584473e-01
5.736692547798156738e-01
-9.116207249462604523e-03
3.829403817653656006e-01
6.222916841506958008e-01
-1.334355026483535767e-02
3.726792633533477783e-01
6.545730829238891602e-01
-1.798089407384395599e-02
3.396824598312377930e-01
5.552371144294738770e-01
-1.148399710655212402e-02
3.521933257579803467e-01
5.395680069923400879e-01
-8.149431087076663971e-04
3.391991853713989258e-01
5.874432325363159180e-01
-1.244193641468882561e-03
3.241325020790100098e-01
6.252035498619079590e-01
-6.494493689388036728e-03
2.835111320018768311e-01
5.362241268157958984e-01
-1.037569809705018997e-02
2.991182208061218262e-01
5.124250054359436035e-01
-2.009782707318663597e-03
2.903929948806762695e-01
5.632827281951904297e-01
3.753637662157416344e-03
2.797162234783172607e-01
6.056341528892517090e-01
2.728761406615376472e-03
2.306928932666778564e-01
5.338287949562072754e-01
-8.313445374369621277e-03
2.474102973937988281e-01
5.115596055984497070e-01
-1.711143297143280506e-03
2.406319081783294678e-01
5.566309094429016113e-01
1.136892847716808319e-02
2.331312000751495361e-01
5.907553434371948242e-01
1.994635351002216339e-02
