2.845728397369384766e-01
6.198676824569702148e-01
-1.899812218653096352e-07
3.622000813484191895e-01
5.980094671249389648e-01
-1.151718781329691410e-03
4.170618057250976562e-01
5.425903797149658203e-01
-1.223963801749050617e-03
4.223974347114562988e-01
4.842906892299652100e-01
-9.980325121432542801e-04
3.872121870517730713e-01
4.656130373477935791e-01
-1.161094754934310913e-03
3.735031783580780029e-01
4.233178794384002686e-01
3.017626469954848289e-03
3.844683170318603516e-01
4.394970238208770752e-01
-8.420651429332792759e-04
3.779232800006866455e-01
4.830543994903564453e-01
-1.342494878917932510e-02
3.683752417564392090e-01
5.049909353256225586e-01
-2.384152077138423920e-02
3.259883821010589600e-01
4.109232723712921143e-01
3.403584414627403021e-04
3.408863544464111328e-01
4.324330687522888184e-01
4.831444472074508667e-03
3.399576842784881592e-01
4.729521274566650391e-01
-3.709455719217658043e-03
3.321759700775146484e-01
4.982387721538543701e-01
-1.323450356721878052e-02
2.818175256252288818e-01
4.198201298713684082e-01
-1.258872449398040771e-03
2.980047762393951416e-01
4.346339106559753418e-01
2.298813313245773315e-03
3.013166487216949463e-01
4.720504581928253174e-01
1.958655193448066711e-03
2.973790466785430908e-01
4.974409937858581543e-01
-1.342992763966321945e-03
2.435994744300842285e-01
4.402018785476684570e-01
-2.777337329462170601e-03
2.592682242393493652e-01
4.487574696540832520e-01
1.690119155682623386e-03
2.639578580856323242e-01
4.842831492424011230e-01
1.024643331766128540e-02
2.637246251106262207e-01
5.072711706161499023e-01
1.614556275308132172e-02
