2.816793918609619141e-01
6.256970167160034180e-01
-2.144124806591207744e-07
3.614300191402435303e-01
6.011762022972106934e-01
-1.819040160626173019e-03
4.169564247131347656e-01
5.428935885429382324e-01
-2.343991771340370178e-03
4.255267083644866943e-01
4.832916855812072754e-01
-2.431087894365191460e-03
3.896014690399169922e-01
4.649303555488586426e-01
-2.668011235073208809e-03
3.738275766372680664e-01
4.212506711483001709e-01
1.180227147415280342e-03
3.852275013923645020e-01
4.377641677856445312e-01
-2.866598544642329216e-03
3.780749142169952393e-01
4.822371602058410645e-01
-1.547065004706382751e-02
3.681782782077789307e-01
5.039640665054321289e-01
-2.608972229063510895e-02
3.263986408710479736e-01
4.091662168502807617e-01
-1.592012704350054264e-03
3.408587276935577393e-01
4.314205050468444824e-01
3.030785359442234039e-03
3.397311866283416748e-01
4.726658463478088379e-01
-4.917329642921686172e-03
3.311277329921722412e-01
4.970327019691467285e-01
-1.433453615754842758e-02
2.822566628456115723e-01
4.186565876007080078e-01
-3.333239350467920303e-03
2.977254390716552734e-01
4.337307214736938477e-01
9.599323384463787079e-04
3.008114993572235107e-01
4.722211360931396484e-01
1.359926769509911537e-03
2.964704930782318115e-01
4.970192313194274902e-01
-1.911654253490269184e-03
2.444202154874801636e-01
4.392836987972259521e-01
-5.222713109105825424e-03
2.596654891967773438e-01
4.491016268730163574e-01
7.731718505965545774e-05
2.640952467918395996e-01
4.851387143135070801e-01
9.071781300008296967e-03
2.631330788135528564e-01
5.073913335800170898e-01
1.495055854320526123e-02
