2.731272578239440918e-01
6.240978837013244629e-01
-1.533506548412333359e-07
3.528207242488861084e-01
5.988665223121643066e-01
-2.739157760515809059e-03
4.076788127422332764e-01
5.419411659240722656e-01
-4.907494410872459412e-03
4.203609526157379150e-01
4.784678518772125244e-01
-5.956579931080341339e-03
3.861925601959228516e-01
4.554351866245269775e-01
-7.392277475446462631e-03
3.616988062858581543e-01
4.221335947513580322e-01
-6.854637991636991501e-03
3.810156583786010742e-01
4.297239780426025391e-01
-1.034582313150167465e-02
3.759290874004364014e-01
4.745050370693206787e-01
-2.124772593379020691e-02
3.651679754257202148e-01
4.987162351608276367e-01
-3.050946630537509918e-02
3.133505284786224365e-01
4.106108546257019043e-01
-8.260858245193958282e-03
3.368943929672241211e-01
4.241818785667419434e-01
-1.512684510089457035e-03
3.361240327358245850e-01
4.642422795295715332e-01
-6.909137591719627380e-03
3.254481256008148193e-01
4.913238883018493652e-01
-1.554319728165864944e-02
2.696853280067443848e-01
4.202859401702880859e-01
-8.107774890959262848e-03
2.929124236106872559e-01
4.280704259872436523e-01
-1.316147739998996258e-03
2.954347729682922363e-01
4.624163806438446045e-01
1.916550827445462346e-04
2.889628708362579346e-01
4.900651574134826660e-01
-3.393600927665829659e-03
2.326495647430419922e-01
4.404767751693725586e-01
-7.996425963938236237e-03
2.533285617828369141e-01
4.440760612487792969e-01
-1.650829799473285675e-03
2.574116885662078857e-01
4.764465987682342529e-01
7.098681293427944183e-03
2.539588809013366699e-01
5.012777447700500488e-01
1.229024399071931839e-02
