2.773539423942565918e-01
6.277986764907836914e-01
-1.829609033165979781e-07
3.566333949565887451e-01
5.977503657341003418e-01
-2.682740567252039909e-03
4.090344309806823730e-01
5.409842133522033691e-01
-6.418725941330194473e-03
4.149478077888488770e-01
4.781531691551208496e-01
-9.181189350783824921e-03
3.789292871952056885e-01
4.527896046638488770e-01
-1.260248664766550064e-02
3.713225424289703369e-01
4.255459308624267578e-01
-9.381148964166641235e-03
3.825207352638244629e-01
4.331661164760589600e-01
-1.416350621730089188e-02
3.744491040706634521e-01
4.744307398796081543e-01
-2.505031786859035492e-02
3.648104369640350342e-01
4.964844584465026855e-01
-3.429885581135749817e-02
3.217762410640716553e-01
4.105285108089447021e-01
-1.166895497590303421e-02
3.372806310653686523e-01
4.273104071617126465e-01
-6.303498987108469009e-03
3.347109258174896240e-01
4.655344486236572266e-01
-1.117026060819625854e-02
3.259691596031188965e-01
4.914953410625457764e-01
-1.917329616844654083e-02
2.761363685131072998e-01
4.177692830562591553e-01
-1.238138973712921143e-02
2.920998334884643555e-01
4.292566776275634766e-01
-6.822841707617044449e-03
2.941885292530059814e-01
4.650755226612091064e-01
-4.567506723105907440e-03
2.900288105010986328e-01
4.925769567489624023e-01
-7.369957864284515381e-03
2.374736070632934570e-01
4.368180334568023682e-01
-1.316111255437135696e-02
2.525066733360290527e-01
4.433544576168060303e-01
-8.105088956654071808e-03
2.563328444957733154e-01
4.779978990554809570e-01
1.034316606819629669e-03
2.546397149562835693e-01
5.031371116638183594e-01
7.025930099189281464e-03
