2.756457924842834473e-01
6.304700970649719238e-01
-1.359510690690513002e-07
3.440004587173461914e-01
6.027714610099792480e-01
-1.302308402955532074e-02
4.053816199302673340e-01
5.463657975196838379e-01
-2.171824499964714050e-02
4.178455471992492676e-01
4.792633950710296631e-01
-2.740928530693054199e-02
3.817665278911590576e-01
4.581868946552276611e-01
-3.212775290012359619e-02
3.636377453804016113e-01
4.450095593929290771e-01
-2.106623351573944092e-02
3.702828884124755859e-01
4.179947078227996826e-01
-3.191848471760749817e-02
3.666970133781433105e-01
4.661199152469635010e-01
-4.232962056994438171e-02
3.639097511768341064e-01
4.953139722347259521e-01
-4.936679452657699585e-02
3.153922259807586670e-01
4.337761700153350830e-01
-2.062178775668144226e-02
3.247146308422088623e-01
4.118650257587432861e-01
-2.433006465435028076e-02
3.249188959598541260e-01
4.573807120323181152e-01
-2.783215232193470001e-02
3.203863501548767090e-01
4.894001483917236328e-01
-3.188082575798034668e-02
2.713555395603179932e-01
4.387369751930236816e-01
-2.004160359501838684e-02
2.774374485015869141e-01
4.172728955745697021e-01
-2.152764424681663513e-02
2.832871675491333008e-01
4.594483971595764160e-01
-1.576495543122291565e-02
2.839604318141937256e-01
4.915661215782165527e-01
-1.375371590256690979e-02
2.328968048095703125e-01
4.535202383995056152e-01
-2.041222900152206421e-02
2.381420433521270752e-01
4.363810122013092041e-01
-1.894197054207324982e-02
2.441011071205139160e-01
4.718903005123138428e-01
-8.501239120960235596e-03
2.461662292480468750e-01
4.970364570617675781e-01
-8.060376276262104511e-04
