2.748000323772430420e-01
6.254135966300964355e-01
-1.471057800017661066e-07
3.454227447509765625e-01
6.015945076942443848e-01
-1.648012362420558929e-02
4.064640402793884277e-01
5.460172891616821289e-01
-2.610447444021701813e-02
4.157606959342956543e-01
4.776631891727447510e-01
-3.218393400311470032e-02
3.778080940246582031e-01
4.530110955238342285e-01
-3.694612532854080200e-02
3.645851612091064453e-01
4.319752454757690430e-01
-2.088038437068462372e-02
3.708854019641876221e-01
4.226727187633514404e-01
-3.238775581121444702e-02
3.658947646617889404e-01
4.739746451377868652e-01
-4.425102472305297852e-02
3.616041541099548340e-01
4.984009265899658203e-01
-5.262918770313262939e-02
3.164252638816833496e-01
4.181758463382720947e-01
-1.900057867169380188e-02
3.250718712806701660e-01
4.196244478225708008e-01
-2.256765961647033691e-02
3.255919516086578369e-01
4.667761623859405518e-01
-2.766107022762298584e-02
3.202974498271942139e-01
4.918459951877593994e-01
-3.316554054617881775e-02
2.721588313579559326e-01
4.245294034481048584e-01
-1.734306663274765015e-02
2.791462242603302002e-01
4.258368611335754395e-01
-1.933195441961288452e-02
2.853820025920867920e-01
4.688579440116882324e-01
-1.466704625636339188e-02
2.849597632884979248e-01
4.946339428424835205e-01
-1.353606488555669785e-02
2.333647012710571289e-01
4.406511783599853516e-01
-1.704556867480278015e-02
2.416746318340301514e-01
4.437347352504730225e-01
-1.531168445944786072e-02
2.480035871267318726e-01
4.797109365463256836e-01
-5.419561639428138733e-03
2.489160299301147461e-01
5.000950098037719727e-01
1.868555787950754166e-03
