2.756262123584747314e-01
6.303213238716125488e-01
-1.563299747431301512e-07
3.447542786598205566e-01
6.032478213310241699e-01
-1.710585691034793854e-02
4.072691500186920166e-01
5.456420183181762695e-01
-2.675055898725986481e-02
4.166155755519866943e-01
4.781731367111206055e-01
-3.291044011712074280e-02
3.791884183883666992e-01
4.565875828266143799e-01
-3.742912039160728455e-02
3.632662892341613770e-01
4.362103044986724854e-01
-2.032917551696300507e-02
3.694506287574768066e-01
4.188482463359832764e-01
-3.337543457746505737e-02
3.657019734382629395e-01
4.720962941646575928e-01
-4.551716521382331848e-02
3.630311489105224609e-01
4.976814687252044678e-01
-5.365040525794029236e-02
3.154087960720062256e-01
4.249602556228637695e-01
-1.869517378509044647e-02
3.238117098808288574e-01
4.156149625778198242e-01
-2.444385737180709839e-02
3.248765766620635986e-01
4.659581482410430908e-01
-2.895219251513481140e-02
3.205239474773406982e-01
4.927513897418975830e-01
-3.333757817745208740e-02
2.717808783054351807e-01
4.319137334823608398e-01
-1.775214076042175293e-02
2.777949571609497070e-01
4.213928580284118652e-01
-2.219371311366558075e-02
2.846900522708892822e-01
4.688407182693481445e-01
-1.615215465426445007e-02
2.854313850402832031e-01
4.974319636821746826e-01
-1.322406530380249023e-02
2.332959920167922974e-01
4.481525421142578125e-01
-1.819336973130702972e-02
2.399130314588546753e-01
4.406949579715728760e-01
-1.810763403773307800e-02
2.467791438102722168e-01
4.794700741767883301e-01
-7.342717610299587250e-03
2.486352473497390747e-01
5.018631219863891602e-01
9.664986864663660526e-04
