2.727521061897277832e-01
6.289219856262207031e-01
-1.411959402730644797e-07
3.405005633831024170e-01
6.015282869338989258e-01
-2.089498005807399750e-02
4.021989405155181885e-01
5.478384494781494141e-01
-3.345889598131179810e-02
4.160336256027221680e-01
4.822871088981628418e-01
-4.258703067898750305e-02
3.787923157215118408e-01
4.555797874927520752e-01
-4.981140047311782837e-02
3.584140837192535400e-01
4.308058321475982666e-01
-2.036180719733238220e-02
3.711712062358856201e-01
4.176684617996215820e-01
-3.698953241109848022e-02
3.643292188644409180e-01
4.738062024116516113e-01
-5.185095220804214478e-02
3.566854000091552734e-01
5.004615187644958496e-01
-6.111624464392662048e-02
3.127054870128631592e-01
4.197485148906707764e-01
-1.762787997722625732e-02
3.262430131435394287e-01
4.151495695114135742e-01
-2.883328497409820557e-02
3.257710635662078857e-01
4.693557322025299072e-01
-3.609053790569305420e-02
3.194115161895751953e-01
4.984011352062225342e-01
-4.069637134671211243e-02
2.698749899864196777e-01
4.263127446174621582e-01
-1.619357429444789886e-02
2.817691862583160400e-01
4.205862879753112793e-01
-2.477380074560642242e-02
2.869020998477935791e-01
4.707501530647277832e-01
-1.882323063910007477e-02
2.849615514278411865e-01
5.008585453033447266e-01
-1.436224393546581268e-02
2.317958772182464600e-01
4.413465857505798340e-01
-1.658092252910137177e-02
2.438170760869979858e-01
4.366943538188934326e-01
-1.924743317067623138e-02
2.496487945318222046e-01
4.778562188148498535e-01
-8.593742735683917999e-03
2.501350939273834229e-01
5.027589201927185059e-01
8.312400896102190018e-04
