2.741935849189758301e-01
6.245476603507995605e-01
-1.719280646739207441e-07
3.533794581890106201e-01
5.937223434448242188e-01
-4.607862327247858047e-03
4.089829921722412109e-01
5.338326096534729004e-01
-8.180997334420681000e-03
4.108580052852630615e-01
4.717142879962921143e-01
-9.919345378875732422e-03
3.732565045356750488e-01
4.541886448860168457e-01
-1.178975496441125870e-02
3.646634817123413086e-01
4.122768044471740723e-01
-1.113842520862817764e-02
3.785807490348815918e-01
4.283439517021179199e-01
-1.655428484082221985e-02
3.722853958606719971e-01
4.723770916461944580e-01
-2.820002660155296326e-02
3.609215319156646729e-01
4.947570860385894775e-01
-3.790558129549026489e-02
3.143479526042938232e-01
4.022524356842041016e-01
-1.262265443801879883e-02
3.329445421695709229e-01
4.227255582809448242e-01
-8.301369845867156982e-03
3.319977521896362305e-01
4.623541235923767090e-01
-1.453482918441295624e-02
3.210507929325103760e-01
4.872376322746276855e-01
-2.335218898952007294e-02
2.692219018936157227e-01
4.122715294361114502e-01
-1.247410103678703308e-02
2.870750725269317627e-01
4.258209764957427979e-01
-7.301095407456159592e-03
2.900028228759765625e-01
4.622803032398223877e-01
-5.663464777171611786e-03
2.841794788837432861e-01
4.889552891254425049e-01
-8.835864253342151642e-03
2.305604219436645508e-01
4.331304430961608887e-01
-1.264806557446718216e-02
2.471091896295547485e-01
4.413244128227233887e-01
-7.347939535975456238e-03
2.516933083534240723e-01
4.763699471950531006e-01
1.650869962759315968e-03
2.497548162937164307e-01
4.999806284904479980e-01
7.369293831288814545e-03
