2.746025323867797852e-01
6.280506253242492676e-01
-1.632197523804279626e-07
3.527206778526306152e-01
5.951737165451049805e-01
-4.054014105349779129e-03
4.080122113227844238e-01
5.356958508491516113e-01
-7.144272793084383011e-03
4.141091704368591309e-01
4.737035930156707764e-01
-8.966797962784767151e-03
3.794750273227691650e-01
4.522585570812225342e-01
-1.080090738832950592e-02
3.609339594841003418e-01
4.126348793506622314e-01
-7.146698888391256332e-03
3.770748078823089600e-01
4.231594204902648926e-01
-1.181094069033861160e-02
3.721273839473724365e-01
4.663375616073608398e-01
-2.284171991050243378e-02
3.615406751632690430e-01
4.902878403663635254e-01
-3.180481866002082825e-02
3.123132288455963135e-01
4.030732214450836182e-01
-8.868431672453880310e-03
3.317158520221710205e-01
4.189708232879638672e-01
-3.691523335874080658e-03
3.314940035343170166e-01
4.574517011642456055e-01
-9.273137897253036499e-03
3.222006857395172119e-01
4.839738607406616211e-01
-1.743952557444572449e-02
2.680844366550445557e-01
4.139152467250823975e-01
-9.342103265225887299e-03
2.867393195629119873e-01
4.238332509994506836e-01
-3.704862669110298157e-03
2.892785072326660156e-01
4.590274095535278320e-01
-1.606090227141976357e-03
2.843361794948577881e-01
4.862291812896728516e-01
-4.254646133631467819e-03
2.299287021160125732e-01
4.351030588150024414e-01
-1.017726492136716843e-02
2.471048235893249512e-01
4.383025169372558594e-01
-4.010658245533704758e-03
2.514781653881072998e-01
4.720479547977447510e-01
5.691637285053730011e-03
2.499530315399169922e-01
4.962561130523681641e-01
1.196767762303352356e-02
