2.310757935047149658e-01
7.615793943405151367e-01
-1.856047191495235893e-07
3.188835382461547852e-01
7.712938785552978516e-01
-1.012726966291666031e-02
4.012516736984252930e-01
7.402910590171813965e-01
-1.675142534077167511e-02
4.293746352195739746e-01
6.604024171829223633e-01
-2.088899724185466766e-02
3.983486294746398926e-01
6.054270863533020020e-01
-2.364235371351242065e-02
3.872308731079101562e-01
6.217887997627258301e-01
-1.793293654918670654e-02
4.037008285522460938e-01
5.609097480773925781e-01
-2.777048386633396149e-02
3.870407938957214355e-01
6.125820279121398926e-01
-3.606767207384109497e-02
3.792075514793395996e-01
6.510450243949890137e-01
-4.149940609931945801e-02
3.356537222862243652e-01
5.836184024810791016e-01
-1.753523200750350952e-02
3.569762706756591797e-01
5.289533734321594238e-01
-2.059993892908096313e-02
3.428717255592346191e-01
5.821906328201293945e-01
-2.337102033197879791e-02
3.287232518196105957e-01
6.217156648635864258e-01
-2.721196971833705902e-02
2.838160693645477295e-01
5.623924136161804199e-01
-1.650051586329936981e-02
3.033631145954132080e-01
5.028968453407287598e-01
-1.938528008759021759e-02
2.954851984977722168e-01
5.574306845664978027e-01
-1.109447516500949860e-02
2.853882312774658203e-01
6.026595234870910645e-01
-7.412444800138473511e-03
2.338024377822875977e-01
5.546634197235107422e-01
-1.550778746604919434e-02
2.497713565826416016e-01
5.060336589813232422e-01
-1.607790216803550720e-02
2.449191212654113770e-01
5.507829189300537109e-01
-3.268413711339235306e-03
2.387416958808898926e-01
5.877751708030700684e-01
6.342652253806591034e-03
