2.753661274909973145e-01
6.235890984535217285e-01
-1.968052742995496374e-07
3.537546992301940918e-01
6.003465652465820312e-01
-2.576107392087578773e-03
4.104961156845092773e-01
5.430217981338500977e-01
-5.003106314688920975e-03
4.194633960723876953e-01
4.740955531597137451e-01
-6.210358347743749619e-03
3.826141357421875000e-01
4.531514048576354980e-01
-7.942862808704376221e-03
3.696905374526977539e-01
4.198439717292785645e-01
-9.338526986539363861e-03
3.806184232234954834e-01
4.241186082363128662e-01
-1.226319931447505951e-02
3.748075962066650391e-01
4.680812060832977295e-01
-2.214530482888221741e-02
3.669482171535491943e-01
4.914048910140991211e-01
-3.111476637423038483e-02
3.190377056598663330e-01
4.044547677040100098e-01
-1.127098593860864639e-02
3.349935114383697510e-01
4.203260838985443115e-01
-2.696226583793759346e-03
3.337895274162292480e-01
4.592892229557037354e-01
-6.307124160230159760e-03
3.255860507488250732e-01
4.849221110343933105e-01
-1.438240427523851395e-02
2.731330692768096924e-01
4.132746160030364990e-01
-1.146559137850999832e-02
2.888809740543365479e-01
4.239677190780639648e-01
-3.175820922479033470e-03
2.921296656131744385e-01
4.588035047054290771e-01
-5.821965751238167286e-04
2.884022295475006104e-01
4.867324233055114746e-01
-4.115486983209848404e-03
2.343287169933319092e-01
4.333568215370178223e-01
-1.179179549217224121e-02
2.492429018020629883e-01
4.402572810649871826e-01
-4.179542884230613708e-03
2.538498342037200928e-01
4.731221497058868408e-01
5.276160780340433121e-03
2.521883845329284668e-01
4.975334405899047852e-01
1.067828107625246048e-02
