2.739799916744232178e-01
6.232895851135253906e-01
-1.776412403842186905e-07
3.545637428760528564e-01
5.999847650527954102e-01
-5.451626144349575043e-03
4.117011427879333496e-01
5.420789718627929688e-01
-9.565951302647590637e-03
4.180508255958557129e-01
4.740004539489746094e-01
-1.172200031578540802e-02
3.803189694881439209e-01
4.501710832118988037e-01
-1.427142880856990814e-02
3.695702254772186279e-01
4.179683625698089600e-01
-1.350491121411323547e-02
3.831087052822113037e-01
4.257364273071289062e-01
-1.746550016105175018e-02
3.768988549709320068e-01
4.729840755462646484e-01
-2.824389375746250153e-02
3.683549165725708008e-01
4.959849417209625244e-01
-3.788835182785987854e-02
3.180642724037170410e-01
4.048800468444824219e-01
-1.418424583971500397e-02
3.369001746177673340e-01
4.223366975784301758e-01
-6.916481535881757736e-03
3.358454108238220215e-01
4.628564715385437012e-01
-1.146657485514879227e-02
3.266958594322204590e-01
4.882066249847412109e-01
-2.033479139208793640e-02
2.724899053573608398e-01
4.147947132587432861e-01
-1.314160972833633423e-02
2.906569242477416992e-01
4.253779649734497070e-01
-5.996676627546548843e-03
2.937608361244201660e-01
4.612906575202941895e-01
-3.649470163509249687e-03
2.893419861793518066e-01
4.887470901012420654e-01
-7.334445137530565262e-03
2.338556647300720215e-01
4.348269402980804443e-01
-1.230051554739475250e-02
2.504789829254150391e-01
4.406677782535552979e-01
-5.236805882304906845e-03
2.547136247158050537e-01
4.741515219211578369e-01
4.426659084856510162e-03
2.525343298912048340e-01
4.984848797321319580e-01
9.848864749073982239e-03
