2.804433703422546387e-01
6.247596144676208496e-01
-1.608028128430305514e-07
3.585287332534790039e-01
5.995525121688842773e-01
-4.663512576371431351e-03
4.130038917064666748e-01
5.451613664627075195e-01
-8.738422766327857971e-03
4.196228981018066406e-01
4.808733761310577393e-01
-1.177435927093029022e-02
3.858108818531036377e-01
4.523669779300689697e-01
-1.541676837950944901e-02
3.732227683067321777e-01
4.175494313240051270e-01
-9.153623133897781372e-03
3.795497417449951172e-01
4.304040968418121338e-01
-1.422985922545194626e-02
3.717749714851379395e-01
4.714276492595672607e-01
-2.488617785274982452e-02
3.637894093990325928e-01
4.965553879737854004e-01
-3.343603387475013733e-02
3.230664134025573730e-01
4.009318351745605469e-01
-1.078390330076217651e-02
3.341630101203918457e-01
4.238770306110382080e-01
-4.893236793577671051e-03
3.313164114952087402e-01
4.601809978485107422e-01
-9.638067334890365601e-03
3.247321248054504395e-01
4.870226681232452393e-01
-1.736095547676086426e-02
2.767387628555297852e-01
4.087893962860107422e-01
-1.119003351777791977e-02
2.888703048229217529e-01
4.257842302322387695e-01
-5.847089923918247223e-03
2.898518741130828857e-01
4.592851698398590088e-01
-4.834925755858421326e-03
2.868265807628631592e-01
4.864935874938964844e-01
-8.286424912512302399e-03
2.373171150684356689e-01
4.296118617057800293e-01
-1.193789020180702209e-02
2.488331496715545654e-01
4.428937733173370361e-01
-7.077285088598728180e-03
2.516664564609527588e-01
4.754141569137573242e-01
7.577637443318963051e-04
2.507633864879608154e-01
4.989184737205505371e-01
6.000899709761142731e-03
