2.797436118125915527e-01
6.260613203048706055e-01
-1.666809765765719931e-07
3.579517304897308350e-01
6.011134386062622070e-01
-5.118200555443763733e-03
4.127292633056640625e-01
5.452252030372619629e-01
-9.523967280983924866e-03
4.175650477409362793e-01
4.800465404987335205e-01
-1.280494034290313721e-02
3.819188177585601807e-01
4.533966183662414551e-01
-1.659494079649448395e-02
3.723531961441040039e-01
4.165697693824768066e-01
-9.704564698040485382e-03
3.781903982162475586e-01
4.283165037631988525e-01
-1.540184393525123596e-02
3.705183863639831543e-01
4.695961177349090576e-01
-2.659935131669044495e-02
3.629122376441955566e-01
4.940921068191528320e-01
-3.553839400410652161e-02
3.220078647136688232e-01
4.013354480266571045e-01
-1.154061034321784973e-02
3.328411877155303955e-01
4.214501380920410156e-01
-6.146420724689960480e-03
3.303540647029876709e-01
4.579698145389556885e-01
-1.078866701573133469e-02
3.237235546112060547e-01
4.847762584686279297e-01
-1.840724423527717590e-02
2.758409380912780762e-01
4.097955226898193359e-01
-1.225167978554964066e-02
2.871699929237365723e-01
4.240410923957824707e-01
-7.379014045000076294e-03
2.886082530021667480e-01
4.585403501987457275e-01
-5.740535911172628403e-03
2.860116064548492432e-01
4.862285554409027100e-01
-8.604748174548149109e-03
2.360792011022567749e-01
4.306513965129852295e-01
-1.338315196335315704e-02
2.471667528152465820e-01
4.403550028800964355e-01
-8.611234836280345917e-03
2.506065964698791504e-01
4.732074737548828125e-01
-1.632103521842509508e-04
2.501251101493835449e-01
4.968127906322479248e-01
5.540548823773860931e-03
