2.804126441478729248e-01
6.275230646133422852e-01
-1.593038803093804745e-07
3.637326061725616455e-01
5.955561399459838867e-01
-2.495956723578274250e-04
4.180697202682495117e-01
5.349937081336975098e-01
2.151808439521118999e-04
4.257752299308776855e-01
4.775844812393188477e-01
9.999148314818739891e-04
3.897770643234252930e-01
4.633755385875701904e-01
1.867537037469446659e-03
3.697196841239929199e-01
4.178337156772613525e-01
1.649767626076936722e-03
3.861970305442810059e-01
4.253376126289367676e-01
-3.950099926441907883e-04
3.823403120040893555e-01
4.675019085407257080e-01
-1.048765797168016434e-02
3.732251524925231934e-01
4.915415942668914795e-01
-1.906271092593669891e-02
3.202268779277801514e-01
4.061275124549865723e-01
-8.482834673486649990e-04
3.420720994472503662e-01
4.201821684837341309e-01
6.032780278474092484e-03
3.429046273231506348e-01
4.596734046936035156e-01
7.633089990122243762e-05
3.338093161582946777e-01
4.877462387084960938e-01
-8.149605244398117065e-03
2.755192220211029053e-01
4.150253534317016602e-01
-2.062622923403978348e-03
2.985411584377288818e-01
4.220372736454010010e-01
5.174506455659866333e-03
3.023328781127929688e-01
4.585037827491760254e-01
6.633514072746038437e-03
2.973910272121429443e-01
4.877278208732604980e-01
3.574753412976861000e-03
2.388985008001327515e-01
4.354575872421264648e-01
-3.335799789056181908e-03
2.598001360893249512e-01
4.367768764495849609e-01
4.083012696355581284e-03
2.643432617187500000e-01
4.712992012500762939e-01
1.392094884067773819e-02
2.617437541484832764e-01
4.969809651374816895e-01
2.021574229001998901e-02
