2.779157757759094238e-01
6.265037059783935547e-01
-1.821605479790378013e-07
3.631640076637268066e-01
5.971203446388244629e-01
2.680904581211507320e-04
4.180825054645538330e-01
5.363823175430297852e-01
1.012157299555838108e-03
4.269125163555145264e-01
4.770789742469787598e-01
2.117145108059048653e-03
3.899785876274108887e-01
4.641694426536560059e-01
3.201242769137024879e-03
3.708391189575195312e-01
4.169976115226745605e-01
1.718289335258305073e-03
3.877941370010375977e-01
4.269786477088928223e-01
4.791185492649674416e-04
3.820430040359497070e-01
4.702308177947998047e-01
-9.162059053778648376e-03
3.705257475376129150e-01
4.939402639865875244e-01
-1.764362864196300507e-02
3.215687572956085205e-01
4.036813378334045410e-01
-7.221028790809214115e-04
3.429158926010131836e-01
4.210090041160583496e-01
7.713971659541130066e-03
3.427262008190155029e-01
4.606485664844512939e-01
2.220328664407134056e-03
3.322330415248870850e-01
4.873114228248596191e-01
-6.119744386523962021e-03
2.766764760017395020e-01
4.121747910976409912e-01
-1.715008635073900223e-03
2.982487678527832031e-01
4.231591224670410156e-01
7.065238431096076965e-03
3.017965555191040039e-01
4.594020247459411621e-01
8.296296931803226471e-03
2.957581877708435059e-01
4.873862862586975098e-01
4.545386880636215210e-03
2.395940274000167847e-01
4.331137835979461670e-01
-2.770833671092987061e-03
2.589269280433654785e-01
4.383925795555114746e-01
5.613777786493301392e-03
2.633943557739257812e-01
4.724406003952026367e-01
1.511558145284652710e-02
2.601200938224792480e-01
4.977340996265411377e-01
2.088388986885547638e-02
