2.785831689834594727e-01
6.274526119232177734e-01
-1.765797890129761072e-07
3.639300465583801270e-01
5.964410901069641113e-01
7.751384400762617588e-04
4.191870093345642090e-01
5.329805016517639160e-01
1.675479928962886333e-03
4.254750609397888184e-01
4.733327329158782959e-01
3.072835505008697510e-03
3.861627876758575439e-01
4.627654254436492920e-01
4.358339123427867889e-03
3.717967271804809570e-01
4.176952838897705078e-01
7.874467410147190094e-04
3.864482343196868896e-01
4.257850646972656250e-01
-1.227532775374129415e-04
3.812806308269500732e-01
4.698665142059326172e-01
-9.663693606853485107e-03
3.711442351341247559e-01
4.939953088760375977e-01
-1.809093169867992401e-02
3.216150701045989990e-01
4.056207537651062012e-01
-1.728838658891618252e-03
3.409456312656402588e-01
4.206219911575317383e-01
7.089970167726278305e-03
3.413421809673309326e-01
4.608130455017089844e-01
1.889677485451102257e-03
3.313172161579132080e-01
4.878071546554565430e-01
-6.316609214991331100e-03
2.762028872966766357e-01
4.141350984573364258e-01
-2.566850744187831879e-03
2.955449223518371582e-01
4.217255711555480957e-01
7.011986337602138519e-03
2.997142672538757324e-01
4.590238630771636963e-01
8.804196491837501526e-03
2.946028113365173340e-01
4.877386689186096191e-01
5.250662565231323242e-03
2.388034462928771973e-01
4.341233968734741211e-01
-3.368396079167723656e-03
2.564090490341186523e-01
4.367906451225280762e-01
6.163678597658872604e-03
2.608968317508697510e-01
4.712878167629241943e-01
1.655005849897861481e-02
2.580763697624206543e-01
4.963447451591491699e-01
2.268509380519390106e-02
