2.841160297393798828e-01
6.301099658012390137e-01
-1.993289657775676460e-07
3.649297058582305908e-01
6.013560891151428223e-01
-3.796896897256374359e-03
4.227067828178405762e-01
5.413500666618347168e-01
-6.839674431830644608e-03
4.301020205020904541e-01
4.766642451286315918e-01
-8.632470853626728058e-03
3.934889137744903564e-01
4.528446197509765625e-01
-1.037875562906265259e-02
3.787971138954162598e-01
4.179346263408660889e-01
-8.198667317628860474e-03
3.925170004367828369e-01
4.307598173618316650e-01
-1.256005093455314636e-02
3.855751752853393555e-01
4.763549268245697021e-01
-2.332079410552978516e-02
3.743896484375000000e-01
4.986484646797180176e-01
-3.260475769639015198e-02
3.290766775608062744e-01
4.024878442287445068e-01
-1.004568953067064285e-02
3.469577133655548096e-01
4.266375899314880371e-01
-4.488036036491394043e-03
3.450504541397094727e-01
4.672001600265502930e-01
-1.029235962778329849e-02
3.350388705730438232e-01
4.904854297637939453e-01
-1.900021918118000031e-02
2.834061980247497559e-01
4.095607697963714600e-01
-1.042030937969684601e-02
3.029419183731079102e-01
4.273423552513122559e-01
-4.744372330605983734e-03
3.049638569355010986e-01
4.645675718784332275e-01
-3.129448043182492256e-03
2.986843883991241455e-01
4.894744455814361572e-01
-6.534565705806016922e-03
2.435034811496734619e-01
4.283607602119445801e-01
-1.104576420038938522e-02
2.616703808307647705e-01
4.415625333786010742e-01
-5.285882856696844101e-03
2.655627429485321045e-01
4.768723845481872559e-01
3.603553166612982750e-03
2.620220482349395752e-01
4.994722008705139160e-01
9.176173247396945953e-03
