2.836471199989318848e-01
6.313855648040771484e-01
-1.831949560937573551e-07
3.650172948837280273e-01
6.022499203681945801e-01
-5.165562033653259277e-03
4.208012819290161133e-01
5.412272214889526367e-01
-9.438698180019855499e-03
4.264716804027557373e-01
4.757716655731201172e-01
-1.225085370242595673e-02
3.890705704689025879e-01
4.480827450752258301e-01
-1.521753426641225815e-02
3.803529441356658936e-01
4.208495318889617920e-01
-1.060336828231811523e-02
3.903626799583435059e-01
4.300454556941986084e-01
-1.648814044892787933e-02
3.828609883785247803e-01
4.755331575870513916e-01
-2.845220454037189484e-02
3.731765151023864746e-01
4.982587993144989014e-01
-3.842157870531082153e-02
3.293536901473999023e-01
4.058202207088470459e-01
-1.197420060634613037e-02
3.439494967460632324e-01
4.237493872642517090e-01
-7.808806840330362320e-03
3.422309160232543945e-01
4.643888771533966064e-01
-1.376899983733892441e-02
3.336078524589538574e-01
4.893904030323028564e-01
-2.247542329132556915e-02
2.825299501419067383e-01
4.132426977157592773e-01
-1.201823167502880096e-02
2.982241511344909668e-01
4.238334596157073975e-01
-7.523084525018930435e-03
3.008564412593841553e-01
4.621618092060089111e-01
-5.304772872477769852e-03
2.967688441276550293e-01
4.892523288726806641e-01
-8.113165386021137238e-03
2.422804236412048340e-01
4.324147701263427734e-01
-1.235706266015768051e-02
2.573460340499877930e-01
4.411661028861999512e-01
-7.453176192939281464e-03
2.621343135833740234e-01
4.768193662166595459e-01
1.745810499414801598e-03
2.609884440898895264e-01
5.003288388252258301e-01
7.643506396561861038e-03
