2.914752364158630371e-01
6.266567707061767578e-01
-2.119081301543701557e-07
3.692272007465362549e-01
6.043794155120849609e-01
-2.764934673905372620e-03
4.281677305698394775e-01
5.472573637962341309e-01
-4.854111466556787491e-03
4.385837912559509277e-01
4.842793941497802734e-01
-6.325289607048034668e-03
4.038069844245910645e-01
4.616564214229583740e-01
-7.608828134834766388e-03
3.869654536247253418e-01
4.191542565822601318e-01
-2.538718050345778465e-03
3.995276391506195068e-01
4.280869960784912109e-01
-7.355730514973402023e-03
3.927426934242248535e-01
4.755077958106994629e-01
-1.954620704054832458e-02
3.832063078880310059e-01
4.972624480724334717e-01
-2.981337346136569977e-02
3.385723233222961426e-01
4.035859704017639160e-01
-5.340269301086664200e-03
3.544585108757019043e-01
4.245458245277404785e-01
-9.191518765874207020e-04
3.529076278209686279e-01
4.692033827304840088e-01
-7.937532849609851837e-03
3.445464074611663818e-01
4.931068420410156250e-01
-1.696359179913997650e-02
2.930716574192047119e-01
4.115778803825378418e-01
-7.003785576671361923e-03
3.094062805175781250e-01
4.256558418273925781e-01
-2.958187600597739220e-03
3.119132220745086670e-01
4.674320220947265625e-01
-1.160011859610676765e-03
3.076715767383575439e-01
4.934249222278594971e-01
-3.772095078602433205e-03
2.531119585037231445e-01
4.303195476531982422e-01
-8.815821260213851929e-03
2.682035565376281738e-01
4.384631812572479248e-01
-3.840086748823523521e-03
2.719490230083465576e-01
4.768714904785156250e-01
6.032241974025964737e-03
2.703239023685455322e-01
5.002847313880920410e-01
1.253103185445070267e-02
