2.301862686872482300e-01
7.582967281341552734e-01
-2.348710950172971934e-07
3.215553462505340576e-01
7.735368609428405762e-01
1.021687523461878300e-03
4.017511606216430664e-01
7.401184439659118652e-01
1.344316988252103329e-03
4.317335784435272217e-01
6.623208522796630859e-01
2.538503147661685944e-03
4.009788632392883301e-01
6.096091270446777344e-01
4.011651501059532166e-03
3.900750875473022461e-01
6.058774590492248535e-01
-2.919736783951520920e-03
4.039592146873474121e-01
5.610606074333190918e-01
-6.200136151164770126e-03
3.882432281970977783e-01
6.110366582870483398e-01
-1.531023625284433365e-02
3.784077763557434082e-01
6.468316912651062012e-01
-2.249973826110363007e-02
3.387756943702697754e-01
5.685939788818359375e-01
-4.750395659357309341e-03
3.564453423023223877e-01
5.299900174140930176e-01
3.077279310673475266e-03
3.437975645065307617e-01
5.813905000686645508e-01
6.248958525247871876e-04
3.294586837291717529e-01
6.187798380851745605e-01
-5.909066647291183472e-03
2.862797975540161133e-01
5.501764416694641113e-01
-4.957594908773899078e-03
3.043142259120941162e-01
5.069457292556762695e-01
1.606715261004865170e-03
2.969866394996643066e-01
5.563464760780334473e-01
7.466111332178115845e-03
2.867802977561950684e-01
5.994573235511779785e-01
6.813787389546632767e-03
2.368655204772949219e-01
5.453777313232421875e-01
-4.291911609470844269e-03
2.531641721725463867e-01
5.064005851745605469e-01
2.892380114644765854e-03
2.474166750907897949e-01
5.483862757682800293e-01
1.602566055953502655e-02
2.403350621461868286e-01
5.840576887130737305e-01
2.415039949119091034e-02
