3.043371737003326416e-01
6.286813616752624512e-01
-2.267306626890785992e-07
3.837513923645019531e-01
6.071165204048156738e-01
-2.394765382632613182e-03
4.442508816719055176e-01
5.456763505935668945e-01
-1.593523891642689705e-03
4.548721313476562500e-01
4.839397668838500977e-01
8.750550477998331189e-05
4.197987616062164307e-01
4.662430882453918457e-01
2.173952292650938034e-03
3.969435095787048340e-01
4.146420955657958984e-01
3.642619587481021881e-03
4.111791849136352539e-01
4.338134229183197021e-01
4.407037631608545780e-04
4.048567116260528564e-01
4.797288477420806885e-01
-1.241721305996179581e-02
3.931934237480163574e-01
5.010278820991516113e-01
-2.291346527636051178e-02
3.489486873149871826e-01
4.022269845008850098e-01
2.509613288566470146e-03
3.661224842071533203e-01
4.277759194374084473e-01
8.163060061633586884e-03
3.650072813034057617e-01
4.717814326286315918e-01
-8.028179290704429150e-04
3.552739918231964111e-01
4.963109493255615234e-01
-1.077408995479345322e-02
3.047529458999633789e-01
4.106758236885070801e-01
2.449693391099572182e-03
3.225856125354766846e-01
4.274690747261047363e-01
7.937398739159107208e-03
3.256077766418457031e-01
4.672706723213195801e-01
7.348480168730020523e-03
3.198322057723999023e-01
4.936764240264892578e-01
3.537880489602684975e-03
2.670588493347167969e-01
4.289387464523315430e-01
2.216672524809837341e-03
2.839092314243316650e-01
4.370958805084228516e-01
9.071411564946174622e-03
2.872136235237121582e-01
4.752105772495269775e-01
1.840190589427947998e-02
2.846999466419219971e-01
4.993498623371124268e-01
2.462901733815670013e-02
