3.036063611507415771e-01
6.304985284805297852e-01
-2.150117666133155581e-07
3.837582767009735107e-01
6.107805371284484863e-01
-5.916716530919075012e-03
4.430068135261535645e-01
5.527109503746032715e-01
-8.263814263045787811e-03
4.550210237503051758e-01
4.927063584327697754e-01
-9.367601014673709869e-03
4.254916310310363770e-01
4.660707116127014160e-01
-1.041701808571815491e-02
4.002554416656494141e-01
4.181398451328277588e-01
-2.648441819474101067e-03
4.149643480777740479e-01
4.409072399139404297e-01
-8.861077949404716492e-03
4.062603116035461426e-01
4.826541841030120850e-01
-2.184487506747245789e-02
3.936738967895507812e-01
5.031224489212036133e-01
-3.215960413217544556e-02
3.516175150871276855e-01
4.033182561397552490e-01
-3.519241698086261749e-03
3.696130514144897461e-01
4.290623962879180908e-01
-1.318986993283033371e-03
3.668620884418487549e-01
4.698117971420288086e-01
-9.310950525104999542e-03
3.569326400756835938e-01
4.952716231346130371e-01
-1.815581694245338440e-02
3.060134351253509521e-01
4.105852544307708740e-01
-3.786533139646053314e-03
3.242397606372833252e-01
4.267227947711944580e-01
-2.702890662476420403e-03
3.262124657630920410e-01
4.652583599090576172e-01
-2.544771181419491768e-03
3.203440606594085693e-01
4.919370114803314209e-01
-4.918357823044061661e-03
2.670074701309204102e-01
4.306153655052185059e-01
-4.432409070432186127e-03
2.840257287025451660e-01
4.380626380443572998e-01
-2.403700025752186775e-03
2.887552380561828613e-01
4.737861454486846924e-01
5.530679598450660706e-03
2.871691584587097168e-01
4.970017075538635254e-01
1.162182167172431946e-02
