3.183143138885498047e-01
6.240050196647644043e-01
-2.264420260189581313e-07
4.002959430217742920e-01
6.009220480918884277e-01
1.089188037440180779e-03
4.587307870388031006e-01
5.400505661964416504e-01
4.532478284090757370e-03
4.653275907039642334e-01
4.787454009056091309e-01
8.531802333891391754e-03
4.286529719829559326e-01
4.592470526695251465e-01
1.281446125358343124e-02
4.138371944427490234e-01
4.150561392307281494e-01
8.927633054554462433e-03
4.309912919998168945e-01
4.340408444404602051e-01
9.524727240204811096e-03
4.237887263298034668e-01
4.775688350200653076e-01
-1.572210807353258133e-03
4.110691547393798828e-01
4.988767206668853760e-01
-1.113447919487953186e-02
3.654067814350128174e-01
3.999987244606018066e-01
8.341249078512191772e-03
3.855935931205749512e-01
4.252464771270751953e-01
1.808739267289638519e-02
3.835988938808441162e-01
4.671584963798522949e-01
9.132412262260913849e-03
3.734634816646575928e-01
4.935423135757446289e-01
-1.410130062140524387e-03
3.212470412254333496e-01
4.066113829612731934e-01
9.460593573749065399e-03
3.415493965148925781e-01
4.228411614894866943e-01
1.929806545376777649e-02
3.435354530811309814e-01
4.610431790351867676e-01
1.803713478147983551e-02
3.381421267986297607e-01
4.895365834236145020e-01
1.282756030559539795e-02
2.838356494903564453e-01
4.239195585250854492e-01
1.082774810492992401e-02
3.010754287242889404e-01
4.331144094467163086e-01
2.129690721631050110e-02
3.033160567283630371e-01
4.698328375816345215e-01
3.063531033694744110e-02
3.011646270751953125e-01
4.947273433208465576e-01
3.627962246537208557e-02
