3.194376528263092041e-01
6.263270378112792969e-01
-1.709079100464805379e-07
4.032356739044189453e-01
6.021673679351806641e-01
-1.079650479368865490e-03
4.587523341178894043e-01
5.428161025047302246e-01
7.236614474095404148e-04
4.663104414939880371e-01
4.846115410327911377e-01
3.145021852105855942e-03
4.333621263504028320e-01
4.614275693893432617e-01
5.480130203068256378e-03
4.151462912559509277e-01
4.221127629280090332e-01
7.524133659899234772e-03
4.312178492546081543e-01
4.454634189605712891e-01
6.898495368659496307e-03
4.241486489772796631e-01
4.854554831981658936e-01
-3.477335441857576370e-03
4.119659066200256348e-01
5.073558092117309570e-01
-1.231730356812477112e-02
3.655965030193328857e-01
4.052965342998504639e-01
7.372405380010604858e-03
3.853912949562072754e-01
4.302632212638854980e-01
1.446010544896125793e-02
3.833822011947631836e-01
4.698811173439025879e-01
6.253960076719522476e-03
3.740499913692474365e-01
4.985112547874450684e-01
-3.042275784537196159e-03
3.197989463806152344e-01
4.113323092460632324e-01
8.420413359999656677e-03
3.400861620903015137e-01
4.250328540802001953e-01
1.418396085500717163e-02
3.428611159324645996e-01
4.633128345012664795e-01
1.300342939794063568e-02
3.385873436927795410e-01
4.935144484043121338e-01
9.044403210282325745e-03
2.814465165138244629e-01
4.303846359252929688e-01
9.735412895679473877e-03
2.986887097358703613e-01
4.366606473922729492e-01
1.549981255084276199e-02
3.036520183086395264e-01
4.714208543300628662e-01
2.323720790445804596e-02
3.038364350795745850e-01
4.970581829547882080e-01
2.874601446092128754e-02
