3.267154395580291748e-01
6.269663572311401367e-01
-2.644841288201860152e-07
4.090796709060668945e-01
6.096540093421936035e-01
5.249663954600691795e-04
4.725676476955413818e-01
5.492948889732360840e-01
3.078294685110449791e-03
4.833740592002868652e-01
4.854024946689605713e-01
6.237472407519817352e-03
4.477610886096954346e-01
4.644968509674072266e-01
9.700020775198936462e-03
4.317398369312286377e-01
4.190075695514678955e-01
6.633798591792583466e-03
4.473331272602081299e-01
4.329364895820617676e-01
5.952890496701002121e-03
4.362153708934783936e-01
4.781240522861480713e-01
-4.750085063278675079e-03
4.211046099662780762e-01
4.979128539562225342e-01
-1.412898674607276917e-02
3.838309645652770996e-01
4.029017686843872070e-01
4.924322944134473801e-03
4.009236395359039307e-01
4.232439100742340088e-01
1.274481695145368576e-02
3.959872126579284668e-01
4.671131968498229980e-01
5.035063251852989197e-03
3.846226036548614502e-01
4.923081099987030029e-01
-4.355711862444877625e-03
3.388926982879638672e-01
4.077652692794799805e-01
4.743143916130065918e-03
3.562631607055664062e-01
4.203824102878570557e-01
1.198332197964191437e-02
3.556660115718841553e-01
4.617055058479309082e-01
1.271041948348283768e-02
3.486446738243103027e-01
4.900306761264801025e-01
9.394891560077667236e-03
2.989161312580108643e-01
4.229260981082916260e-01
4.722642246633768082e-03
3.156496286392211914e-01
4.259504377841949463e-01
1.305762957781553268e-02
3.164714574813842773e-01
4.652423858642578125e-01
2.379520051181316376e-02
3.130010664463043213e-01
4.903544485569000244e-01
3.087604045867919922e-02
