3.264325857162475586e-01
6.274911165237426758e-01
-2.266317125076966477e-07
4.074792265892028809e-01
6.129494309425354004e-01
-3.372871549800038338e-03
4.718825519084930420e-01
5.539787411689758301e-01
-3.492105286568403244e-03
4.851862788200378418e-01
4.887920916080474854e-01
-2.453779336065053940e-03
4.485653042793273926e-01
4.652900695800781250e-01
-1.295709516853094101e-03
4.336010813713073730e-01
4.192818403244018555e-01
1.457158010452985764e-03
4.460319280624389648e-01
4.313982725143432617e-01
-2.102370141074061394e-03
4.352796673774719238e-01
4.767018854618072510e-01
-1.484045851975679398e-02
4.223736524581909180e-01
4.987474977970123291e-01
-2.534053474664688110e-02
3.849842250347137451e-01
4.032274186611175537e-01
6.122058257460594177e-04
4.002544581890106201e-01
4.214178621768951416e-01
4.941872321069240570e-03
3.955822885036468506e-01
4.646612405776977539e-01
-4.140682984143495560e-03
3.844732940196990967e-01
4.919369518756866455e-01
-1.398693863302469254e-02
3.395375311374664307e-01
4.081730246543884277e-01
9.090722305700182915e-04
3.551492691040039062e-01
4.190951287746429443e-01
5.335661116987466812e-03
3.548004925251007080e-01
4.593954980373382568e-01
5.180228967219591141e-03
3.481930494308471680e-01
4.888037741184234619e-01
1.957382075488567352e-03
2.999855875968933105e-01
4.238236546516418457e-01
1.001333352178335190e-03
3.162381052970886230e-01
4.287074208259582520e-01
7.073672953993082047e-03
3.174144327640533447e-01
4.667052626609802246e-01
1.622198894619941711e-02
3.146691024303436279e-01
4.919216036796569824e-01
2.246724814176559448e-02
