3.391206264495849609e-01
6.270041465759277344e-01
-1.782202332378801657e-07
4.212161004543304443e-01
6.128946542739868164e-01
-8.192025125026702881e-03
4.860859811305999756e-01
5.567141771316528320e-01
-1.129956264048814774e-02
4.986742734909057617e-01
4.894801676273345947e-01
-1.241992693394422531e-02
4.621870219707489014e-01
4.629783034324645996e-01
-1.303927414119243622e-02
4.419584870338439941e-01
4.214054048061370850e-01
-4.597686696797609329e-03
4.618107378482818604e-01
4.379060864448547363e-01
-9.830839000642299652e-03
4.514653086662292480e-01
4.843954443931579590e-01
-2.238792181015014648e-02
4.371494054794311523e-01
5.072804093360900879e-01
-3.241148963570594788e-02
3.939643502235412598e-01
4.027012288570404053e-01
-3.183268243446946144e-03
4.175890088081359863e-01
4.263704419136047363e-01
-5.667028017342090607e-04
4.128597378730773926e-01
4.699103534221649170e-01
-9.228327311575412750e-03
4.009748101234436035e-01
4.976056516170501709e-01
-1.850786432623863220e-02
3.496269583702087402e-01
4.066918790340423584e-01
-8.848925936035811901e-04
3.743923306465148926e-01
4.232692122459411621e-01
1.620823866687715054e-03
3.741861283779144287e-01
4.621263742446899414e-01
1.578776049427688122e-03
3.658321499824523926e-01
4.916341304779052734e-01
-1.249093096703290939e-03
3.113083243370056152e-01
4.220714569091796875e-01
9.772040648385882378e-04
3.329431414604187012e-01
4.306682944297790527e-01
5.229074973613023758e-03
3.338076770305633545e-01
4.679443836212158203e-01
1.402866002172231674e-02
3.295352160930633545e-01
4.948958456516265869e-01
2.038086019456386566e-02
