3.381482362747192383e-01
6.306518316268920898e-01
-1.972677665662558866e-07
4.204469621181488037e-01
6.153681278228759766e-01
-8.896111510694026947e-03
4.853615760803222656e-01
5.596392154693603516e-01
-1.353538315743207932e-02
5.012068748474121094e-01
4.957548677921295166e-01
-1.679133437573909760e-02
4.649124741554260254e-01
4.696274697780609131e-01
-1.955096796154975891e-02
4.429362416267395020e-01
4.207682013511657715e-01
-3.414899809285998344e-03
4.620856046676635742e-01
4.425151348114013672e-01
-1.278290804475545883e-02
4.507747590541839600e-01
4.908698499202728271e-01
-2.825473807752132416e-02
4.366890788078308105e-01
5.123788118362426758e-01
-4.008629173040390015e-02
3.950642049312591553e-01
4.028014540672302246e-01
-3.953878302127122879e-03
4.176918268203735352e-01
4.307674765586853027e-01
-5.857334937900304794e-03
4.122584164142608643e-01
4.771516621112823486e-01
-1.589285768568515778e-02
4.003624022006988525e-01
5.029668211936950684e-01
-2.534237876534461975e-02
3.494876921176910400e-01
4.073585569858551025e-01
-4.388241097331047058e-03
3.729636073112487793e-01
4.292593002319335938e-01
-5.881558172404766083e-03
3.721100687980651855e-01
4.710851013660430908e-01
-5.655790679156780243e-03
3.635999560356140137e-01
4.972757995128631592e-01
-7.435544393956661224e-03
3.101526498794555664e-01
4.240136444568634033e-01
-5.595611874014139175e-03
3.312013149261474609e-01
4.400843083858489990e-01
-3.413130762055516243e-03
3.327885568141937256e-01
4.786744415760040283e-01
5.054435227066278458e-03
3.290439844131469727e-01
5.016611814498901367e-01
1.137052383273839951e-02
