3.395904302597045898e-01
6.305295825004577637e-01
-1.928936939066261402e-07
4.219791591167449951e-01
6.155387759208679199e-01
-8.662451989948749542e-03
4.862647950649261475e-01
5.588375329971313477e-01
-1.340552791953086853e-02
5.007879734039306641e-01
4.939363300800323486e-01
-1.659061200916767120e-02
4.640595316886901855e-01
4.674304723739624023e-01
-1.963172480463981628e-02
4.441999197006225586e-01
4.192297458648681641e-01
-6.509700324386358261e-03
4.618161022663116455e-01
4.423050284385681152e-01
-1.538849901407957077e-02
4.509279429912567139e-01
4.897557795047760010e-01
-3.036529757082462311e-02
4.372990429401397705e-01
5.115774273872375488e-01
-4.202573373913764954e-02
3.957145512104034424e-01
4.018858075141906738e-01
-6.985878571867942810e-03
4.170185923576354980e-01
4.308394193649291992e-01
-7.734482176601886749e-03
4.117969572544097900e-01
4.755491912364959717e-01
-1.693234778940677643e-02
4.003052413463592529e-01
5.017404556274414062e-01
-2.639188989996910095e-02
3.495118618011474609e-01
4.074108302593231201e-01
-7.017599418759346008e-03
3.718095719814300537e-01
4.298097491264343262e-01
-7.588748354464769363e-03
3.716437816619873047e-01
4.699374437332153320e-01
-7.337949704378843307e-03
3.638562262058258057e-01
4.968291223049163818e-01
-9.631983004510402679e-03
3.095073699951171875e-01
4.250068366527557373e-01
-7.747178897261619568e-03
3.292967677116394043e-01
4.418761134147644043e-01
-5.571352317929267883e-03
3.316288590431213379e-01
4.792651832103729248e-01
2.506757387891411781e-03
3.285673856735229492e-01
5.024712085723876953e-01
8.335608057677745819e-03
