3.483819663524627686e-01
6.249481439590454102e-01
-2.522968998164287768e-07
4.290837347507476807e-01
6.128952503204345703e-01
-4.396900068968534470e-03
4.963019192218780518e-01
5.588643550872802734e-01
-7.556885015219449997e-03
5.126268267631530762e-01
4.875348508358001709e-01
-9.354063309729099274e-03
4.752540886402130127e-01
4.590864181518554688e-01
-1.102774869650602341e-02
4.621519446372985840e-01
4.253299534320831299e-01
-9.441395290195941925e-03
4.786506891250610352e-01
4.296210706233978271e-01
-1.416007243096828461e-02
4.660007357597351074e-01
4.765573441982269287e-01
-2.493106387555599213e-02
4.515286982059478760e-01
4.984074532985687256e-01
-3.434845060110092163e-02
4.121900498867034912e-01
4.031807482242584229e-01
-1.141603756695985794e-02
4.315821826457977295e-01
4.202392101287841797e-01
-6.969983689486980438e-03
4.248404204845428467e-01
4.644313752651214600e-01
-1.264625508338212967e-02
4.121595919132232666e-01
4.890562593936920166e-01
-2.094856090843677521e-02
3.650540113449096680e-01
4.045890271663665771e-01
-1.189158391207456589e-02
3.844745457172393799e-01
4.176865220069885254e-01
-6.789895240217447281e-03
3.829753696918487549e-01
4.587562978267669678e-01
-3.777307225391268730e-03
3.745141029357910156e-01
4.864785671234130859e-01
-6.070646457374095917e-03
3.227261006832122803e-01
4.180934727191925049e-01
-1.269840169697999954e-02
3.404540717601776123e-01
4.268870651721954346e-01
-6.522388663142919540e-03
3.403554260730743408e-01
4.654183685779571533e-01
3.794231684878468513e-03
3.349805474281311035e-01
4.898665845394134521e-01
1.031454373151063919e-02
