2.316156178712844849e-01
7.590879797935485840e-01
-1.461158518623051350e-07
3.219860792160034180e-01
7.706632018089294434e-01
-3.636988345533609390e-03
4.014688134193420410e-01
7.369936704635620117e-01
-8.390301838517189026e-03
4.340451359748840332e-01
6.643302440643310547e-01
-1.153762731701135635e-02
4.056402146816253662e-01
6.112935543060302734e-01
-1.442551147192716599e-02
3.900297880172729492e-01
6.056961417198181152e-01
-1.506942231208086014e-02
4.035443067550659180e-01
5.635896921157836914e-01
-2.171958051621913910e-02
3.892252743244171143e-01
6.111348867416381836e-01
-3.038175217807292938e-02
3.783335685729980469e-01
6.460376381874084473e-01
-3.659059479832649231e-02
3.361428678035736084e-01
5.664392709732055664e-01
-1.734517887234687805e-02
3.583498001098632812e-01
5.298221111297607422e-01
-1.441456377506256104e-02
3.470605313777923584e-01
5.777748227119445801e-01
-1.633240841329097748e-02
3.308126628398895264e-01
6.160602569580078125e-01
-2.130427211523056030e-02
2.814085483551025391e-01
5.470739603042602539e-01
-1.798525452613830566e-02
3.048509955406188965e-01
5.067466497421264648e-01
-1.453692838549613953e-02
2.987946867942810059e-01
5.527749061584472656e-01
-7.606064900755882263e-03
2.876567840576171875e-01
5.943937301635742188e-01
-6.712045054882764816e-03
2.308115065097808838e-01
5.432847738265991211e-01
-1.820137538015842438e-02
2.536638081073760986e-01
5.077382922172546387e-01
-1.376904919743537903e-02
2.488044798374176025e-01
5.464130043983459473e-01
-6.001394358463585377e-04
2.408279180526733398e-01
5.796531438827514648e-01
8.283884264528751373e-03
