3.458046019077301025e-01
6.268814802169799805e-01
-2.102243712442941614e-07
4.273220896720886230e-01
6.155489087104797363e-01
-7.687991950660943985e-03
4.960587620735168457e-01
5.609853863716125488e-01
-1.292499806731939316e-02
5.118007063865661621e-01
4.891610741615295410e-01
-1.594250090420246124e-02
4.718818962574005127e-01
4.571550786495208740e-01
-1.905352249741554260e-02
4.623504877090454102e-01
4.259637594223022461e-01
-1.462671160697937012e-02
4.764955043792724609e-01
4.316924214363098145e-01
-2.120116166770458221e-02
4.647454321384429932e-01
4.782365262508392334e-01
-3.362629562616348267e-02
4.524008631706237793e-01
5.013662576675415039e-01
-4.384371265769004822e-02
4.111143946647644043e-01
4.054742753505706787e-01
-1.516450196504592896e-02
4.291003942489624023e-01
4.210228919982910156e-01
-1.173603348433971405e-02
4.237473011016845703e-01
4.629247784614562988e-01
-1.803614944219589233e-02
4.121188521385192871e-01
4.889096319675445557e-01
-2.692734263837337494e-02
3.637257218360900879e-01
4.076702892780303955e-01
-1.433108001947402954e-02
3.820023536682128906e-01
4.170455336570739746e-01
-9.885909035801887512e-03
3.815979957580566406e-01
4.562317728996276855e-01
-7.085204124450683594e-03
3.742216527462005615e-01
4.844387769699096680e-01
-9.412361308932304382e-03
3.216898143291473389e-01
4.208571612834930420e-01
-1.401501055806875229e-02
3.410654067993164062e-01
4.250112771987915039e-01
-7.729719858616590500e-03
3.414466977119445801e-01
4.620329737663269043e-01
2.977584954351186752e-03
3.360790014266967773e-01
4.870352149009704590e-01
9.632114320993423462e-03
