3.561001420021057129e-01
6.239848732948303223e-01
-1.986402224929406657e-07
4.365220367908477783e-01
6.126265525817871094e-01
-5.140227265655994415e-03
5.022948980331420898e-01
5.615821480751037598e-01
-7.866233587265014648e-03
5.190207958221435547e-01
4.905779957771301270e-01
-8.950685150921344757e-03
4.856324195861816406e-01
4.556370377540588379e-01
-9.462339803576469421e-03
4.716820716857910156e-01
4.317526519298553467e-01
-7.463650312274694443e-03
4.799542427062988281e-01
4.241942763328552246e-01
-1.082642655819654465e-02
4.695585966110229492e-01
4.727800488471984863e-01
-2.007185295224189758e-02
4.612573385238647461e-01
4.992531836032867432e-01
-2.788724191486835480e-02
4.223226606845855713e-01
4.090942442417144775e-01
-8.065572008490562439e-03
4.345680475234985352e-01
4.149603545665740967e-01
-2.204490592703223228e-03
4.290265738964080811e-01
4.601567387580871582e-01
-7.001684047281742096e-03
4.200744926929473877e-01
4.888350963592529297e-01
-1.437691505998373032e-02
3.742930591106414795e-01
4.087256491184234619e-01
-7.440817542374134064e-03
3.871784806251525879e-01
4.123535156250000000e-01
-1.405536779202520847e-03
3.867487609386444092e-01
4.537787735462188721e-01
1.187628717161715031e-03
3.818895816802978516e-01
4.846417307853698730e-01
-1.145581016317009926e-03
3.310488164424896240e-01
4.196887016296386719e-01
-7.080751005560159683e-03
3.432348072528839111e-01
4.236910343170166016e-01
-2.094194351229816675e-04
3.442447483539581299e-01
4.604424238204956055e-01
9.498662315309047699e-03
3.416746854782104492e-01
4.851549863815307617e-01
1.570240594446659088e-02
