3.598764538764953613e-01
6.276001930236816406e-01
-2.141396038268794655e-07
4.373118877410888672e-01
6.127032041549682617e-01
-1.925404556095600128e-02
5.090730786323547363e-01
5.577064156532287598e-01
-3.037720732390880585e-02
5.212209224700927734e-01
4.809712469577789307e-01
-3.727625310420989990e-02
4.822733700275421143e-01
4.424344897270202637e-01
-4.107505828142166138e-02
4.773105382919311523e-01
4.674499630928039551e-01
-3.257150202989578247e-02
4.789307117462158203e-01
4.158161580562591553e-01
-5.398371815681457520e-02
4.702513217926025391e-01
4.766170978546142578e-01
-6.490094959735870361e-02
4.698741436004638672e-01
5.077852010726928711e-01
-7.050933688879013062e-02
4.233034849166870117e-01
4.487395882606506348e-01
-3.173119947314262390e-02
4.342184960842132568e-01
3.991169333457946777e-01
-4.926191642880439758e-02
4.297490417957305908e-01
4.607645869255065918e-01
-5.057400465011596680e-02
4.250816106796264648e-01
4.928202629089355469e-01
-4.998094961047172546e-02
3.754509091377258301e-01
4.421890079975128174e-01
-3.208366781473159790e-02
3.848598599433898926e-01
3.961077332496643066e-01
-4.683848097920417786e-02
3.866481781005859375e-01
4.569598138332366943e-01
-3.424987569451332092e-02
3.863891065120697021e-01
4.903207719326019287e-01
-2.449717000126838684e-02
3.331243097782135010e-01
4.457930326461791992e-01
-3.364748507738113403e-02
3.439992368221282959e-01
4.155974984169006348e-01
-4.025795310735702515e-02
3.457479178905487061e-01
4.619222879409790039e-01
-2.672731690108776093e-02
3.462061583995819092e-01
4.862443804740905762e-01
-1.542300451546907425e-02
