3.601663708686828613e-01
6.221997141838073730e-01
-1.744777904377770028e-07
4.359108507633209229e-01
6.108103990554809570e-01
-1.417465507984161377e-02
5.074547529220581055e-01
5.615292191505432129e-01
-2.447368577122688293e-02
5.248826742172241211e-01
4.867091178894042969e-01
-3.111032210290431976e-02
4.888433218002319336e-01
4.471229314804077148e-01
-3.608489781618118286e-02
4.744468927383422852e-01
4.702138304710388184e-01
-3.291727602481842041e-02
4.803131520748138428e-01
4.155002236366271973e-01
-5.052430555224418640e-02
4.722567200660705566e-01
4.693551957607269287e-01
-6.021187454462051392e-02
4.678141176700592041e-01
5.045743584632873535e-01
-6.506650149822235107e-02
4.225669801235198975e-01
4.507268965244293213e-01
-3.276718407869338989e-02
4.372000694274902344e-01
3.993950486183166504e-01
-4.435926675796508789e-02
4.330303370952606201e-01
4.527767002582550049e-01
-4.519886150956153870e-02
4.257636368274688721e-01
4.883349239826202393e-01
-4.601509496569633484e-02
3.758092522621154785e-01
4.426495134830474854e-01
-3.258322551846504211e-02
3.890939652919769287e-01
3.934503495693206787e-01
-4.146802052855491638e-02
3.904176652431488037e-01
4.456582665443420410e-01
-3.098437562584877014e-02
3.876936733722686768e-01
4.821255505084991455e-01
-2.449052780866622925e-02
3.336331248283386230e-01
4.433586299419403076e-01
-3.305321186780929565e-02
3.458515405654907227e-01
4.088154137134552002e-01
-3.705421090126037598e-02
3.476117551326751709e-01
4.509099423885345459e-01
-2.511613257229328156e-02
3.468132019042968750e-01
4.786458611488342285e-01
-1.582169160246849060e-02
