3.591635823249816895e-01
6.136673688888549805e-01
-2.773878406969743082e-07
4.289003014564514160e-01
6.152600646018981934e-01
-2.612621895968914032e-02
5.070667266845703125e-01
5.701550245285034180e-01
-3.797663003206253052e-02
5.293022990226745605e-01
4.928216040134429932e-01
-4.525377973914146423e-02
4.895052313804626465e-01
4.537905454635620117e-01
-4.789391160011291504e-02
4.789502322673797607e-01
4.559108912944793701e-01
-2.880881354212760925e-02
4.817678034305572510e-01
4.107298851013183594e-01
-5.521683022379875183e-02
4.679293632507324219e-01
4.817915558815002441e-01
-6.968126446008682251e-02
4.687644541263580322e-01
5.067223310470581055e-01
-7.753915339708328247e-02
4.290389716625213623e-01
4.379661381244659424e-01
-2.572527527809143066e-02
4.351056814193725586e-01
3.976964354515075684e-01
-4.869697242975234985e-02
4.282726943492889404e-01
4.718127548694610596e-01
-5.093993619084358215e-02
4.251461029052734375e-01
4.941153526306152344e-01
-4.995473846793174744e-02
3.835976719856262207e-01
4.338666498661041260e-01
-2.580986171960830688e-02
3.883822858333587646e-01
3.932049572467803955e-01
-4.736851528286933899e-02
3.876540958881378174e-01
4.655256867408752441e-01
-3.343009948730468750e-02
3.870836794376373291e-01
4.945581853389739990e-01
-2.123552188277244568e-02
3.403414487838745117e-01
4.363105595111846924e-01
-2.782971784472465515e-02
3.458506762981414795e-01
4.127452373504638672e-01
-3.814872354269027710e-02
3.476445078849792480e-01
4.655251204967498779e-01
-2.481810562312602997e-02
3.492075800895690918e-01
4.883339107036590576e-01
-1.282284036278724670e-02
