3.609117269515991211e-01
6.156283617019653320e-01
-2.617600785015383735e-07
4.307414293289184570e-01
6.125011444091796875e-01
-1.995860971510410309e-02
5.072885155677795410e-01
5.699786543846130371e-01
-2.955211140215396881e-02
5.305591225624084473e-01
4.957391321659088135e-01
-3.585995361208915710e-02
4.932404756546020508e-01
4.568970501422882080e-01
-3.871740773320198059e-02
4.803525209426879883e-01
4.535051286220550537e-01
-2.407911233603954315e-02
4.830015897750854492e-01
4.101833999156951904e-01
-4.752599447965621948e-02
4.705809950828552246e-01
4.764667153358459473e-01
-6.200610101222991943e-02
4.712495505809783936e-01
5.055736303329467773e-01
-7.053143531084060669e-02
4.301538765430450439e-01
4.360130131244659424e-01
-2.363047935068607330e-02
4.373230636119842529e-01
3.955911397933959961e-01
-4.254020750522613525e-02
4.300468862056732178e-01
4.653354585170745850e-01
-4.526363685727119446e-02
4.261591136455535889e-01
4.926346540451049805e-01
-4.601874202489852905e-02
3.833202123641967773e-01
4.325736761093139648e-01
-2.560177817940711975e-02
3.869422078132629395e-01
3.907987177371978760e-01
-4.441144317388534546e-02
3.861132562160491943e-01
4.600927531719207764e-01
-3.234931826591491699e-02
3.865214586257934570e-01
4.942205846309661865e-01
-2.245558053255081177e-02
3.390766978263854980e-01
4.372701942920684814e-01
-2.898372150957584381e-02
3.410392999649047852e-01
4.133146703243255615e-01
-3.855541720986366272e-02
3.447271883487701416e-01
4.645908772945404053e-01
-2.642017975449562073e-02
3.492985963821411133e-01
4.902904927730560303e-01
-1.586267352104187012e-02
