3.565432429313659668e-01
6.220359802246093750e-01
-2.726416141740628518e-07
4.319234192371368408e-01
6.207935214042663574e-01
-1.101919449865818024e-02
5.072790384292602539e-01
5.688604116439819336e-01
-1.524680666625499725e-02
5.307896137237548828e-01
4.934683740139007568e-01
-1.658255234360694885e-02
4.887773990631103516e-01
4.629607796669006348e-01
-1.648839376866817474e-02
4.733377397060394287e-01
4.514978229999542236e-01
-1.761465147137641907e-02
4.845430254936218262e-01
4.129495024681091309e-01
-3.059672378003597260e-02
4.746172726154327393e-01
4.689526855945587158e-01
-4.381726682186126709e-02
4.692609310150146484e-01
5.028223991394042969e-01
-5.317103862762451172e-02
4.234734475612640381e-01
4.367496669292449951e-01
-1.731270365417003632e-02
4.383491277694702148e-01
3.998268246650695801e-01
-2.406940795481204987e-02
4.324429631233215332e-01
4.586620330810546875e-01
-2.885086275637149811e-02
4.236162900924682617e-01
4.931738078594207764e-01
-3.392573073506355286e-02
3.778711259365081787e-01
4.350038766860961914e-01
-1.707866042852401733e-02
3.890832066535949707e-01
3.962669074535369873e-01
-2.288831025362014771e-02
3.892300724983215332e-01
4.514171779155731201e-01
-1.567668467760086060e-02
3.855951726436614990e-01
4.896607100963592529e-01
-1.240214984863996506e-02
3.362383842468261719e-01
4.403215348720550537e-01
-1.738990843296051025e-02
3.466467559337615967e-01
4.114655256271362305e-01
-1.858535408973693848e-02
3.473832309246063232e-01
4.568896293640136719e-01
-7.037714123725891113e-03
3.462635278701782227e-01
4.871185123920440674e-01
1.009922125376760960e-03
