3.572512269020080566e-01
6.209059953689575195e-01
-2.741201967637607595e-07
4.318412244319915771e-01
6.192914843559265137e-01
-1.395170018076896667e-02
5.073032975196838379e-01
5.679228305816650391e-01
-1.881995610892772675e-02
5.294482707977294922e-01
4.926110804080963135e-01
-2.064736932516098022e-02
4.874874651432037354e-01
4.617971181869506836e-01
-2.067118510603904724e-02
4.734901785850524902e-01
4.497527480125427246e-01
-1.682935841381549835e-02
4.842554330825805664e-01
4.134735465049743652e-01
-3.146729618310928345e-02
4.729606509208679199e-01
4.736286401748657227e-01
-4.431660845875740051e-02
4.680867791175842285e-01
5.057845711708068848e-01
-5.291794985532760620e-02
4.252055287361145020e-01
4.346131980419158936e-01
-1.590778864920139313e-02
4.394290447235107422e-01
3.999134898185729980e-01
-2.517241425812244415e-02
4.319406151771545410e-01
4.621705114841461182e-01
-2.954312413930892944e-02
4.233598411083221436e-01
4.949429035186767578e-01
-3.315435349941253662e-02
3.803721070289611816e-01
4.324840009212493896e-01
-1.583778858184814453e-02
3.901384472846984863e-01
3.956812918186187744e-01
-2.453742735087871552e-02
3.891452550888061523e-01
4.551015198230743408e-01
-1.651030592620372772e-02
3.853136599063873291e-01
4.918058216571807861e-01
-1.155293732881546021e-02
3.376733660697937012e-01
4.370430707931518555e-01
-1.663869060575962067e-02
3.464860618114471436e-01
4.100799560546875000e-01
-2.009402774274349213e-02
3.469385206699371338e-01
4.583528041839599609e-01
-8.559680543839931488e-03
3.461377918720245361e-01
4.876994788646697998e-01
3.227924171369522810e-04
