3.513609766960144043e-01
6.215770244598388672e-01
-1.974441374841262586e-07
4.335259497165679932e-01
6.232712268829345703e-01
-4.244120325893163681e-03
5.024247169494628906e-01
5.702370405197143555e-01
-3.169938921928405762e-03
5.231727361679077148e-01
4.985266625881195068e-01
-4.962500534020364285e-04
4.861235618591308594e-01
4.720630943775177002e-01
2.645980566740036011e-03
4.667927026748657227e-01
4.301044344902038574e-01
-1.636977191083133221e-03
4.791176319122314453e-01
4.256100058555603027e-01
-3.435520455241203308e-03
4.685891866683959961e-01
4.762638211250305176e-01
-1.395472697913646698e-02
4.587802886962890625e-01
5.025185346603393555e-01
-2.324438281357288361e-02
4.172408878803253174e-01
4.115125536918640137e-01
-2.072318224236369133e-03
4.322380125522613525e-01
4.178079068660736084e-01
5.503224674612283707e-03
4.267706871032714844e-01
4.650110006332397461e-01
1.931710430653765798e-04
4.163213968276977539e-01
4.936901628971099854e-01
-7.891740649938583374e-03
3.694639801979064941e-01
4.147375226020812988e-01
-1.546724233776330948e-03
3.843969106674194336e-01
4.169220924377441406e-01
4.802906420081853867e-03
3.848178386688232422e-01
4.578010439872741699e-01
5.808134563267230988e-03
3.790780603885650635e-01
4.884856343269348145e-01
2.346282126381993294e-03
3.263334631919860840e-01
4.272349476814270020e-01
-1.149808522313833237e-03
3.414154648780822754e-01
4.288131296634674072e-01
5.992166232317686081e-03
3.418574035167694092e-01
4.653475880622863770e-01
1.512862555682659149e-02
3.386718630790710449e-01
4.910423755645751953e-01
2.034141682088375092e-02
