3.476225435733795166e-01
6.292119622230529785e-01
-2.647940391398151405e-07
4.335957169532775879e-01
6.236531734466552734e-01
-1.428341842256486416e-03
5.032722949981689453e-01
5.659571886062622070e-01
3.011184744536876678e-04
5.209593176841735840e-01
4.934716522693634033e-01
3.340060822665691376e-03
4.812405109405517578e-01
4.677619636058807373e-01
6.786723621189594269e-03
4.674568772315979004e-01
4.254094660282135010e-01
3.758030361495912075e-04
4.819249212741851807e-01
4.292609989643096924e-01
-1.068514422513544559e-03
4.700040519237518311e-01
4.814987778663635254e-01
-1.211363170295953751e-02
4.585237801074981689e-01
5.062683820724487305e-01
-2.184060402214527130e-02
4.169781804084777832e-01
4.065488874912261963e-01
-9.118532761931419373e-04
4.351031482219696045e-01
4.200870692729949951e-01
7.718035485595464706e-03
4.292536675930023193e-01
4.683330953121185303e-01
1.720065250992774963e-03
4.171798527240753174e-01
4.962210953235626221e-01
-7.098586298525333405e-03
3.696978092193603516e-01
4.101781845092773438e-01
-6.894156686030328274e-04
3.880992531776428223e-01
4.177861213684082031e-01
7.921447977423667908e-03
3.876078426837921143e-01
4.620651602745056152e-01
9.850354865193367004e-03
3.809589445590972900e-01
4.924530982971191406e-01
6.564705632627010345e-03
3.278755545616149902e-01
4.235932826995849609e-01
-4.767599166370928288e-04
3.471581935882568359e-01
4.279296994209289551e-01
9.601041674613952637e-03
3.469203412532806396e-01
4.676437377929687500e-01
2.086300216615200043e-02
3.422778844833374023e-01
4.930484294891357422e-01
2.738718688488006592e-02
