2.922137975692749023e-01
5.721693038940429688e-01
-4.294547579775098711e-07
3.324669003486633301e-01
6.315239667892456055e-01
-3.099407441914081573e-02
3.848589658737182617e-01
6.774796247482299805e-01
-4.875648021697998047e-02
4.332171678543090820e-01
7.059917449951171875e-01
-6.551339477300643921e-02
4.710212051868438721e-01
7.299799323081970215e-01
-7.835531234741210938e-02
4.485919773578643799e-01
5.954145193099975586e-01
-1.480069756507873535e-02
4.577169716358184814e-01
5.457524657249450684e-01
-4.441431537270545959e-02
4.169878363609313965e-01
5.519539713859558105e-01
-6.165492162108421326e-02
3.989246189594268799e-01
5.725805759429931641e-01
-6.858019530773162842e-02
4.425061643123626709e-01
5.402163863182067871e-01
-1.062120590358972549e-02
4.536465406417846680e-01
5.002515316009521484e-01
-4.172064736485481262e-02
4.050057232379913330e-01
5.137037038803100586e-01
-5.217560753226280212e-02
3.851954638957977295e-01
5.363158583641052246e-01
-5.120872706174850464e-02
4.300882518291473389e-01
4.943321645259857178e-01
-1.191990915685892105e-02
4.428927302360534668e-01
4.613510966300964355e-01
-4.183454439043998718e-02
3.993937373161315918e-01
4.746429920196533203e-01
-4.156492277979850769e-02
3.794879615306854248e-01
4.986057281494140625e-01
-3.201270475983619690e-02
4.157914221286773682e-01
4.579297900199890137e-01
-1.596915163099765778e-02
4.325261116027832031e-01
4.274508059024810791e-01
-3.342717513442039490e-02
4.038553833961486816e-01
4.393953382968902588e-01
-3.002527169883251190e-02
3.865796029567718506e-01
4.638881087303161621e-01
-2.031431533396244049e-02
