2.939791083335876465e-01
5.702465772628784180e-01
-2.596043771063705208e-07
3.326714038848876953e-01
6.249332427978515625e-01
-2.712374739348888397e-02
3.852812349796295166e-01
6.694920659065246582e-01
-4.055843502283096313e-02
4.336681365966796875e-01
7.034052014350891113e-01
-5.264947190880775452e-02
4.682011306285858154e-01
7.307125329971313477e-01
-6.141586601734161377e-02
4.502499401569366455e-01
5.900744199752807617e-01
-1.003894768655300140e-02
4.576785564422607422e-01
5.492317676544189453e-01
-3.242605924606323242e-02
4.165056347846984863e-01
5.526781082153320312e-01
-4.633024707436561584e-02
4.014084339141845703e-01
5.724393725395202637e-01
-5.287075415253639221e-02
4.459567070007324219e-01
5.369791984558105469e-01
-5.805649328976869583e-03
4.535518288612365723e-01
5.062795877456665039e-01
-2.896488085389137268e-02
4.076480567455291748e-01
5.149971842765808105e-01
-3.593996912240982056e-02
3.907476365566253662e-01
5.361643433570861816e-01
-3.516872599720954895e-02
4.336853623390197754e-01
4.935267567634582520e-01
-6.056538783013820648e-03
4.463061094284057617e-01
4.651588201522827148e-01
-3.016950003802776337e-02
4.044263064861297607e-01
4.754947423934936523e-01
-2.531746961176395416e-02
3.863627910614013672e-01
4.972553551197052002e-01
-1.523693185299634933e-02
4.186957478523254395e-01
4.569578468799591064e-01
-8.791126310825347900e-03
4.347671866416931152e-01
4.301829934120178223e-01
-2.387211844325065613e-02
4.045734405517578125e-01
4.398488700389862061e-01
-1.720038242638111115e-02
3.873496055603027344e-01
4.599291384220123291e-01
-6.079845130443572998e-03
