3.400672078132629395e-01
5.540910363197326660e-01
-1.769625725955847884e-07
3.853931427001953125e-01
6.126568317413330078e-01
-9.188067167997360229e-03
4.338755607604980469e-01
6.562143564224243164e-01
-1.562459766864776611e-02
4.800975918769836426e-01
6.862336397171020508e-01
-2.279800735414028168e-02
5.131926536560058594e-01
7.116535902023315430e-01
-2.947579137980937958e-02
4.963420629501342773e-01
5.685243606567382812e-01
4.113260190933942795e-03
5.047530531883239746e-01
5.361691117286682129e-01
-6.718256045132875443e-04
4.721607565879821777e-01
5.395604968070983887e-01
-1.052982825785875320e-02
4.507766664028167725e-01
5.558986663818359375e-01
-1.730993762612342834e-02
4.906170368194580078e-01
5.123752355575561523e-01
3.837262513116002083e-03
4.974282979965209961e-01
4.896275997161865234e-01
1.865934347733855247e-03
4.642079174518585205e-01
4.967424571514129639e-01
-6.035419646650552750e-03
4.388313889503479004e-01
5.152106285095214844e-01
-1.124266814440488815e-02
4.751392602920532227e-01
4.677034616470336914e-01
2.766385441645979881e-03
4.880202710628509521e-01
4.467588663101196289e-01
-1.361696631647646427e-03
4.588267803192138672e-01
4.558446407318115234e-01
-1.826692372560501099e-03
4.342834353446960449e-01
4.752061367034912109e-01
-6.452953675761818886e-04
4.568101763725280762e-01
4.342442750930786133e-01
9.121248731389641762e-04
4.758377075195312500e-01
4.114521145820617676e-01
-2.335222205147147179e-03
4.530285000801086426e-01
4.203318953514099121e-01
4.350657574832439423e-03
4.323692023754119873e-01
4.382208585739135742e-01
1.257614511996507645e-02
