3.414246737957000732e-01
5.505919456481933594e-01
-2.169494592862974969e-07
3.844435214996337891e-01
6.080105304718017578e-01
-1.788932085037231445e-02
4.325035512447357178e-01
6.531524062156677246e-01
-2.833626046776771545e-02
4.779135584831237793e-01
6.852234601974487305e-01
-3.853679448366165161e-02
5.109737515449523926e-01
7.134748697280883789e-01
-4.756578430533409119e-02
4.944091737270355225e-01
5.693737268447875977e-01
-3.661901224404573441e-03
5.028680562973022461e-01
5.349613428115844727e-01
-1.523784361779689789e-02
4.683133065700531006e-01
5.367289781570434570e-01
-2.767683379352092743e-02
4.459807574748992920e-01
5.524447560310363770e-01
-3.536316379904747009e-02
4.893816113471984863e-01
5.134253501892089844e-01
-1.569701358675956726e-03
4.991661608219146729e-01
4.874199628829956055e-01
-1.241941191256046295e-02
4.616729319095611572e-01
4.936239719390869141e-01
-2.167765237390995026e-02
4.353387057781219482e-01
5.113285183906555176e-01
-2.567449025809764862e-02
4.749419987201690674e-01
4.694790542125701904e-01
-1.609937171451747417e-03
4.903895258903503418e-01
4.441768825054168701e-01
-1.369284838438034058e-02
4.575986266136169434e-01
4.525421857833862305e-01
-1.403568405658006668e-02
4.325097501277923584e-01
4.716049134731292725e-01
-1.064757537096738815e-02
4.570939540863037109e-01
4.369441270828247070e-01
-3.177733393386006355e-03
4.751116037368774414e-01
4.094276428222656250e-01
-1.217782963067293167e-02
4.513837695121765137e-01
4.188611507415771484e-01
-7.201999425888061523e-03
4.320923686027526855e-01
4.383664429187774658e-01
9.494146215729415417e-04
