3.488456904888153076e-01
5.403791666030883789e-01
-2.935376812729373341e-07
3.857867717742919922e-01
5.975953936576843262e-01
-2.784259058535099030e-02
4.377571046352386475e-01
6.437885761260986328e-01
-4.152462631464004517e-02
4.864971637725830078e-01
6.775993108749389648e-01
-5.376587808132171631e-02
5.211418867111206055e-01
7.057802677154541016e-01
-6.243005394935607910e-02
5.015878677368164062e-01
5.670039653778076172e-01
-1.187378261238336563e-02
5.075014829635620117e-01
5.268373489379882812e-01
-3.649111464619636536e-02
4.647730588912963867e-01
5.298081636428833008e-01
-5.076345428824424744e-02
4.465415179729461670e-01
5.498661398887634277e-01
-5.679605901241302490e-02
4.964661896228790283e-01
5.123333334922790527e-01
-7.447579875588417053e-03
5.045050978660583496e-01
4.783742725849151611e-01
-3.393513336777687073e-02
4.573114514350891113e-01
4.866800904273986816e-01
-4.086336493492126465e-02
4.372967183589935303e-01
5.096676349639892578e-01
-3.860872611403465271e-02
4.839828014373779297e-01
4.683240354061126709e-01
-7.776554673910140991e-03
4.954774975776672363e-01
4.371120631694793701e-01
-3.341853991150856018e-02
4.538674950599670410e-01
4.477364122867584229e-01
-2.859766967594623566e-02
4.352901577949523926e-01
4.713120460510253906e-01
-1.765533722937107086e-02
4.679695665836334229e-01
4.334266781806945801e-01
-1.072099991142749786e-02
4.800187647342681885e-01
4.042219221591949463e-01
-2.605704031884670258e-02
4.506779313087463379e-01
4.153248667716979980e-01
-2.019381150603294373e-02
4.347482323646545410e-01
4.383889734745025635e-01
-9.458303451538085938e-03
