3.512541055679321289e-01
5.433648824691772461e-01
-2.612436844628973631e-07
3.892419040203094482e-01
5.998703241348266602e-01
-2.607726491987705231e-02
4.399751126766204834e-01
6.453336477279663086e-01
-3.834423422813415527e-02
4.863714873790740967e-01
6.775146722793579102e-01
-4.948011785745620728e-02
5.207915306091308594e-01
7.039489746093750000e-01
-5.800834298133850098e-02
5.005413889884948730e-01
5.648912191390991211e-01
-9.514423087239265442e-03
5.083286166191101074e-01
5.273452401161193848e-01
-3.069057129323482513e-02
4.695910513401031494e-01
5.277575254440307617e-01
-4.507510736584663391e-02
4.477170705795288086e-01
5.445542931556701660e-01
-5.183422565460205078e-02
4.951724112033843994e-01
5.103167891502380371e-01
-5.174055695533752441e-03
5.075834393501281738e-01
4.794687330722808838e-01
-2.801805362105369568e-02
4.639382958412170410e-01
4.831643104553222656e-01
-3.703175112605094910e-02
4.389572441577911377e-01
5.020344257354736328e-01
-3.732564300298690796e-02
4.826109707355499268e-01
4.666953086853027344e-01
-4.977801814675331116e-03
4.993534386157989502e-01
4.376381039619445801e-01
-2.809649892151355743e-02
4.606651663780212402e-01
4.428349733352661133e-01
-2.659236639738082886e-02
4.368225634098052979e-01
4.624624550342559814e-01
-1.864500530064105988e-02
4.666213095188140869e-01
4.330581426620483398e-01
-7.083290722221136093e-03
4.829460382461547852e-01
4.056470990180969238e-01
-2.232127264142036438e-02
4.561381340026855469e-01
4.119346737861633301e-01
-1.830289885401725769e-02
4.374493658542633057e-01
4.310550987720489502e-01
-9.256264194846153259e-03
