3.529332876205444336e-01
5.339961051940917969e-01
-2.946279380466876319e-07
3.917590379714965820e-01
5.918681621551513672e-01
-2.255920134484767914e-02
4.443160295486450195e-01
6.402241587638854980e-01
-3.328788653016090393e-02
4.942106008529663086e-01
6.757955551147460938e-01
-4.369179904460906982e-02
5.297340750694274902e-01
7.040476799011230469e-01
-5.158666893839836121e-02
5.081253051757812500e-01
5.648536086082458496e-01
-1.921798102557659149e-03
5.218156576156616211e-01
5.292841196060180664e-01
-2.141718938946723938e-02
4.813404083251953125e-01
5.289404392242431641e-01
-3.665961325168609619e-02
4.594593346118927002e-01
5.459622144699096680e-01
-4.425151646137237549e-02
5.053296685218811035e-01
5.123504996299743652e-01
1.252318848855793476e-03
5.174293518066406250e-01
4.829780459403991699e-01
-1.752365007996559143e-02
4.737826585769653320e-01
4.865748286247253418e-01
-2.644206583499908447e-02
4.500581026077270508e-01
5.048143863677978516e-01
-2.756602130830287933e-02
4.941961467266082764e-01
4.690606892108917236e-01
2.212286926805973053e-04
5.076060891151428223e-01
4.421776235103607178e-01
-1.956912688910961151e-02
4.682126939296722412e-01
4.478822648525238037e-01
-1.800300739705562592e-02
4.450569748878479004e-01
4.667661786079406738e-01
-1.066688168793916702e-02
4.791434705257415771e-01
4.337591528892517090e-01
-2.953055547550320625e-03
4.962406158447265625e-01
4.071224033832550049e-01
-1.539117842912673950e-02
4.665521085262298584e-01
4.145081341266632080e-01
-9.956332854926586151e-03
4.457098245620727539e-01
4.336149096488952637e-01
-1.992120523937046528e-04
