3.540669083595275879e-01
5.355964303016662598e-01
-2.365327986808551941e-07
3.924267888069152832e-01
5.937502384185791016e-01
-2.529647573828697205e-02
4.443295896053314209e-01
6.404684782028198242e-01
-3.684090822935104370e-02
4.931677579879760742e-01
6.756423711776733398e-01
-4.750736802816390991e-02
5.284540057182312012e-01
7.032104730606079102e-01
-5.532057583332061768e-02
5.070529580116271973e-01
5.642795562744140625e-01
-5.538493860512971878e-03
5.205550193786621094e-01
5.269872546195983887e-01
-2.595828101038932800e-02
4.805453121662139893e-01
5.279792547225952148e-01
-4.016124829649925232e-02
4.613270163536071777e-01
5.463832020759582520e-01
-4.719626531004905701e-02
5.009784698486328125e-01
5.106217265129089355e-01
-1.539268880151212215e-03
5.180304050445556641e-01
4.815483391284942627e-01
-2.381932921707630157e-02
4.740206897258758545e-01
4.869054555892944336e-01
-3.273495659232139587e-02
4.513987302780151367e-01
5.059219598770141602e-01
-3.312018141150474548e-02
4.876934289932250977e-01
4.667875468730926514e-01
-1.913545071147382259e-03
5.076781511306762695e-01
4.393275082111358643e-01
-2.434187196195125580e-02
4.690093994140625000e-01
4.463794231414794922e-01
-2.192039787769317627e-02
4.469735622406005859e-01
4.654154777526855469e-01
-1.361061166971921921e-02
4.708816111087799072e-01
4.321554899215698242e-01
-4.549826495349407196e-03
4.901804327964782715e-01
4.055343866348266602e-01
-1.860174536705017090e-02
4.637104868888854980e-01
4.133797287940979004e-01
-1.365058682858943939e-02
4.459231495857238770e-01
4.327218532562255859e-01
-4.161781165748834610e-03
