3.611930012702941895e-01
5.375327467918395996e-01
-2.367897025123966159e-07
4.002523720264434814e-01
5.902887582778930664e-01
-2.623272873461246490e-02
4.517012238502502441e-01
6.341383457183837891e-01
-4.001566767692565918e-02
5.020737648010253906e-01
6.699725985527038574e-01
-5.210022628307342529e-02
5.382634997367858887e-01
7.002101540565490723e-01
-6.093015894293785095e-02
5.151922106742858887e-01
5.608933568000793457e-01
-1.117500942200422287e-02
5.303441286087036133e-01
5.253407955169677734e-01
-3.327010199427604675e-02
4.883159995079040527e-01
5.275174379348754883e-01
-4.904720559716224670e-02
4.650968313217163086e-01
5.459123849868774414e-01
-5.636273324489593506e-02
5.118751525878906250e-01
5.054003596305847168e-01
-6.314784288406372070e-03
5.256287455558776855e-01
4.770091474056243896e-01
-2.827175892889499664e-02
4.798561930656433105e-01
4.843921065330505371e-01
-3.692801669239997864e-02
4.536560177803039551e-01
5.050188302993774414e-01
-3.701881319284439087e-02
5.010379552841186523e-01
4.602147638797760010e-01
-5.551661830395460129e-03
5.153502821922302246e-01
4.349858462810516357e-01
-2.670619823038578033e-02
4.759609103202819824e-01
4.445190131664276123e-01
-2.393817342817783356e-02
4.512259066104888916e-01
4.653865993022918701e-01
-1.527286507189273834e-02
4.871007204055786133e-01
4.251273274421691895e-01
-7.186167407780885696e-03
5.050691366195678711e-01
4.005058407783508301e-01
-2.030281163752079010e-02
4.758116304874420166e-01
4.090102612972259521e-01
-1.452261116355657578e-02
4.545524120330810547e-01
4.280297160148620605e-01
-4.119138699024915695e-03
