3.608407080173492432e-01
5.382594466209411621e-01
-2.266830421149279573e-07
4.004575014114379883e-01
5.914496779441833496e-01
-2.500011399388313293e-02
4.518148601055145264e-01
6.359673142433166504e-01
-3.820072114467620850e-02
5.020443797111511230e-01
6.709586381912231445e-01
-4.964824765920639038e-02
5.385625362396240234e-01
6.997386813163757324e-01
-5.847283080220222473e-02
5.189570188522338867e-01
5.588867664337158203e-01
-1.140915881842374802e-02
5.304298996925354004e-01
5.217117667198181152e-01
-2.971035242080688477e-02
4.903853535652160645e-01
5.232492685317993164e-01
-4.326331987977027893e-02
4.697947204113006592e-01
5.396031737327575684e-01
-5.033696442842483521e-02
5.144742131233215332e-01
5.021324157714843750e-01
-7.068497128784656525e-03
5.268188714981079102e-01
4.754299819469451904e-01
-2.555008605122566223e-02
4.827723205089569092e-01
4.816863238811492920e-01
-3.367894515395164490e-02
4.580602943897247314e-01
4.990710020065307617e-01
-3.467037156224250793e-02
5.009657144546508789e-01
4.570687711238861084e-01
-6.127995438873767853e-03
5.168232321739196777e-01
4.327889382839202881e-01
-2.437245845794677734e-02
4.787924885749816895e-01
4.409757852554321289e-01
-2.143174968659877777e-02
4.553258121013641357e-01
4.586550295352935791e-01
-1.401852350682020187e-02
4.835007190704345703e-01
4.234713315963745117e-01
-7.360650226473808289e-03
5.016777515411376953e-01
3.970905244350433350e-01
-1.896272040903568268e-02
4.748822450637817383e-01
4.052732586860656738e-01
-1.273089088499546051e-02
4.564892053604125977e-01
4.229090213775634766e-01
-2.691836794838309288e-03
