3.692179024219512939e-01
5.328110456466674805e-01
-2.188208583220330183e-07
4.117041230201721191e-01
5.882743000984191895e-01
-1.906540989875793457e-02
4.642301499843597412e-01
6.350734233856201172e-01
-2.999340742826461792e-02
5.139374732971191406e-01
6.701214313507080078e-01
-3.969060257077217102e-02
5.500398874282836914e-01
6.975461244583129883e-01
-4.743792116641998291e-02
5.302756428718566895e-01
5.516782999038696289e-01
-6.096022669225931168e-03
5.362065434455871582e-01
5.177261829376220703e-01
-1.894463784992694855e-02
4.988604485988616943e-01
5.198572874069213867e-01
-3.122821636497974396e-02
4.793983101844787598e-01
5.356709957122802734e-01
-3.843675553798675537e-02
5.250979065895080566e-01
4.949882924556732178e-01
-3.096601227298378944e-03
5.319867134094238281e-01
4.700092077255249023e-01
-1.447309367358684540e-02
4.921746850013732910e-01
4.760422110557556152e-01
-2.218994498252868652e-02
4.681409597396850586e-01
4.936414957046508789e-01
-2.483014576137065887e-02
5.111820697784423828e-01
4.503706097602844238e-01
-2.332339761778712273e-03
5.226060748100280762e-01
4.278925955295562744e-01
-1.420127227902412415e-02
4.876177310943603516e-01
4.366513490676879883e-01
-1.212256494909524918e-02
4.650086760520935059e-01
4.557231068611145020e-01
-7.086272817105054855e-03
4.939731061458587646e-01
4.175003767013549805e-01
-3.280801000073552132e-03
5.087214708328247070e-01
3.940770626068115234e-01
-1.066857296973466873e-02
4.816177487373352051e-01
4.034004509449005127e-01
-3.768103662878274918e-03
4.627064764499664307e-01
4.223969578742980957e-01
5.775963421911001205e-03
