3.712197840213775635e-01
5.278623104095458984e-01
-2.729717039073875640e-07
4.094474613666534424e-01
5.855194330215454102e-01
-2.434352971613407135e-02
4.622592329978942871e-01
6.333955526351928711e-01
-3.628127649426460266e-02
5.116497278213500977e-01
6.680088639259338379e-01
-4.705820232629776001e-02
5.484294891357421875e-01
6.950157284736633301e-01
-5.515857413411140442e-02
5.244101881980895996e-01
5.552068352699279785e-01
-7.998792454600334167e-03
5.373651981353759766e-01
5.192183256149291992e-01
-2.713321149349212646e-02
4.973255991935729980e-01
5.206277966499328613e-01
-4.043804854154586792e-02
4.767163693904876709e-01
5.382539629936218262e-01
-4.681581258773803711e-02
5.193450450897216797e-01
4.990131855010986328e-01
-4.136632196605205536e-03
5.350959300994873047e-01
4.704790711402893066e-01
-2.378653548657894135e-02
4.907021820545196533e-01
4.749127626419067383e-01
-3.156051412224769592e-02
4.665370583534240723e-01
4.935632646083831787e-01
-3.170579299330711365e-02
5.072705745697021484e-01
4.544200301170349121e-01
-4.118904005736112595e-03
5.257546901702880859e-01
4.288805127143859863e-01
-2.422290295362472534e-02
4.862874746322631836e-01
4.350203573703765869e-01
-2.146069146692752838e-02
4.628518819808959961e-01
4.539861083030700684e-01
-1.344965212047100067e-02
4.920844137668609619e-01
4.206005334854125977e-01
-6.224930286407470703e-03
5.124750137329101562e-01
3.951384127140045166e-01
-1.885196194052696228e-02
4.829684197902679443e-01
4.014120995998382568e-01
-1.269494183361530304e-02
4.623805284500122070e-01
4.200713038444519043e-01
-2.512910636141896248e-03
