3.008231818675994873e-01
5.727512240409851074e-01
-2.006652266572928056e-07
3.450320959091186523e-01
6.263300180435180664e-01
-2.069597877562046051e-02
3.966722190380096436e-01
6.673150658607482910e-01
-3.317706286907196045e-02
4.446502625942230225e-01
6.994732618331909180e-01
-4.471538960933685303e-02
4.782533645629882812e-01
7.294982671737670898e-01
-5.382371693849563599e-02
4.586232006549835205e-01
5.871067643165588379e-01
-1.052609086036682129e-02
4.726350903511047363e-01
5.487375259399414062e-01
-2.820892632007598877e-02
4.334649145603179932e-01
5.537567138671875000e-01
-4.118715226650238037e-02
4.138292968273162842e-01
5.724787712097167969e-01
-4.792244732379913330e-02
4.528758823871612549e-01
5.308429002761840820e-01
-8.255706168711185455e-03
4.653941392898559570e-01
5.027145147323608398e-01
-2.466121874749660492e-02
4.235674738883972168e-01
5.115081667900085449e-01
-3.100105375051498413e-02
4.016421735286712646e-01
5.312591791152954102e-01
-3.153559193015098572e-02
4.389517009258270264e-01
4.860731661319732666e-01
-8.990087546408176422e-03
4.538520276546478271e-01
4.604225158691406250e-01
-2.536801807582378387e-02
4.179937541484832764e-01
4.713093936443328857e-01
-2.127252519130706787e-02
3.976076543331146240e-01
4.922513365745544434e-01
-1.370427850633859634e-02
4.223293662071228027e-01
4.530677795410156250e-01
-1.158108189702033997e-02
4.405203163623809814e-01
4.244369268417358398e-01
-2.111203223466873169e-02
4.144555926322937012e-01
4.341799914836883545e-01
-1.346315722912549973e-02
3.971019089221954346e-01
4.533751606941223145e-01
-2.931297756731510162e-03
