3.732946217060089111e-01
5.309959650039672852e-01
-2.574581117187335622e-07
4.118357896804809570e-01
5.873100757598876953e-01
-2.579825930297374725e-02
4.654431939125061035e-01
6.338348388671875000e-01
-3.789255768060684204e-02
5.136467218399047852e-01
6.686930656433105469e-01
-4.881804063916206360e-02
5.492568016052246094e-01
6.966452002525329590e-01
-5.695419013500213623e-02
5.265476703643798828e-01
5.547413825988769531e-01
-9.651866741478443146e-03
5.370894670486450195e-01
5.167186260223388672e-01
-3.086978197097778320e-02
4.967259466648101807e-01
5.188630223274230957e-01
-4.484694078564643860e-02
4.767038822174072266e-01
5.379545688629150391e-01
-5.132206529378890991e-02
5.195865035057067871e-01
4.976361095905303955e-01
-5.743436980992555618e-03
5.356441736221313477e-01
4.691637158393859863e-01
-2.852322347462177277e-02
4.907250404357910156e-01
4.738725125789642334e-01
-3.645407781004905701e-02
4.667491912841796875e-01
4.928978979587554932e-01
-3.590540215373039246e-02
5.056135654449462891e-01
4.530397951602935791e-01
-6.045088171958923340e-03
5.254661440849304199e-01
4.267980456352233887e-01
-2.880487591028213501e-02
4.860188961029052734e-01
4.330936074256896973e-01
-2.582070417702198029e-02
4.628980457782745361e-01
4.530090987682342529e-01
-1.690392009913921356e-02
4.883367121219635010e-01
4.200907349586486816e-01
-8.646759204566478729e-03
5.088430643081665039e-01
3.941882252693176270e-01
-2.297717891633510590e-02
4.815520048141479492e-01
3.999055027961730957e-01
-1.750866509974002838e-02
4.625119566917419434e-01
4.183340668678283691e-01
-7.455687969923019409e-03
