3.831764161586761475e-01
5.327703356742858887e-01
-2.528708762383757858e-07
4.230567812919616699e-01
5.887435078620910645e-01
-2.159664966166019440e-02
4.744805693626403809e-01
6.342588067054748535e-01
-3.307387977838516235e-02
5.232306718826293945e-01
6.670563817024230957e-01
-4.355465620756149292e-02
5.590730905532836914e-01
6.937390565872192383e-01
-5.196424201130867004e-02
5.416204333305358887e-01
5.509806275367736816e-01
-7.875672541558742523e-03
5.464527606964111328e-01
5.151811242103576660e-01
-2.405661344528198242e-02
5.070658922195434570e-01
5.181073546409606934e-01
-3.740496933460235596e-02
4.862563908100128174e-01
5.361410975456237793e-01
-4.449506849050521851e-02
5.362331867218017578e-01
4.948405921459197998e-01
-4.701388534158468246e-03
5.411794185638427734e-01
4.701442718505859375e-01
-2.065353281795978546e-02
4.988191127777099609e-01
4.775897860527038574e-01
-2.890434861183166504e-02
4.738022089004516602e-01
4.967103004455566406e-01
-3.054285794496536255e-02
5.217301249504089355e-01
4.505878686904907227e-01
-4.402405116707086563e-03
5.327358841896057129e-01
4.277880787849426270e-01
-2.097027376294136047e-02
4.951307773590087891e-01
4.383783340454101562e-01
-1.871305704116821289e-02
4.714420437812805176e-01
4.590013027191162109e-01
-1.210914086550474167e-02
5.036256313323974609e-01
4.168038666248321533e-01
-6.064621265977621078e-03
5.191832184791564941e-01
3.921851515769958496e-01
-1.765334419906139374e-02
4.905685186386108398e-01
4.037961959838867188e-01
-1.168072968721389771e-02
4.706807136535644531e-01
4.243724346160888672e-01
-1.828311011195182800e-03
