3.852816820144653320e-01
5.174602270126342773e-01
-2.660287350408907514e-07
4.252521991729736328e-01
5.744159817695617676e-01
-2.537873014807701111e-02
4.798077344894409180e-01
6.207153797149658203e-01
-3.791706264019012451e-02
5.293771624565124512e-01
6.561023592948913574e-01
-4.865185916423797607e-02
5.660749077796936035e-01
6.839963793754577637e-01
-5.617028102278709412e-02
5.474967360496520996e-01
5.456542968750000000e-01
-9.765003807842731476e-03
5.536803007125854492e-01
5.074615478515625000e-01
-2.842101082205772400e-02
5.124583244323730469e-01
5.088042020797729492e-01
-4.097467660903930664e-02
4.959531724452972412e-01
5.276274085044860840e-01
-4.716477170586585999e-02
5.426983833312988281e-01
4.899631440639495850e-01
-4.993214271962642670e-03
5.476620197296142578e-01
4.618687629699707031e-01
-2.467411570250988007e-02
5.028487443923950195e-01
4.695929288864135742e-01
-3.128043934702873230e-02
4.842595458030700684e-01
4.913840293884277344e-01
-3.065650165081024170e-02
5.292912721633911133e-01
4.454199969768524170e-01
-4.009057302027940750e-03
5.389913916587829590e-01
4.201346337795257568e-01
-2.454177662730216980e-02
4.994755685329437256e-01
4.308262765407562256e-01
-2.100325748324394226e-02
4.811968803405761719e-01
4.538771808147430420e-01
-1.238058786839246750e-02
5.131884813308715820e-01
4.101846516132354736e-01
-5.271366331726312637e-03
5.275776386260986328e-01
3.866112530231475830e-01
-1.852601952850818634e-02
4.975150525569915771e-01
3.974658250808715820e-01
-1.248420868068933487e-02
4.797742664813995361e-01
4.192901849746704102e-01
-1.968886470422148705e-03
