3.864025771617889404e-01
5.182128548622131348e-01
-2.201064006612796220e-07
4.281610846519470215e-01
5.757273435592651367e-01
-2.122253552079200745e-02
4.816525578498840332e-01
6.234343647956848145e-01
-3.184314444661140442e-02
5.315504074096679688e-01
6.587698459625244141e-01
-4.102670028805732727e-02
5.679541826248168945e-01
6.872571706771850586e-01
-4.818999394774436951e-02
5.464808344841003418e-01
5.440829992294311523e-01
-7.055490277707576752e-03
5.562353730201721191e-01
5.102773904800415039e-01
-2.046784199774265289e-02
5.188782215118408203e-01
5.117315649986267090e-01
-3.189295902848243713e-02
5.001769661903381348e-01
5.285150408744812012e-01
-3.839290142059326172e-02
5.417999625205993652e-01
4.886514246463775635e-01
-3.077760338783264160e-03
5.499615669250488281e-01
4.657644927501678467e-01
-1.568310335278511047e-02
5.095085501670837402e-01
4.722087979316711426e-01
-2.252405136823654175e-02
4.876160621643066406e-01
4.903067946434020996e-01
-2.435588836669921875e-02
5.282314419746398926e-01
4.440903067588806152e-01
-1.828230102546513081e-03
5.414597988128662109e-01
4.240027070045471191e-01
-1.599612273275852203e-02
5.055483579635620117e-01
4.325596094131469727e-01
-1.376921031624078751e-02
4.834230542182922363e-01
4.512833356857299805e-01
-8.135373704135417938e-03
5.115672349929809570e-01
4.088952243328094482e-01
-2.396696712821722031e-03
5.294660329818725586e-01
3.882339298725128174e-01
-1.227999292314052582e-02
5.013778805732727051e-01
3.979260921478271484e-01
-6.094629876315593719e-03
4.814589321613311768e-01
4.167056083679199219e-01
3.353824140504002571e-03
