3.966201841831207275e-01
5.074280500411987305e-01
-2.618551491195830749e-07
4.357361197471618652e-01
5.670843720436096191e-01
-2.487577870488166809e-02
4.882735013961791992e-01
6.165407299995422363e-01
-3.674518316984176636e-02
5.365449190139770508e-01
6.504139304161071777e-01
-4.722360521554946899e-02
5.723544359207153320e-01
6.760361194610595703e-01
-5.487074702978134155e-02
5.481466054916381836e-01
5.380899906158447266e-01
-8.901656605303287506e-03
5.610325336456298828e-01
5.033226609230041504e-01
-2.836610749363899231e-02
5.207962989807128906e-01
5.052930712699890137e-01
-4.180117323994636536e-02
4.996235072612762451e-01
5.241789817810058594e-01
-4.809123277664184570e-02
5.437792539596557617e-01
4.858128726482391357e-01
-4.383001010864973068e-03
5.548413395881652832e-01
4.585523307323455811e-01
-2.522459253668785095e-02
5.112806558609008789e-01
4.671696126461029053e-01
-3.327317535877227783e-02
4.881135523319244385e-01
4.887391328811645508e-01
-3.333314508199691772e-02
5.319271683692932129e-01
4.428872168064117432e-01
-3.758779261261224747e-03
5.454065203666687012e-01
4.185465574264526367e-01
-2.535421028733253479e-02
5.071508288383483887e-01
4.304250478744506836e-01
-2.327844500541687012e-02
4.847844839096069336e-01
4.532243609428405762e-01
-1.517533883452415466e-02
5.172525644302368164e-01
4.075285196304321289e-01
-5.292848218232393265e-03
5.346938967704772949e-01
3.836210072040557861e-01
-2.017062902450561523e-02
5.058664083480834961e-01
3.959525227546691895e-01
-1.560490112751722336e-02
4.855912923812866211e-01
4.180623292922973633e-01
-5.988576449453830719e-03
