3.968400061130523682e-01
5.071508288383483887e-01
-2.297054351174665499e-07
4.365647435188293457e-01
5.675357580184936523e-01
-2.363895252346992493e-02
4.888502061367034912e-01
6.164116859436035156e-01
-3.498036786913871765e-02
5.368154644966125488e-01
6.503848433494567871e-01
-4.483364522457122803e-02
5.714966058731079102e-01
6.777778863906860352e-01
-5.241908505558967590e-02
5.507130622863769531e-01
5.371177196502685547e-01
-9.489960968494415283e-03
5.621181130409240723e-01
5.003163814544677734e-01
-2.643950656056404114e-02
5.243888497352600098e-01
5.041834712028503418e-01
-3.880473598837852478e-02
5.062225461006164551e-01
5.231675505638122559e-01
-4.532377794384956360e-02
5.444562435150146484e-01
4.835141599178314209e-01
-5.204715300351381302e-03
5.571120977401733398e-01
4.558708667755126953e-01
-2.298901788890361786e-02
5.161358714103698730e-01
4.655414223670959473e-01
-3.012670204043388367e-02
4.946791529655456543e-01
4.852584600448608398e-01
-3.082264959812164307e-02
5.303846597671508789e-01
4.407953321933746338e-01
-4.291049204766750336e-03
5.474060773849487305e-01
4.147804975509643555e-01
-2.300320006906986237e-02
5.107651948928833008e-01
4.272972345352172852e-01
-2.023657411336898804e-02
4.893475174903869629e-01
4.484028816223144531e-01
-1.304884441196918488e-02
5.128196477890014648e-01
4.075021445751190186e-01
-5.391619168221950531e-03
5.303024053573608398e-01
3.820781111717224121e-01
-1.849552989006042480e-02
5.037322044372558594e-01
3.959727883338928223e-01
-1.353883463889360428e-02
4.858972132205963135e-01
4.182015061378479004e-01
-4.534454550594091415e-03
