3.932918012142181396e-01
5.046224594116210938e-01
-2.476375016158272047e-07
4.360278248786926270e-01
5.615142583847045898e-01
-2.111995965242385864e-02
4.915254414081573486e-01
6.070343255996704102e-01
-3.072357550263404846e-02
5.394605398178100586e-01
6.392067670822143555e-01
-3.986623138189315796e-02
5.737539529800415039e-01
6.637279391288757324e-01
-4.600087180733680725e-02
5.441793799400329590e-01
5.304192900657653809e-01
-4.510793834924697876e-03
5.673580765724182129e-01
4.938071072101593018e-01
-2.322969771921634674e-02
5.272629857063293457e-01
4.967423975467681885e-01
-3.537980467081069946e-02
5.042161345481872559e-01
5.159712433815002441e-01
-4.044404998421669006e-02
5.367036461830139160e-01
4.773952066898345947e-01
-1.514475559815764427e-03
5.604707598686218262e-01
4.472854733467102051e-01
-2.185654081404209137e-02
5.180710554122924805e-01
4.544906318187713623e-01
-2.917847037315368652e-02
4.936009347438812256e-01
4.755961298942565918e-01
-2.840001508593559265e-02
5.247732400894165039e-01
4.346512556076049805e-01
-2.395778195932507515e-03
5.476472973823547363e-01
4.073607027530670166e-01
-2.269519306719303131e-02
5.112195611000061035e-01
4.171046018600463867e-01
-2.038902044296264648e-02
4.874415695667266846e-01
4.388251304626464844e-01
-1.213772315531969070e-02
5.109198093414306641e-01
4.017727375030517578e-01
-5.176011938601732254e-03
5.341173410415649414e-01
3.767693936824798584e-01
-1.796883530914783478e-02
5.074200034141540527e-01
3.856449127197265625e-01
-1.295606326311826706e-02
4.860927760601043701e-01
4.060918092727661133e-01
-3.449917770922183990e-03
