3.970940411090850830e-01
5.011505484580993652e-01
-2.556509457463107537e-07
4.368839263916015625e-01
5.607588291168212891e-01
-2.383402548730373383e-02
4.915384352207183838e-01
6.092666983604431152e-01
-3.433635458350181580e-02
5.405073761940002441e-01
6.409794092178344727e-01
-4.355098307132720947e-02
5.754069685935974121e-01
6.668245792388916016e-01
-4.984778538346290588e-02
5.486444234848022461e-01
5.301566123962402344e-01
-6.366676185280084610e-03
5.663911700248718262e-01
4.916613996028900146e-01
-2.401799522340297699e-02
5.265713334083557129e-01
4.945272505283355713e-01
-3.573145717382431030e-02
5.052109360694885254e-01
5.135036110877990723e-01
-4.098179191350936890e-02
5.428493618965148926e-01
4.769524037837982178e-01
-1.920957351103425026e-03
5.603219866752624512e-01
4.468247890472412109e-01
-2.172331884503364563e-02
5.171463489532470703e-01
4.539341926574707031e-01
-2.954448387026786804e-02
4.930271804332733154e-01
4.741338491439819336e-01
-2.930140681564807892e-02
5.313929915428161621e-01
4.335241615772247314e-01
-1.353921834379434586e-03
5.501601696014404297e-01
4.068611264228820801e-01
-2.154608815908432007e-02
5.124791264533996582e-01
4.159532785415649414e-01
-1.988023333251476288e-02
4.889573752880096436e-01
4.365851879119873047e-01
-1.219778321683406830e-02
5.173371434211730957e-01
3.997024893760681152e-01
-2.880765357986092567e-03
5.375069379806518555e-01
3.757081031799316406e-01
-1.643910631537437439e-02
5.092474222183227539e-01
3.846401572227478027e-01
-1.224568672478199005e-02
4.882858693599700928e-01
4.047929644584655762e-01
-3.187047084793448448e-03
