3.976665437221527100e-01
5.001497864723205566e-01
-1.924992716340057086e-07
4.386700391769409180e-01
5.584574937820434570e-01
-2.300431579351425171e-02
4.910070300102233887e-01
6.041591763496398926e-01
-3.425347059965133667e-02
5.397772192955017090e-01
6.359127163887023926e-01
-4.429543390870094299e-02
5.749999284744262695e-01
6.616886258125305176e-01
-5.159433558583259583e-02
5.426551103591918945e-01
5.265216231346130371e-01
-9.759376756846904755e-03
5.692671537399291992e-01
4.873704016208648682e-01
-2.697142213582992554e-02
5.323503017425537109e-01
4.897096455097198486e-01
-3.773486241698265076e-02
5.103319883346557617e-01
5.092948079109191895e-01
-4.219343513250350952e-02
5.340744853019714355e-01
4.745429158210754395e-01
-5.562946666032075882e-03
5.612252354621887207e-01
4.444338679313659668e-01
-2.266092598438262939e-02
5.214064717292785645e-01
4.505855143070220947e-01
-2.859147265553474426e-02
4.990582764148712158e-01
4.716763794422149658e-01
-2.830747142434120178e-02
5.207112431526184082e-01
4.315140545368194580e-01
-4.937640391290187836e-03
5.466410517692565918e-01
4.063431322574615479e-01
-2.272222004830837250e-02
5.128296017646789551e-01
4.149948060512542725e-01
-1.953965052962303162e-02
4.912836551666259766e-01
4.369257986545562744e-01
-1.200375333428382874e-02
5.058585405349731445e-01
3.962910175323486328e-01
-6.269583478569984436e-03
5.336487293243408203e-01
3.718517720699310303e-01
-1.780712045729160309e-02
5.096070170402526855e-01
3.812055587768554688e-01
-1.211817190051078796e-02
4.899530708789825439e-01
4.024503231048583984e-01
-2.965937368571758270e-03
