3.995677828788757324e-01
4.964499473571777344e-01
-2.047023315299156820e-07
4.403511285781860352e-01
5.579750537872314453e-01
-2.199277095496654510e-02
4.917034506797790527e-01
6.062395572662353516e-01
-3.263214230537414551e-02
5.410764813423156738e-01
6.381399035453796387e-01
-4.228129610419273376e-02
5.767014622688293457e-01
6.636435985565185547e-01
-4.946920648217201233e-02
5.417293906211853027e-01
5.275508761405944824e-01
-7.641856092959642410e-03
5.691933035850524902e-01
4.880744516849517822e-01
-2.372142486274242401e-02
5.338720083236694336e-01
4.899600148200988770e-01
-3.436534106731414795e-02
5.119596719741821289e-01
5.084806680679321289e-01
-3.907569497823715210e-02
5.337432026863098145e-01
4.749295413494110107e-01
-3.657788736745715141e-03
5.626423358917236328e-01
4.434267282485961914e-01
-2.041107416152954102e-02
5.228291749954223633e-01
4.492680132389068604e-01
-2.709711343050003052e-02
4.994156658649444580e-01
4.695838689804077148e-01
-2.728888206183910370e-02
5.207201838493347168e-01
4.319855272769927979e-01
-3.050151048228144646e-03
5.505248904228210449e-01
4.039917588233947754e-01
-2.000347711145877838e-02
5.157012939453125000e-01
4.121230244636535645e-01
-1.673558726906776428e-02
4.929750263690948486e-01
4.335445463657379150e-01
-9.323908947408199310e-03
5.056077837944030762e-01
3.982199430465698242e-01
-4.330132156610488892e-03
5.339510440826416016e-01
3.730488121509552002e-01
-1.530376728624105453e-02
5.087754130363464355e-01
3.818534612655639648e-01
-9.451451711356639862e-03
4.890715181827545166e-01
4.030058383941650391e-01
-3.996235609520226717e-04
