3.035730123519897461e-01
5.707912445068359375e-01
-2.684468540792295244e-07
3.454345464706420898e-01
6.262014508247375488e-01
-2.405618131160736084e-02
3.968154191970825195e-01
6.673724055290222168e-01
-3.647842630743980408e-02
4.432054162025451660e-01
6.982301473617553711e-01
-4.828437790274620056e-02
4.760935604572296143e-01
7.258126735687255859e-01
-5.722630396485328674e-02
4.547953903675079346e-01
5.901623964309692383e-01
-8.842739276587963104e-03
4.696288108825683594e-01
5.507557988166809082e-01
-2.953135967254638672e-02
4.299025833606719971e-01
5.542050004005432129e-01
-4.341984540224075317e-02
4.096318483352661133e-01
5.723185539245605469e-01
-4.999853298068046570e-02
4.492763876914978027e-01
5.344927906990051270e-01
-5.682744085788726807e-03
4.660881757736206055e-01
5.029368996620178223e-01
-2.785061299800872803e-02
4.213510751724243164e-01
5.088680982589721680e-01
-3.607451170682907104e-02
3.976473510265350342e-01
5.279136896133422852e-01
-3.595305606722831726e-02
4.366679191589355469e-01
4.897285699844360352e-01
-6.533009931445121765e-03
4.580657184123992920e-01
4.602463245391845703e-01
-2.830210700631141663e-02
4.199019372463226318e-01
4.670322239398956299e-01
-2.600985020399093628e-02
3.966346383094787598e-01
4.862278699874877930e-01
-1.776836067438125610e-02
4.210557639598846436e-01
4.560029208660125732e-01
-9.537557139992713928e-03
4.430852532386779785e-01
4.266346395015716553e-01
-2.303392440080642700e-02
4.174793362617492676e-01
4.328145682811737061e-01
-1.782307215034961700e-02
3.987886905670166016e-01
4.512365758419036865e-01
-8.158549666404724121e-03
