3.921788930892944336e-01
5.000970959663391113e-01
-2.124005504811066203e-07
4.339196085929870605e-01
5.591313838958740234e-01
-2.050100080668926239e-02
4.885500371456146240e-01
6.054016947746276855e-01
-2.970913425087928772e-02
5.386521220207214355e-01
6.360450983047485352e-01
-3.764433786273002625e-02
5.738056898117065430e-01
6.613292694091796875e-01
-4.299950227141380310e-02
5.477703213691711426e-01
5.237926840782165527e-01
-5.435066763311624527e-03
5.625848770141601562e-01
4.852847456932067871e-01
-1.936945691704750061e-02
5.257022976875305176e-01
4.896707832813262939e-01
-2.926098369061946869e-02
5.095758438110351562e-01
5.099803209304809570e-01
-3.465730696916580200e-02
5.408180356025695801e-01
4.686928391456604004e-01
-2.120746765285730362e-03
5.526597499847412109e-01
4.402095079421997070e-01
-1.575923524796962738e-02
5.136331319808959961e-01
4.494497478008270264e-01
-2.090944536030292511e-02
4.969232082366943359e-01
4.708580970764160156e-01
-2.151255495846271515e-02
5.259785056114196777e-01
4.248723685741424561e-01
-1.996285747736692429e-03
5.418789386749267578e-01
3.990656733512878418e-01
-1.769256033003330231e-02
5.067852735519409180e-01
4.102984070777893066e-01
-1.336941588670015335e-02
4.891836941242218018e-01
4.326184988021850586e-01
-6.404766812920570374e-03
5.085358619689941406e-01
3.915611803531646729e-01
-3.712629666551947594e-03
5.268624424934387207e-01
3.681620359420776367e-01
-1.435822341591119766e-02
4.994777739048004150e-01
3.789008259773254395e-01
-7.595975883305072784e-03
4.823676645755767822e-01
4.002436101436614990e-01
1.947748125530779362e-03
