3.943922519683837891e-01
5.021943449974060059e-01
-2.052306484756627469e-07
4.382166862487792969e-01
5.618296265602111816e-01
-1.402953919023275375e-02
4.897742271423339844e-01
6.080616712570190430e-01
-2.194394730031490326e-02
5.389302372932434082e-01
6.394420862197875977e-01
-2.983970753848552704e-02
5.740586519241333008e-01
6.659311056137084961e-01
-3.679834306240081787e-02
5.512840747833251953e-01
5.239129066467285156e-01
-9.651517029851675034e-04
5.619574785232543945e-01
4.909027814865112305e-01
-9.439044632017612457e-03
5.290418863296508789e-01
4.926210045814514160e-01
-1.972897723317146301e-02
5.098555684089660645e-01
5.083366036415100098e-01
-2.662921883165836334e-02
5.456237196922302246e-01
4.688645601272583008e-01
1.235389499925076962e-04
5.546354055404663086e-01
4.456961750984191895e-01
-5.813728086650371552e-03
5.198587179183959961e-01
4.512628316879272461e-01
-1.245188713073730469e-02
4.977397620677947998e-01
4.688283205032348633e-01
-1.631578244268894196e-02
5.297662615776062012e-01
4.251276254653930664e-01
-5.011772154830396175e-04
5.456873178482055664e-01
4.041592478752136230e-01
-8.601291105151176453e-03
5.140461921691894531e-01
4.116811752319335938e-01
-6.691621616482734680e-03
4.909660518169403076e-01
4.303352236747741699e-01
-3.412184072658419609e-03
5.103976726531982422e-01
3.921691775321960449e-01
-2.420161617919802666e-03
5.281689167022705078e-01
3.689365386962890625e-01
-8.439695462584495544e-03
5.042031407356262207e-01
3.783152103424072266e-01
-1.858719391748309135e-03
4.854121506214141846e-01
3.972973823547363281e-01
6.410593632608652115e-03
