3.961927294731140137e-01
4.980076849460601807e-01
-2.282470177306095138e-07
4.378775954246520996e-01
5.591737031936645508e-01
-1.787712424993515015e-02
4.899698197841644287e-01
6.070254445075988770e-01
-2.660041674971580505e-02
5.389324426651000977e-01
6.379189491271972656e-01
-3.476266935467720032e-02
5.733452439308166504e-01
6.637786626815795898e-01
-4.145221784710884094e-02
5.501872897148132324e-01
5.231055617332458496e-01
-4.961319267749786377e-03
5.613268613815307617e-01
4.869126677513122559e-01
-1.656716503202915192e-02
5.266594886779785156e-01
4.893497228622436523e-01
-2.676819451153278351e-02
5.090603232383728027e-01
5.070875883102416992e-01
-3.291320800781250000e-02
5.440957546234130859e-01
4.681590497493743896e-01
-2.574963495135307312e-03
5.527913570404052734e-01
4.426951408386230469e-01
-1.255801320075988770e-02
5.158491134643554688e-01
4.494070112705230713e-01
-1.843714527785778046e-02
4.963931143283843994e-01
4.687722325325012207e-01
-2.062157727777957916e-02
5.284886360168457031e-01
4.252792596817016602e-01
-2.562482375651597977e-03
5.437077283859252930e-01
4.018967747688293457e-01
-1.508292742073535919e-02
5.097061991691589355e-01
4.105522036552429199e-01
-1.234959624707698822e-02
4.888246059417724609e-01
4.311165213584899902e-01
-7.233071140944957733e-03
5.099472403526306152e-01
3.926284015178680420e-01
-4.116429947316646576e-03
5.273724198341369629e-01
3.684175610542297363e-01
-1.334269903600215912e-02
5.019041299819946289e-01
3.783155679702758789e-01
-7.260849699378013611e-03
4.837255477905273438e-01
3.987311124801635742e-01
1.429192023351788521e-03
