3.839507102966308594e-01
5.044363141059875488e-01
-1.730593766069432604e-07
4.297860860824584961e-01
5.623634457588195801e-01
-8.404050022363662720e-03
4.812179505825042725e-01
6.079910397529602051e-01
-1.598015241324901581e-02
5.296792984008789062e-01
6.420649886131286621e-01
-2.323585748672485352e-02
5.644098520278930664e-01
6.693602800369262695e-01
-3.016456775367259979e-02
5.496423840522766113e-01
5.208163261413574219e-01
-2.759170718491077423e-03
5.479808449745178223e-01
4.971917867660522461e-01
-5.099394358694553375e-03
5.183265209197998047e-01
5.020658373832702637e-01
-1.300518587231636047e-02
5.029317140579223633e-01
5.137316584587097168e-01
-1.994435302913188934e-02
5.435145497322082520e-01
4.626086056232452393e-01
-3.265544772148132324e-03
5.396444201469421387e-01
4.507182240486145020e-01
-8.176457486115396023e-04
5.105220079421997070e-01
4.596774578094482422e-01
-5.929802078753709793e-03
4.924384355545043945e-01
4.723505377769470215e-01
-1.193291414529085159e-02
5.251176357269287109e-01
4.166338443756103516e-01
-3.556253388524055481e-03
5.302820801734924316e-01
4.067687988281250000e-01
-3.205864457413554192e-03
5.038082599639892578e-01
4.182336032390594482e-01
-5.644346238113939762e-04
4.850125014781951904e-01
4.337027668952941895e-01
-1.493149466114118695e-04
5.039159059524536133e-01
3.825801014900207520e-01
-4.607402253895998001e-03
5.163611173629760742e-01
3.716523051261901855e-01
-4.414045717567205429e-03
4.939712584018707275e-01
3.837724924087524414e-01
4.516762681305408478e-03
4.775480329990386963e-01
3.988229036331176758e-01
1.271772757172584534e-02
