3.669103085994720459e-01
5.060654282569885254e-01
-1.713972181960343732e-07
4.118802547454833984e-01
5.643122196197509766e-01
-1.402005273848772049e-02
4.648895561695098877e-01
6.094980835914611816e-01
-2.353465743362903595e-02
5.159447789192199707e-01
6.405118107795715332e-01
-3.123293258249759674e-02
5.522224307060241699e-01
6.680257320404052734e-01
-3.804765641689300537e-02
5.397778153419494629e-01
5.173332691192626953e-01
-7.062408141791820526e-03
5.310219526290893555e-01
4.997693598270416260e-01
-8.477872237563133240e-03
4.996982514858245850e-01
5.063356757164001465e-01
-1.626875251531600952e-02
4.852568507194519043e-01
5.148017406463623047e-01
-2.391697093844413757e-02
5.334881544113159180e-01
4.594030976295471191e-01
-4.634851589798927307e-03
5.242571830749511719e-01
4.539564251899719238e-01
-1.906377263367176056e-03
4.950597584247589111e-01
4.660495519638061523e-01
-8.225698024034500122e-03
4.761718809604644775e-01
4.760549664497375488e-01
-1.548347994685173035e-02
5.141736268997192383e-01
4.149601161479949951e-01
-2.107166452333331108e-03
5.153562426567077637e-01
4.101780652999877930e-01
-1.943710609339177608e-03
4.892913103103637695e-01
4.248697161674499512e-01
-7.488090777769684792e-04
4.693737030029296875e-01
4.379433989524841309e-01
-1.447599497623741627e-03
4.919316768646240234e-01
3.826034665107727051e-01
-7.297900738194584846e-04
5.014941096305847168e-01
3.738427460193634033e-01
-1.602930366061627865e-03
4.798574447631835938e-01
3.889762759208679199e-01
5.894691683351993561e-03
4.629000425338745117e-01
4.025050103664398193e-01
1.318955048918724060e-02
