3.699923157691955566e-01
5.038310289382934570e-01
-1.755395828695327509e-07
4.133625030517578125e-01
5.615101456642150879e-01
-1.628097519278526306e-02
4.659646451473236084e-01
6.071414351463317871e-01
-2.694277651607990265e-02
5.163039565086364746e-01
6.402590274810791016e-01
-3.596052154898643494e-02
5.518812537193298340e-01
6.681067943572998047e-01
-4.426922649145126343e-02
5.354056954383850098e-01
5.163242816925048828e-01
-9.364285506308078766e-03
5.352441668510437012e-01
4.922089576721191406e-01
-1.605905964970588684e-02
5.025435090065002441e-01
4.966108202934265137e-01
-2.735795080661773682e-02
4.852265417575836182e-01
5.078462958335876465e-01
-3.613229468464851379e-02
5.292099714279174805e-01
4.605107903480529785e-01
-6.385604385286569595e-03
5.270166993141174316e-01
4.485880136489868164e-01
-8.228647522628307343e-03
4.956879913806915283e-01
4.586189389228820801e-01
-1.599022932350635529e-02
4.748919308185577393e-01
4.718118906021118164e-01
-2.287942543625831604e-02
5.123983025550842285e-01
4.177729189395904541e-01
-4.020647611469030380e-03
5.179539322853088379e-01
4.069550633430480957e-01
-7.394175976514816284e-03
4.900612831115722656e-01
4.199205040931701660e-01
-6.758585572242736816e-03
4.690276384353637695e-01
4.356932640075683594e-01
-6.421148777008056641e-03
4.930749535560607910e-01
3.850800395011901855e-01
-3.054790431633591652e-03
5.054921507835388184e-01
3.699463307857513428e-01
-6.109641864895820618e-03
4.827942848205566406e-01
3.841593265533447266e-01
5.648649530485272408e-04
4.647721946239471436e-01
4.010660648345947266e-01
8.097158744931221008e-03
