3.535666763782501221e-01
5.076196193695068359e-01
-2.151468976308024139e-07
3.992168009281158447e-01
5.634824633598327637e-01
-1.466928888112306595e-02
4.533213078975677490e-01
6.043149232864379883e-01
-2.357788756489753723e-02
5.028295516967773438e-01
6.295220255851745605e-01
-3.150507062673568726e-02
5.376366972923278809e-01
6.566169261932373047e-01
-3.878220543265342712e-02
5.208339691162109375e-01
5.135632753372192383e-01
-4.273854661732912064e-03
5.188597440719604492e-01
4.884762763977050781e-01
-9.011708199977874756e-03
4.868554472923278809e-01
4.936060011386871338e-01
-1.917641982436180115e-02
4.693283438682556152e-01
5.062430500984191895e-01
-2.759611606597900391e-02
5.141837596893310547e-01
4.589318633079528809e-01
-2.742283977568149567e-03
5.110133886337280273e-01
4.430606961250305176e-01
-4.953640513122081757e-03
4.794884920120239258e-01
4.528226554393768311e-01
-1.405982580035924911e-02
4.571894705295562744e-01
4.684671759605407715e-01
-2.121433056890964508e-02
4.958330988883972168e-01
4.167525470256805420e-01
-1.834459020756185055e-03
5.018010139465332031e-01
4.016185998916625977e-01
-7.067893631756305695e-03
4.730199873447418213e-01
4.125040471553802490e-01
-8.421288803219795227e-03
4.499399363994598389e-01
4.305041432380676270e-01
-8.695086464285850525e-03
4.743601083755493164e-01
3.856195807456970215e-01
-2.127927029505372047e-03
4.855950176715850830e-01
3.662693202495574951e-01
-8.053485304117202759e-03
4.631392061710357666e-01
3.784874677658081055e-01
-3.316391026601195335e-03
4.440213441848754883e-01
3.970809280872344971e-01
3.385748015716671944e-03
