3.593261837959289551e-01
5.049855113029479980e-01
-1.781798601996342768e-07
4.048862159252166748e-01
5.618074536323547363e-01
-1.294983364641666412e-02
4.548729658126831055e-01
6.049123406410217285e-01
-2.186866663396358490e-02
5.027807950973510742e-01
6.327325105667114258e-01
-3.040255606174468994e-02
5.374321937561035156e-01
6.587997078895568848e-01
-3.832722082734107971e-02
5.181488990783691406e-01
5.127627849578857422e-01
-1.710525830276310444e-03
5.220468640327453613e-01
4.848714470863342285e-01
-7.737404201179742813e-03
4.894578754901885986e-01
4.906798601150512695e-01
-1.873379945755004883e-02
4.702049791812896729e-01
5.048307776451110840e-01
-2.685686759650707245e-02
5.121342539787292480e-01
4.589869081974029541e-01
-4.547620192170143127e-04
5.129131674766540527e-01
4.412510395050048828e-01
-2.650234382599592209e-03
4.805842041969299316e-01
4.509343802928924561e-01
-1.144708972424268723e-02
4.581009447574615479e-01
4.673047065734863281e-01
-1.803826168179512024e-02
4.951337575912475586e-01
4.168736934661865234e-01
1.539186814625281841e-05
5.028563737869262695e-01
4.001922607421875000e-01
-3.426945069804787636e-03
4.741032123565673828e-01
4.117136299610137939e-01
-3.487424226477742195e-03
4.523015022277832031e-01
4.298218190670013428e-01
-3.026388352736830711e-03
4.746949970722198486e-01
3.844039142131805420e-01
-7.239112746901810169e-04
4.854798316955566406e-01
3.632579445838928223e-01
-3.399897599592804909e-03
4.630599319934844971e-01
3.771397471427917480e-01
2.960406942293047905e-03
4.455642402172088623e-01
3.966547548770904541e-01
1.041466556489467621e-02
