3.371161222457885742e-01
5.092685222625732422e-01
-2.162090879664901877e-07
3.829377889633178711e-01
5.595912337303161621e-01
-1.092069689184427261e-02
4.369830191135406494e-01
5.962311625480651855e-01
-1.826429739594459534e-02
4.870938956737518311e-01
6.195492744445800781e-01
-2.438212558627128601e-02
5.222128629684448242e-01
6.451377868652343750e-01
-2.982753515243530273e-02
5.057608485221862793e-01
5.031137466430664062e-01
-7.345516351051628590e-04
5.007074475288391113e-01
4.706971645355224609e-01
-2.353847492486238480e-03
4.701830744743347168e-01
4.764306247234344482e-01
-1.068716775625944138e-02
4.516700804233551025e-01
4.904445111751556396e-01
-1.770124211907386780e-02
4.983827769756317139e-01
4.497426748275756836e-01
6.292169564403593540e-04
4.903595745563507080e-01
4.238803684711456299e-01
2.462971257045865059e-03
4.602312445640563965e-01
4.332242012023925781e-01
-5.837242584675550461e-03
4.396037757396697998e-01
4.508647024631500244e-01
-1.323146745562553406e-02
4.788426756858825684e-01
4.083289802074432373e-01
2.068883273750543594e-03
4.802535772323608398e-01
3.862302601337432861e-01
1.359619549475610256e-03
4.540331661701202393e-01
3.961502015590667725e-01
9.234948811354115605e-05
4.335888326168060303e-01
4.152353703975677490e-01
-1.287959050387144089e-03
4.560662209987640381e-01
3.779427111148834229e-01
2.639132319018244743e-03
4.635891616344451904e-01
3.559639155864715576e-01
6.870419601909816265e-04
4.421625435352325439e-01
3.675652444362640381e-01
6.479322444647550583e-03
4.255058765411376953e-01
3.865779340267181396e-01
1.329300366342067719e-02
