3.411135375499725342e-01
5.060608983039855957e-01
-1.806774747592498898e-07
3.866894543170928955e-01
5.596525073051452637e-01
-1.323034614324569702e-02
4.370130598545074463e-01
5.964320302009582520e-01
-2.393955923616886139e-02
4.849610924720764160e-01
6.221332550048828125e-01
-3.375560790300369263e-02
5.203381776809692383e-01
6.477478146553039551e-01
-4.289766028523445129e-02
5.024771094322204590e-01
5.072623491287231445e-01
-7.567465305328369141e-03
5.016920566558837891e-01
4.726067483425140381e-01
-1.400421652942895889e-02
4.713621139526367188e-01
4.761695563793182373e-01
-2.449981123208999634e-02
4.508392810821533203e-01
4.875365197658538818e-01
-3.206014260649681091e-02
4.951578974723815918e-01
4.533994495868682861e-01
-6.424318999052047729e-03
4.918047189712524414e-01
4.297930002212524414e-01
-7.597329560667276382e-03
4.629444181919097900e-01
4.373137056827545166e-01
-1.606093347072601318e-02
4.408710002899169922e-01
4.512304365634918213e-01
-2.323395572602748871e-02
4.770213961601257324e-01
4.110851883888244629e-01
-5.554846487939357758e-03
4.822477996349334717e-01
3.913556337356567383e-01
-7.449581287801265717e-03
4.570933580398559570e-01
4.001088142395019531e-01
-7.535829208791255951e-03
4.362692236900329590e-01
4.150457382202148438e-01
-7.947091013193130493e-03
4.559603035449981689e-01
3.783987760543823242e-01
-5.837819073349237442e-03
4.667377769947052002e-01
3.562021851539611816e-01
-7.751045748591423035e-03
4.467084109783172607e-01
3.674725890159606934e-01
-1.104622031562030315e-03
4.296646118164062500e-01
3.833172917366027832e-01
6.304952315986156464e-03
