3.101905286312103271e-01
5.589380264282226562e-01
-2.787549533422861714e-07
3.473379313945770264e-01
6.152921319007873535e-01
-2.957914024591445923e-02
4.025390744209289551e-01
6.600158810615539551e-01
-4.357367381453514099e-02
4.538666605949401855e-01
6.942430734634399414e-01
-5.532852932810783386e-02
4.888670742511749268e-01
7.243112325668334961e-01
-6.234896555542945862e-02
4.687556326389312744e-01
5.856622457504272461e-01
-1.230807136744260788e-02
4.781425595283508301e-01
5.477322936058044434e-01
-3.776707872748374939e-02
4.330846071243286133e-01
5.499168038368225098e-01
-5.096460133790969849e-02
4.187338054180145264e-01
5.697560310363769531e-01
-5.604192987084388733e-02
4.654524922370910645e-01
5.313074588775634766e-01
-6.765546742826700211e-03
4.738573431968688965e-01
4.997195899486541748e-01
-3.301138058304786682e-02
4.243296980857849121e-01
5.071358084678649902e-01
-3.685542568564414978e-02
4.103710353374481201e-01
5.296493172645568848e-01
-3.229713439941406250e-02
4.537659287452697754e-01
4.867033362388610840e-01
-6.597756408154964447e-03
4.632207751274108887e-01
4.583534598350524902e-01
-3.241428732872009277e-02
4.204419553279876709e-01
4.685122966766357422e-01
-2.503967843949794769e-02
4.078926146030426025e-01
4.919056296348571777e-01
-1.232511270791292191e-02
4.391370415687561035e-01
4.508012533187866211e-01
-9.262602776288986206e-03
4.504887163639068604e-01
4.231538474559783936e-01
-2.332770451903343201e-02
4.203906953334808350e-01
4.331104755401611328e-01
-1.568675599992275238e-02
4.071049392223358154e-01
4.549701213836669922e-01
-3.694502171128988266e-03
