3.243055343627929688e-01
5.045435428619384766e-01
-2.902543769778276328e-07
3.654836118221282959e-01
5.495769977569580078e-01
-2.796714752912521362e-02
4.197129309177398682e-01
5.810462832450866699e-01
-4.192137718200683594e-02
4.698281586170196533e-01
6.039701104164123535e-01
-5.425354093313217163e-02
5.059028863906860352e-01
6.265187263488769531e-01
-6.322415918111801147e-02
4.744293093681335449e-01
5.113109946250915527e-01
-1.332325953990221024e-02
4.892319738864898682e-01
4.597340226173400879e-01
-3.819010779261589050e-02
4.486751556396484375e-01
4.672827422618865967e-01
-5.248051509261131287e-02
4.317737817764282227e-01
4.891577959060668945e-01
-5.831982940435409546e-02
4.654148221015930176e-01
4.609593749046325684e-01
-8.445919491350650787e-03
4.807002544403076172e-01
4.185736775398254395e-01
-3.554955497384071350e-02
4.369826316833496094e-01
4.315669834613800049e-01
-4.409089684486389160e-02
4.184769093990325928e-01
4.547341763973236084e-01
-4.312206804752349854e-02
4.509834051132202148e-01
4.206026494503021240e-01
-8.209734223783016205e-03
4.708899557590484619e-01
3.833324313163757324e-01
-3.430167585611343384e-02
4.332247376441955566e-01
3.953976035118103027e-01
-3.135796263813972473e-02
4.143119156360626221e-01
4.176794886589050293e-01
-2.196247316896915436e-02
4.346958994865417480e-01
3.888027071952819824e-01
-1.037755981087684631e-02
4.519380927085876465e-01
3.530583381652832031e-01
-2.738120220601558685e-02
4.247037768363952637e-01
3.645825982093811035e-01
-2.322210185229778290e-02
4.082794785499572754e-01
3.878622651100158691e-01
-1.362255401909351349e-02
