3.268322348594665527e-01
5.002621412277221680e-01
-2.381802346462791320e-07
3.664182126522064209e-01
5.478718876838684082e-01
-3.256020322442054749e-02
4.188155233860015869e-01
5.816813111305236816e-01
-4.794887453317642212e-02
4.690910577774047852e-01
6.051777005195617676e-01
-6.070311367511749268e-02
5.060607194900512695e-01
6.269690394401550293e-01
-6.939152628183364868e-02
4.755246937274932861e-01
5.070370435714721680e-01
-1.543107442557811737e-02
4.884604811668395996e-01
4.564056098461151123e-01
-4.012920707464218140e-02
4.471289813518524170e-01
4.616727530956268311e-01
-5.286986753344535828e-02
4.316426217555999756e-01
4.804811477661132812e-01
-5.767655372619628906e-02
4.664853513240814209e-01
4.575861692428588867e-01
-8.249771781265735626e-03
4.811621308326721191e-01
4.157658815383911133e-01
-3.672925010323524475e-02
4.349054396152496338e-01
4.279026687145233154e-01
-4.427509754896163940e-02
4.169446527957916260e-01
4.491803050041198730e-01
-4.190794378519058228e-02
4.522359073162078857e-01
4.172463119029998779e-01
-6.224550772458314896e-03
4.717224240303039551e-01
3.800861239433288574e-01
-3.421854227781295776e-02
4.316762089729309082e-01
3.930844962596893311e-01
-3.011419996619224548e-02
4.134001433849334717e-01
4.146025478839874268e-01
-1.920089498162269592e-02
4.358173906803131104e-01
3.846179544925689697e-01
-6.927701644599437714e-03
4.527576565742492676e-01
3.507597446441650391e-01
-2.548182569444179535e-02
4.248519837856292725e-01
3.631400465965270996e-01
-2.145551331341266632e-02
4.099291861057281494e-01
3.858315646648406982e-01
-1.146677788347005844e-02
