3.261598944664001465e-01
5.023058056831359863e-01
-2.463466444169171154e-07
3.652880191802978516e-01
5.491374731063842773e-01
-3.485132753849029541e-02
4.178387522697448730e-01
5.816559791564941406e-01
-5.155522748827934265e-02
4.682899713516235352e-01
6.053110361099243164e-01
-6.522440165281295776e-02
5.055696964263916016e-01
6.281467080116271973e-01
-7.471618801355361938e-02
4.747652709484100342e-01
5.083777308464050293e-01
-1.864624395966529846e-02
4.886549115180969238e-01
4.555099010467529297e-01
-4.521016776561737061e-02
4.470481872558593750e-01
4.605996906757354736e-01
-5.905429646372795105e-02
4.304129183292388916e-01
4.788544774055480957e-01
-6.430923938751220703e-02
4.652740955352783203e-01
4.590426683425903320e-01
-1.060625538229942322e-02
4.813503324985504150e-01
4.142251312732696533e-01
-4.112219437956809998e-02
4.348075687885284424e-01
4.257399141788482666e-01
-4.960443079471588135e-02
4.155983626842498779e-01
4.463159739971160889e-01
-4.760040715336799622e-02
4.506439864635467529e-01
4.187456369400024414e-01
-7.879908196628093719e-03
4.712549149990081787e-01
3.791398406028747559e-01
-3.748832270503044128e-02
4.314040839672088623e-01
3.915925323963165283e-01
-3.397538885474205017e-02
4.122556447982788086e-01
4.126514196395874023e-01
-2.315653301775455475e-02
4.341416358947753906e-01
3.862198293209075928e-01
-8.018382824957370758e-03
4.511257410049438477e-01
3.507605493068695068e-01
-2.771057561039924622e-02
4.236855804920196533e-01
3.633463978767395020e-01
-2.431221678853034973e-02
4.087613821029663086e-01
3.865186274051666260e-01
-1.464090775698423386e-02
