3.085956573486328125e-01
4.971259236335754395e-01
-2.076410510198911652e-07
3.527411222457885742e-01
5.425339937210083008e-01
-2.324351295828819275e-02
4.087549746036529541e-01
5.751215815544128418e-01
-3.564613312482833862e-02
4.574977457523345947e-01
5.950942039489746094e-01
-4.552322626113891602e-02
4.923089444637298584e-01
6.189850568771362305e-01
-5.309529975056648254e-02
4.639517962932586670e-01
4.892655313014984131e-01
-1.393745373934507370e-02
4.683804214000701904e-01
4.479638338088989258e-01
-2.987519651651382446e-02
4.345540404319763184e-01
4.563569426536560059e-01
-4.111379384994506836e-02
4.201136231422424316e-01
4.753356277942657471e-01
-4.749452695250511169e-02
4.540639519691467285e-01
4.376780390739440918e-01
-1.021356787532567978e-02
4.598259627819061279e-01
4.045271575450897217e-01
-2.671541646122932434e-02
4.232122600078582764e-01
4.174859523773193359e-01
-3.444287925958633423e-02
4.064372181892395020e-01
4.390993714332580566e-01
-3.630159422755241394e-02
4.369092583656311035e-01
3.991866409778594971e-01
-9.121882729232311249e-03
4.467956125736236572e-01
3.697795271873474121e-01
-2.630757726728916168e-02
4.148506224155426025e-01
3.842726945877075195e-01
-2.352256886661052704e-02
3.996815383434295654e-01
4.073222279548645020e-01
-1.744770817458629608e-02
4.169531166553497314e-01
3.729254603385925293e-01
-9.885669685900211334e-03
4.279876053333282471e-01
3.437592387199401855e-01
-2.211085893213748932e-02
4.033487439155578613e-01
3.574236631393432617e-01
-1.602916978299617767e-02
3.902472853660583496e-01
3.802450895309448242e-01
-6.624724250286817551e-03
