3.148723840713500977e-01
4.962396621704101562e-01
-2.104220442333826213e-07
3.567507266998291016e-01
5.425572395324707031e-01
-2.672065608203411102e-02
4.100923240184783936e-01
5.757282972335815430e-01
-4.061441496014595032e-02
4.585032165050506592e-01
5.963664054870605469e-01
-5.196869373321533203e-02
4.928893446922302246e-01
6.183691620826721191e-01
-6.078863516449928284e-02
4.644485116004943848e-01
4.893659353256225586e-01
-1.609476841986179352e-02
4.657006263732910156e-01
4.475020766258239746e-01
-3.456998616456985474e-02
4.316832423210144043e-01
4.547549486160278320e-01
-4.666400700807571411e-02
4.189857244491577148e-01
4.707036018371582031e-01
-5.288374796509742737e-02
4.551804661750793457e-01
4.390187859535217285e-01
-1.106469240039587021e-02
4.591404497623443604e-01
4.055266082286834717e-01
-3.076212294399738312e-02
4.218343496322631836e-01
4.184830486774444580e-01
-3.916288167238235474e-02
4.051299393177032471e-01
4.375106692314147949e-01
-4.029108956456184387e-02
4.398291110992431641e-01
4.012982249259948730e-01
-9.156924672424793243e-03
4.485453665256500244e-01
3.705200552940368652e-01
-2.875912003219127655e-02
4.156395792961120605e-01
3.858830332756042480e-01
-2.605150081217288971e-02
4.003842473030090332e-01
4.064617156982421875e-01
-1.885631121695041656e-02
4.216290414333343506e-01
3.736834526062011719e-01
-9.443063288927078247e-03
4.318076670169830322e-01
3.421226143836975098e-01
-2.223890461027622223e-02
4.074649214744567871e-01
3.564181923866271973e-01
-1.629902794957160950e-02
3.946371972560882568e-01
3.781155049800872803e-01
-6.494089495390653610e-03
