3.013507723808288574e-01
4.957059323787689209e-01
-1.902791808561232756e-07
3.412406444549560547e-01
5.377797484397888184e-01
-3.283454850316047668e-02
3.940513134002685547e-01
5.660011172294616699e-01
-4.926732182502746582e-02
4.445326924324035645e-01
5.855708122253417969e-01
-6.211491674184799194e-02
4.816658496856689453e-01
6.075353622436523438e-01
-7.179670780897140503e-02
4.493904113769531250e-01
4.875710904598236084e-01
-2.223092503845691681e-02
4.587236046791076660e-01
4.372643828392028809e-01
-4.428464546799659729e-02
4.235363900661468506e-01
4.492268562316894531e-01
-5.747281759977340698e-02
4.075882434844970703e-01
4.693379104137420654e-01
-6.347706168889999390e-02
4.369819462299346924e-01
4.386557340621948242e-01
-1.434231735765933990e-02
4.468365609645843506e-01
3.949571251869201660e-01
-3.909508511424064636e-02
4.086601138114929199e-01
4.130586683750152588e-01
-4.921427741646766663e-02
3.890264630317687988e-01
4.359686970710754395e-01
-5.043963342905044556e-02
4.192726910114288330e-01
4.009653627872467041e-01
-1.037321239709854126e-02
4.324985444545745850e-01
3.626770973205566406e-01
-3.428180143237113953e-02
3.990691304206848145e-01
3.815655112266540527e-01
-3.251577168703079224e-02
3.809553980827331543e-01
4.047668576240539551e-01
-2.489262819290161133e-02
3.989690840244293213e-01
3.736193478107452393e-01
-8.838977664709091187e-03
4.120633304119110107e-01
3.368597030639648438e-01
-2.461562678217887878e-02
3.879149556159973145e-01
3.530966639518737793e-01
-2.014794200658798218e-02
3.739156126976013184e-01
3.777454793453216553e-01
-1.087564416229724884e-02
