2.863845825195312500e-01
4.942874312400817871e-01
-2.362881019735141308e-07
3.297128677368164062e-01
5.337496995925903320e-01
-2.808710373938083649e-02
3.814617991447448730e-01
5.614099502563476562e-01
-4.351709410548210144e-02
4.303316473960876465e-01
5.787849426269531250e-01
-5.603029951453208923e-02
4.671984612941741943e-01
5.990243554115295410e-01
-6.550803780555725098e-02
4.342133104801177979e-01
4.838210642337799072e-01
-1.691910810768604279e-02
4.419422149658203125e-01
4.395146667957305908e-01
-3.624276444315910339e-02
4.067379236221313477e-01
4.498210549354553223e-01
-4.840170592069625854e-02
3.907980024814605713e-01
4.685444533824920654e-01
-5.419680103659629822e-02
4.242408871650695801e-01
4.353688061237335205e-01
-1.087875850498676300e-02
4.340911209583282471e-01
3.981096744537353516e-01
-3.235871717333793640e-02
3.951270878314971924e-01
4.124908149242401123e-01
-4.134672507643699646e-02
3.757254779338836670e-01
4.336670041084289551e-01
-4.247378557920455933e-02
4.089707136154174805e-01
3.972595930099487305e-01
-8.200326934456825256e-03
4.224610924720764160e-01
3.636565506458282471e-01
-2.945218980312347412e-02
3.877909779548645020e-01
3.793376088142395020e-01
-2.753141149878501892e-02
3.690902590751647949e-01
4.024410843849182129e-01
-2.048273943364620209e-02
3.914699256420135498e-01
3.681818842887878418e-01
-7.667895872145891190e-03
4.035900235176086426e-01
3.340238332748413086e-01
-2.268133498728275299e-02
3.774621486663818359e-01
3.489957153797149658e-01
-1.832550950348377228e-02
3.623783886432647705e-01
3.737308382987976074e-01
-9.319574572145938873e-03
