2.885117530822753906e-01
4.884501993656158447e-01
-1.821360200437993626e-07
3.308777809143066406e-01
5.324704647064208984e-01
-3.349199146032333374e-02
3.801189064979553223e-01
5.600794553756713867e-01
-5.207698419690132141e-02
4.283255338668823242e-01
5.767521858215332031e-01
-6.739283353090286255e-02
4.653299450874328613e-01
5.970633029937744141e-01
-7.865890115499496460e-02
4.342991113662719727e-01
4.834479987621307373e-01
-2.261969447135925293e-02
4.458450675010681152e-01
4.406396746635437012e-01
-4.824546724557876587e-02
4.094761312007904053e-01
4.566000401973724365e-01
-6.118886917829513550e-02
3.965427577495574951e-01
4.761998355388641357e-01
-6.608601659536361694e-02
4.241468012332916260e-01
4.364309608936309814e-01
-1.499646622687578201e-02
4.359048008918762207e-01
4.000729024410247803e-01
-4.328190162777900696e-02
3.959046900272369385e-01
4.184277951717376709e-01
-5.110184848308563232e-02
3.809518218040466309e-01
4.378447234630584717e-01
-4.974239319562911987e-02
4.088005721569061279e-01
3.983382880687713623e-01
-1.197070162743330002e-02
4.242597818374633789e-01
3.645001053810119629e-01
-3.875806555151939392e-02
3.889897763729095459e-01
3.834836483001708984e-01
-3.409601747989654541e-02
3.739686012268066406e-01
4.049395024776458740e-01
-2.362559176981449127e-02
3.916392922401428223e-01
3.677238821983337402e-01
-1.157962158322334290e-02
4.054915904998779297e-01
3.316661715507507324e-01
-2.838494628667831421e-02
3.808026313781738281e-01
3.487810194492340088e-01
-2.309779264032840729e-02
3.682262003421783447e-01
3.728611469268798828e-01
-1.283667143434286118e-02
