2.747157812118530273e-01
4.852367937564849854e-01
-2.608906868317717453e-07
3.104766607284545898e-01
5.291545987129211426e-01
-3.825614973902702332e-02
3.643199801445007324e-01
5.566810965538024902e-01
-5.514588952064514160e-02
4.163836240768432617e-01
5.730933547019958496e-01
-6.815104186534881592e-02
4.549637138843536377e-01
5.920482277870178223e-01
-7.626289874315261841e-02
4.166128933429718018e-01
4.827184379100799561e-01
-1.713649742305278778e-02
4.289580881595611572e-01
4.313535094261169434e-01
-4.555460810661315918e-02
3.896744847297668457e-01
4.370027482509613037e-01
-5.923498794436454773e-02
3.748976290225982666e-01
4.559774100780487061e-01
-6.316232681274414062e-02
4.073275625705718994e-01
4.381905794143676758e-01
-6.516540423035621643e-03
4.202546775341033936e-01
3.922600746154785156e-01
-3.744092211127281189e-02
3.744643032550811768e-01
4.058353900909423828e-01
-4.402824491262435913e-02
3.619028925895690918e-01
4.296865165233612061e-01
-3.975699096918106079e-02
3.947234451770782471e-01
4.016604423522949219e-01
-2.313041361048817635e-03
4.087122678756713867e-01
3.630583584308624268e-01
-3.377068415284156799e-02
3.689059615135192871e-01
3.753514587879180908e-01
-2.979712001979351044e-02
3.560909926891326904e-01
3.989028036594390869e-01
-1.744941435754299164e-02
3.811489939689636230e-01
3.709106743335723877e-01
-1.246310304850339890e-03
3.931890726089477539e-01
3.333070278167724609e-01
-2.102211862802505493e-02
3.650587201118469238e-01
3.445977270603179932e-01
-1.740415021777153015e-02
3.526629805564880371e-01
3.701553940773010254e-01
-7.015333510935306549e-03
