2.785910069942474365e-01
4.805336892604827881e-01
-2.289043408154611825e-07
3.172036707401275635e-01
5.265833139419555664e-01
-3.365325927734375000e-02
3.700006902217864990e-01
5.557582378387451172e-01
-4.893098771572113037e-02
4.201171994209289551e-01
5.718151926994323730e-01
-6.157217547297477722e-02
4.571555852890014648e-01
5.911859273910522461e-01
-6.969795376062393188e-02
4.171991944313049316e-01
4.789572656154632568e-01
-1.377972401678562164e-02
4.294251203536987305e-01
4.279681444168090820e-01
-4.160912334918975830e-02
3.901214003562927246e-01
4.364701509475708008e-01
-5.452170222997665405e-02
3.776881992816925049e-01
4.574504196643829346e-01
-5.808577686548233032e-02
4.074262976646423340e-01
4.355385005474090576e-01
-5.763806868344545364e-03
4.210085868835449219e-01
3.903329968452453613e-01
-3.656685724854469299e-02
3.765549659729003906e-01
4.053326547145843506e-01
-4.223006218671798706e-02
3.644290268421173096e-01
4.295758605003356934e-01
-3.736306726932525635e-02
3.951988816261291504e-01
3.993280529975891113e-01
-3.867394058033823967e-03
4.090363383293151855e-01
3.590266704559326172e-01
-3.440291061997413635e-02
3.698406219482421875e-01
3.754106760025024414e-01
-2.872077934443950653e-02
3.580143451690673828e-01
4.010737538337707520e-01
-1.550250034779310226e-02
3.817770779132843018e-01
3.683077692985534668e-01
-4.906286485493183136e-03
3.937136530876159668e-01
3.306725621223449707e-01
-2.344575338065624237e-02
3.663687109947204590e-01
3.455729484558105469e-01
-1.878207176923751831e-02
3.546082377433776855e-01
3.721320331096649170e-01
-8.043969050049781799e-03
