3.128220736980438232e-01
5.583163499832153320e-01
-2.802476615215709899e-07
3.485279679298400879e-01
6.163723468780517578e-01
-2.988669276237487793e-02
4.026502966880798340e-01
6.618505120277404785e-01
-4.330015555024147034e-02
4.526827633380889893e-01
6.950303316116333008e-01
-5.510379374027252197e-02
4.872918426990509033e-01
7.238387465476989746e-01
-6.255172938108444214e-02
4.641695916652679443e-01
5.880640745162963867e-01
-1.132164057344198227e-02
4.784942865371704102e-01
5.504575967788696289e-01
-3.820021450519561768e-02
4.341553449630737305e-01
5.510917901992797852e-01
-5.224907025694847107e-02
4.179950654506683350e-01
5.706993937492370605e-01
-5.762031674385070801e-02
4.595559239387512207e-01
5.338695049285888672e-01
-6.293657701462507248e-03
4.766244590282440186e-01
5.031588077545166016e-01
-3.496804460883140564e-02
4.272995889186859131e-01
5.084958076477050781e-01
-4.047141224145889282e-02
4.108127057552337646e-01
5.297406315803527832e-01
-3.667170181870460510e-02
4.481517970561981201e-01
4.894071817398071289e-01
-6.919580977410078049e-03
4.668869376182556152e-01
4.615770578384399414e-01
-3.539377078413963318e-02
4.237574636936187744e-01
4.691270589828491211e-01
-2.915368787944316864e-02
4.073290228843688965e-01
4.909409880638122559e-01
-1.658487506210803986e-02
4.340184628963470459e-01
4.530264139175415039e-01
-1.034075301140546799e-02
4.524019658565521240e-01
4.267378747463226318e-01
-2.685502544045448303e-02
4.228793382644653320e-01
4.348697960376739502e-01
-2.035603486001491547e-02
4.070419073104858398e-01
4.555038809776306152e-01
-9.001671336591243744e-03
