2.629145979881286621e-01
4.856851696968078613e-01
-2.458819494677300099e-07
2.977160811424255371e-01
5.254628062248229980e-01
-3.979546204209327698e-02
3.520388603210449219e-01
5.496990084648132324e-01
-5.709507316350936890e-02
4.048560857772827148e-01
5.649007558822631836e-01
-6.909519433975219727e-02
4.446719288825988770e-01
5.838164687156677246e-01
-7.600422948598861694e-02
4.117610454559326172e-01
4.761312603950500488e-01
-2.186526916921138763e-02
4.146482646465301514e-01
4.290618896484375000e-01
-4.750077053904533386e-02
3.757085204124450684e-01
4.380187690258026123e-01
-5.954809486865997314e-02
3.669661283493041992e-01
4.566378891468048096e-01
-6.380145251750946045e-02
4.032219946384429932e-01
4.310542941093444824e-01
-1.031006500124931335e-02
4.079006314277648926e-01
3.885972797870635986e-01
-3.887173160910606384e-02
3.645122051239013672e-01
4.023800790309906006e-01
-4.477671161293983459e-02
3.539465665817260742e-01
4.237862825393676758e-01
-4.128883033990859985e-02
3.893323838710784912e-01
3.952344655990600586e-01
-4.503772594034671783e-03
3.964262008666992188e-01
3.583225309848785400e-01
-3.372184187173843384e-02
3.580430746078491211e-01
3.713757097721099854e-01
-2.926947548985481262e-02
3.476475477218627930e-01
3.927817940711975098e-01
-1.793571561574935913e-02
3.737199902534484863e-01
3.668261766433715820e-01
-1.854787231422960758e-03
3.816737234592437744e-01
3.306115865707397461e-01
-2.045365609228610992e-02
3.540650010108947754e-01
3.423739671707153320e-01
-1.638259924948215485e-02
3.433818519115447998e-01
3.654878139495849609e-01
-6.272105034440755844e-03
