2.665537595748901367e-01
4.805756807327270508e-01
-2.262563469912493019e-07
3.003863692283630371e-01
5.231226086616516113e-01
-4.110279679298400879e-02
3.534789085388183594e-01
5.504353046417236328e-01
-5.896187946200370789e-02
4.054290652275085449e-01
5.664832592010498047e-01
-7.190085947513580322e-02
4.453211724758148193e-01
5.850081443786621094e-01
-7.998154312372207642e-02
4.115417599678039551e-01
4.757367968559265137e-01
-2.009121142327785492e-02
4.165534377098083496e-01
4.215200245380401611e-01
-4.868346080183982849e-02
3.762924373149871826e-01
4.253497123718261719e-01
-6.312295049428939819e-02
3.617932796478271484e-01
4.439523816108703613e-01
-6.747058033943176270e-02
4.033156335353851318e-01
4.315972626209259033e-01
-7.196675054728984833e-03
4.100485742092132568e-01
3.843131661415100098e-01
-3.876138851046562195e-02
3.640672266483306885e-01
3.948910832405090332e-01
-4.652589559555053711e-02
3.478383421897888184e-01
4.177436530590057373e-01
-4.266361519694328308e-02
3.909523487091064453e-01
3.951368629932403564e-01
-5.894469213671982288e-04
3.985044360160827637e-01
3.557915985584259033e-01
-3.249544277787208557e-02
3.575417399406433105e-01
3.675111532211303711e-01
-3.006676770746707916e-02
3.417785763740539551e-01
3.909649252891540527e-01
-1.815099641680717468e-02
3.772193193435668945e-01
3.648630976676940918e-01
2.787476405501365662e-03
3.851457536220550537e-01
3.286004662513732910e-01
-1.747988723218441010e-02
3.560822904109954834e-01
3.407208025455474854e-01
-1.509474311023950577e-02
3.424782156944274902e-01
3.656472861766815186e-01
-5.093654152005910873e-03
