2.566925883293151855e-01
4.911957383155822754e-01
-1.963394709036947461e-07
2.953807115554809570e-01
5.279586315155029297e-01
-3.104586154222488403e-02
3.456901311874389648e-01
5.512056350708007812e-01
-4.715534299612045288e-02
3.962277472019195557e-01
5.637735128402709961e-01
-5.961839482188224792e-02
4.370291531085968018e-01
5.806210637092590332e-01
-6.790243089199066162e-02
4.065339267253875732e-01
4.710474312305450439e-01
-1.615075953304767609e-02
4.062352776527404785e-01
4.266472756862640381e-01
-3.821749612689018250e-02
3.720853626728057861e-01
4.374091625213623047e-01
-4.911245405673980713e-02
3.647315502166748047e-01
4.572013914585113525e-01
-5.320174619555473328e-02
3.994361162185668945e-01
4.291234910488128662e-01
-8.772212080657482147e-03
3.957464098930358887e-01
3.906467258930206299e-01
-3.086166270077228546e-02
3.586963415145874023e-01
4.071910679340362549e-01
-3.503610193729400635e-02
3.519072830677032471e-01
4.292803108692169189e-01
-3.247370943427085876e-02
3.851605951786041260e-01
3.944255709648132324e-01
-6.109805312007665634e-03
3.854909241199493408e-01
3.611846864223480225e-01
-2.902869693934917450e-02
3.508267104625701904e-01
3.787119388580322266e-01
-2.218164317309856415e-02
3.441477417945861816e-01
4.014884829521179199e-01
-1.156869437545537949e-02
3.681562840938568115e-01
3.653654456138610840e-01
-6.153200287371873856e-03
3.721272349357604980e-01
3.289884626865386963e-01
-2.052150852978229523e-02
3.466010689735412598e-01
3.454957306385040283e-01
-1.391984708607196808e-02
3.386330902576446533e-01
3.700938522815704346e-01
-3.178645856678485870e-03
