2.596578001976013184e-01
4.867485165596008301e-01
-2.035433368519079522e-07
2.991157174110412598e-01
5.261088013648986816e-01
-3.110728040337562561e-02
3.481313288211822510e-01
5.518016815185546875e-01
-4.709347710013389587e-02
3.972592055797576904e-01
5.656003355979919434e-01
-6.037094816565513611e-02
4.371780157089233398e-01
5.821934938430786133e-01
-6.971945613622665405e-02
4.040283262729644775e-01
4.734134674072265625e-01
-1.071578077971935272e-02
4.061293900012969971e-01
4.227387309074401855e-01
-3.525822237133979797e-02
3.704140186309814453e-01
4.321657121181488037e-01
-4.873539507389068604e-02
3.584172129631042480e-01
4.537715017795562744e-01
-5.357788875699043274e-02
3.968883454799652100e-01
4.308637082576751709e-01
-3.528179600834846497e-03
3.985172510147094727e-01
3.863998651504516602e-01
-2.959226816892623901e-02
3.578118085861206055e-01
4.021181166172027588e-01
-3.682880476117134094e-02
3.455047607421875000e-01
4.269871711730957031e-01
-3.449766710400581360e-02
3.836546242237091064e-01
3.950610160827636719e-01
-1.658886205404996872e-03
3.889724612236022949e-01
3.564225435256958008e-01
-2.822868525981903076e-02
3.516875505447387695e-01
3.733923137187957764e-01
-2.386900223791599274e-02
3.399046659469604492e-01
3.985609114170074463e-01
-1.274974737316370010e-02
3.675101399421691895e-01
3.653433620929718018e-01
-2.448268467560410500e-03
3.751804232597351074e-01
3.273438215255737305e-01
-1.949490420520305634e-02
3.474675416946411133e-01
3.434512317180633545e-01
-1.436728518456220627e-02
3.357300162315368652e-01
3.694573938846588135e-01
-3.395141335204243660e-03
