2.581797838211059570e-01
4.855722784996032715e-01
-2.178628335514076753e-07
2.983806133270263672e-01
5.249527692794799805e-01
-2.844458818435668945e-02
3.478690385818481445e-01
5.515535473823547363e-01
-4.331071674823760986e-02
3.964914083480834961e-01
5.662594437599182129e-01
-5.607436224818229675e-02
4.366595745086669922e-01
5.822519063949584961e-01
-6.563872843980789185e-02
4.043992161750793457e-01
4.751563072204589844e-01
-9.458722546696662903e-03
4.072663784027099609e-01
4.260875880718231201e-01
-3.237863257527351379e-02
3.733907043933868408e-01
4.329557418823242188e-01
-4.587944969534873962e-02
3.604797720909118652e-01
4.528882503509521484e-01
-5.125513672828674316e-02
3.973027765750885010e-01
4.322633147239685059e-01
-3.638325491920113564e-03
3.998869657516479492e-01
3.892925977706909180e-01
-2.739406004548072815e-02
3.605724871158599854e-01
4.025479555130004883e-01
-3.501363843679428101e-02
3.461579084396362305e-01
4.257680773735046387e-01
-3.385765105485916138e-02
3.835862278938293457e-01
3.964329063892364502e-01
-2.659398131072521210e-03
3.905647695064544678e-01
3.580222427845001221e-01
-2.754180133342742920e-02
3.536659479141235352e-01
3.733602464199066162e-01
-2.382055670022964478e-02
3.394517302513122559e-01
3.974874019622802734e-01
-1.383853796869516373e-02
3.663882613182067871e-01
3.666078448295593262e-01
-4.072113893926143646e-03
3.755989372730255127e-01
3.273079395294189453e-01
-2.081053145229816437e-02
3.485457897186279297e-01
3.426782786846160889e-01
-1.584257185459136963e-02
3.356456458568572998e-01
3.680498003959655762e-01
-5.342291202396154404e-03
