2.523652315139770508e-01
4.832281172275543213e-01
-1.837474030708108330e-07
2.923819422721862793e-01
5.229805707931518555e-01
-2.602774836122989655e-02
3.456247448921203613e-01
5.490158200263977051e-01
-3.777182102203369141e-02
3.962846696376800537e-01
5.641931891441345215e-01
-4.679030552506446838e-02
4.347334504127502441e-01
5.796186923980712891e-01
-5.333524942398071289e-02
3.910024464130401611e-01
4.742562174797058105e-01
-1.101863943040370941e-02
4.056151509284973145e-01
4.255037605762481689e-01
-2.626126818358898163e-02
3.770514130592346191e-01
4.234059453010559082e-01
-3.540078178048133850e-02
3.608225882053375244e-01
4.368803501129150391e-01
-3.912879899144172668e-02
3.820468485355377197e-01
4.316669702529907227e-01
-3.971441183239221573e-03
3.975597321987152100e-01
3.871815800666809082e-01
-1.955580525100231171e-02
3.627417087554931641e-01
3.896496891975402832e-01
-2.596146054565906525e-02
3.442832827568054199e-01
4.075372219085693359e-01
-2.608363144099712372e-02
3.691433966159820557e-01
3.965978324413299561e-01
-5.101264105178415775e-04
3.853947520256042480e-01
3.590107560157775879e-01
-1.669898629188537598e-02
3.538369834423065186e-01
3.639629781246185303e-01
-1.442567445337772369e-02
3.371360301971435547e-01
3.825526833534240723e-01
-7.963871583342552185e-03
3.544729948043823242e-01
3.682878911495208740e-01
8.454487542621791363e-04
3.699912726879119873e-01
3.313201963901519775e-01
-9.345866739749908447e-03
3.469760715961456299e-01
3.376037478446960449e-01
-4.452806431800127029e-03
3.342519998550415039e-01
3.567956686019897461e-01
3.788995789363980293e-03
