2.528408467769622803e-01
4.777183532714843750e-01
-1.995351937011946575e-07
2.918346524238586426e-01
5.198865532875061035e-01
-2.736115455627441406e-02
3.456494808197021484e-01
5.476059913635253906e-01
-4.022260755300521851e-02
3.956331908702850342e-01
5.641229152679443359e-01
-4.986892640590667725e-02
4.332853853702545166e-01
5.814825892448425293e-01
-5.637168511748313904e-02
3.979332745075225830e-01
4.716592133045196533e-01
-1.216889917850494385e-02
4.025375247001647949e-01
4.272094368934631348e-01
-2.936615236103534698e-02
3.700432479381561279e-01
4.301692843437194824e-01
-3.910462558269500732e-02
3.582922220230102539e-01
4.449929893016815186e-01
-4.318352416157722473e-02
3.895228505134582520e-01
4.274364709854125977e-01
-5.214149598032236099e-03
3.948906958103179932e-01
3.874879777431488037e-01
-2.277876809239387512e-02
3.576301038265228271e-01
3.956183195114135742e-01
-2.822662889957427979e-02
3.439878821372985840e-01
4.139874279499053955e-01
-2.723826095461845398e-02
3.757378160953521729e-01
3.914903998374938965e-01
-2.094481838867068291e-03
3.840593099594116211e-01
3.577431440353393555e-01
-2.012018114328384399e-02
3.502968549728393555e-01
3.678382039070129395e-01
-1.562056411057710648e-02
3.376878499984741211e-01
3.864651322364807129e-01
-7.273723371326923370e-03
3.602256476879119873e-01
3.632442057132720947e-01
-1.293618232011795044e-03
3.699655234813690186e-01
3.294404447078704834e-01
-1.210204325616359711e-02
3.446553647518157959e-01
3.396064639091491699e-01
-5.768140777945518494e-03
3.339394330978393555e-01
3.590735793113708496e-01
3.973894752562046051e-03
