2.506554722785949707e-01
4.784035086631774902e-01
-1.963645814839765080e-07
2.839070558547973633e-01
5.212977528572082520e-01
-3.822936862707138062e-02
3.370329737663269043e-01
5.501793622970581055e-01
-5.471821129322052002e-02
3.901610076427459717e-01
5.648981928825378418e-01
-6.510537117719650269e-02
4.295634925365447998e-01
5.814385414123535156e-01
-7.014483213424682617e-02
4.028077125549316406e-01
4.659997224807739258e-01
-2.346077747642993927e-02
3.880569338798522949e-01
4.278788268566131592e-01
-4.538220539689064026e-02
3.531298935413360596e-01
4.410510659217834473e-01
-5.414551123976707458e-02
3.540383875370025635e-01
4.579343497753143311e-01
-5.717511475086212158e-02
3.959329724311828613e-01
4.237057566642761230e-01
-1.185221318155527115e-02
3.798669576644897461e-01
3.891491293907165527e-01
-3.461074456572532654e-02
3.424490392208099365e-01
4.084268510341644287e-01
-3.667309880256652832e-02
3.427791297435760498e-01
4.259487390518188477e-01
-3.273698687553405762e-02
3.812321424484252930e-01
3.899045884609222412e-01
-5.192428361624479294e-03
3.705209493637084961e-01
3.570441901683807373e-01
-2.974610030651092529e-02
3.355572223663330078e-01
3.793283700942993164e-01
-2.082102373242378235e-02
3.357785642147064209e-01
4.001425504684448242e-01
-8.882375434041023254e-03
3.640133738517761230e-01
3.602627813816070557e-01
-1.743206055834889412e-03
3.595145046710968018e-01
3.274117112159729004e-01
-1.751791872084140778e-02
3.321406841278076172e-01
3.489107489585876465e-01
-1.036106143146753311e-02
3.293362557888031006e-01
3.731649518013000488e-01
8.511350024491548538e-04
