2.492247223854064941e-01
4.854550361633300781e-01
-1.897382446713891113e-07
2.814586758613586426e-01
5.277242660522460938e-01
-4.413171485066413879e-02
3.329360485076904297e-01
5.541468858718872070e-01
-6.427342444658279419e-02
3.845950365066528320e-01
5.684189200401306152e-01
-7.804574817419052124e-02
4.255551099777221680e-01
5.840728878974914551e-01
-8.651435375213623047e-02
3.948628902435302734e-01
4.702961146831512451e-01
-2.757539041340351105e-02
3.874998092651367188e-01
4.176709353923797607e-01
-5.353894457221031189e-02
3.523640632629394531e-01
4.247725903987884521e-01
-6.487102806568145752e-02
3.462074995040893555e-01
4.429516792297363281e-01
-6.815109401941299438e-02
3.865193128585815430e-01
4.286944270133972168e-01
-1.376472972333431244e-02
3.793261945247650146e-01
3.812311291694641113e-01
-4.067639634013175964e-02
3.400284349918365479e-01
3.961402475833892822e-01
-4.490067809820175171e-02
3.347636461257934570e-01
4.177173376083374023e-01
-4.073911160230636597e-02
3.732336163520812988e-01
3.955313563346862793e-01
-5.873054265975952148e-03
3.700873255729675293e-01
3.550674915313720703e-01
-3.351138904690742493e-02
3.354671597480773926e-01
3.710862696170806885e-01
-2.710280381143093109e-02
3.304453790187835693e-01
3.933687806129455566e-01
-1.512931101024150848e-02
3.585066199302673340e-01
3.676209151744842529e-01
-1.759097911417484283e-03
3.594133257865905762e-01
3.294237554073333740e-01
-1.924557052552700043e-02
3.331434726715087891e-01
3.453447222709655762e-01
-1.392009668052196503e-02
3.265854120254516602e-01
3.695302605628967285e-01
-3.155125537887215614e-03
