2.517642378807067871e-01
4.876287579536437988e-01
-1.876427688785042847e-07
2.900247275829315186e-01
5.297503471374511719e-01
-3.340922296047210693e-02
3.404957950115203857e-01
5.570269227027893066e-01
-4.966435581445693970e-02
3.886358439922332764e-01
5.719245076179504395e-01
-6.182482466101646423e-02
4.258592724800109863e-01
5.883111953735351562e-01
-6.968032568693161011e-02
3.958733379840850830e-01
4.689988493919372559e-01
-1.788854412734508514e-02
3.917650580406188965e-01
4.220545887947082520e-01
-3.955937549471855164e-02
3.570379018783569336e-01
4.325183928012847900e-01
-5.053417012095451355e-02
3.482989370822906494e-01
4.511760771274566650e-01
-5.454487353563308716e-02
3.873082399368286133e-01
4.249317646026611328e-01
-9.132614359259605408e-03
3.812623620033264160e-01
3.851812779903411865e-01
-3.142714500427246094e-02
3.445345163345336914e-01
4.029469490051269531e-01
-3.676379472017288208e-02
3.367005586624145508e-01
4.231834411621093750e-01
-3.471183776855468750e-02
3.729371428489685059e-01
3.905633091926574707e-01
-4.994630813598632812e-03
3.713202476501464844e-01
3.549310266971588135e-01
-2.763226628303527832e-02
3.389694690704345703e-01
3.744004368782043457e-01
-2.204296737909317017e-02
3.321283161640167236e-01
3.966954350471496582e-01
-1.204019505530595779e-02
3.570268452167510986e-01
3.628858029842376709e-01
-3.861678531393408775e-03
3.587075471878051758e-01
3.283087015151977539e-01
-1.832490973174571991e-02
3.339232504367828369e-01
3.462180793285369873e-01
-1.234116218984127045e-02
3.262925148010253906e-01
3.694943189620971680e-01
-1.840513781644403934e-03
