3.211539387702941895e-01
5.615636706352233887e-01
-2.318510325949318940e-07
3.616223037242889404e-01
6.158621907234191895e-01
-2.118268609046936035e-02
4.145176112651824951e-01
6.606125831604003906e-01
-3.155600279569625854e-02
4.627957344055175781e-01
6.944328546524047852e-01
-4.082312807440757751e-02
4.967677593231201172e-01
7.236949801445007324e-01
-4.842868447303771973e-02
4.837832450866699219e-01
5.754426121711730957e-01
-4.913125652819871902e-03
4.835528433322906494e-01
5.445193052291870117e-01
-1.939635351300239563e-02
4.464914798736572266e-01
5.440157055854797363e-01
-3.334403783082962036e-02
4.244889020919799805e-01
5.569746494293212891e-01
-4.130422323942184448e-02
4.803388714790344238e-01
5.205415487289428711e-01
-1.522152801044285297e-03
4.790279865264892578e-01
4.975796639919281006e-01
-1.487079076468944550e-02
4.387831389904022217e-01
5.041688084602355957e-01
-2.425339259207248688e-02
4.138580262660980225e-01
5.210669040679931641e-01
-2.750170789659023285e-02
4.657680392265319824e-01
4.777894616127014160e-01
-9.093318367376923561e-04
4.727886915206909180e-01
4.545519053936004639e-01
-1.654321700334548950e-02
4.366540312767028809e-01
4.640082418918609619e-01
-1.600154303014278412e-02
4.129866361618041992e-01
4.827695786952972412e-01
-1.077214069664478302e-02
4.464192390441894531e-01
4.448831379413604736e-01
-2.143468707799911499e-03
4.608843326568603516e-01
4.205701351165771484e-01
-1.391174364835023880e-02
4.338261783123016357e-01
4.307473301887512207e-01
-8.443411439657211304e-03
4.143666028976440430e-01
4.489178061485290527e-01
1.132316770963370800e-03
