2.455839216709136963e-01
5.070090293884277344e-01
-2.589283951692777919e-07
2.838647067546844482e-01
5.429825782775878906e-01
-2.913019247353076935e-02
3.360033631324768066e-01
5.648641586303710938e-01
-4.326002672314643860e-02
3.845022320747375488e-01
5.797286033630371094e-01
-5.500696972012519836e-02
4.209580421447753906e-01
5.962831377983093262e-01
-6.245864555239677429e-02
3.893107473850250244e-01
4.820049405097961426e-01
-1.103513129055500031e-02
3.847799897193908691e-01
4.386919140815734863e-01
-3.544011339545249939e-02
3.491170406341552734e-01
4.504363536834716797e-01
-4.839613661170005798e-02
3.430010974407196045e-01
4.690744280815124512e-01
-5.315316841006278992e-02
3.806153535842895508e-01
4.384486973285675049e-01
-5.621769931167364120e-03
3.760917484760284424e-01
4.012069702148437500e-01
-3.059273771941661835e-02
3.382574319839477539e-01
4.205525815486907959e-01
-3.629522025585174561e-02
3.323575854301452637e-01
4.410597085952758789e-01
-3.346868976950645447e-02
3.660344779491424561e-01
4.045256674289703369e-01
-5.317610222846269608e-03
3.665333986282348633e-01
3.696724772453308105e-01
-3.058463521301746368e-02
3.329116106033325195e-01
3.909218907356262207e-01
-2.442592941224575043e-02
3.278553187847137451e-01
4.132583737373352051e-01
-1.287645008414983749e-02
3.494353592395782471e-01
3.769216835498809814e-01
-7.722105830907821655e-03
3.551617860794067383e-01
3.409761786460876465e-01
-2.242928929626941681e-02
3.303364217281341553e-01
3.605034947395324707e-01
-1.480451878160238266e-02
3.235874772071838379e-01
3.851634562015533447e-01
-2.715108683332800865e-03
