2.463826835155487061e-01
5.047028660774230957e-01
-2.118073325618752278e-07
2.855656147003173828e-01
5.418881177902221680e-01
-3.166558966040611267e-02
3.369907736778259277e-01
5.643627047538757324e-01
-4.674231261014938354e-02
3.853780031204223633e-01
5.815454125404357910e-01
-5.959745123982429504e-02
4.215545356273651123e-01
5.974593758583068848e-01
-6.789702177047729492e-02
3.884986340999603271e-01
4.832190573215484619e-01
-9.402512572705745697e-03
3.897342681884765625e-01
4.354548752307891846e-01
-3.533052653074264526e-02
3.521867990493774414e-01
4.480902254581451416e-01
-4.956348985433578491e-02
3.439705371856689453e-01
4.685706496238708496e-01
-5.473136901855468750e-02
3.781886100769042969e-01
4.394494593143463135e-01
-2.635105047374963760e-03
3.791834414005279541e-01
3.991735875606536865e-01
-3.003865294158458710e-02
3.384032845497131348e-01
4.188026487827301025e-01
-3.690665960311889648e-02
3.301748335361480713e-01
4.409006834030151367e-01
-3.381421789526939392e-02
3.630411028861999512e-01
4.045346677303314209e-01
-1.755585195496678352e-03
3.673132061958312988e-01
3.681261539459228516e-01
-2.836304344236850739e-02
3.328256607055664062e-01
3.884080946445465088e-01
-2.331306040287017822e-02
3.259045481681823730e-01
4.116516709327697754e-01
-1.162442658096551895e-02
3.466158807277679443e-01
3.766073584556579590e-01
-3.920739050954580307e-03
3.538493514060974121e-01
3.408142924308776855e-01
-1.882618106901645660e-02
3.294853270053863525e-01
3.577656149864196777e-01
-1.259630173444747925e-02
3.213495612144470215e-01
3.818010389804840088e-01
-1.252288930118083954e-03
