3.079733848571777344e-01
5.171662569046020508e-01
-3.927116267732344568e-07
3.505386412143707275e-01
5.687174201011657715e-01
-3.205062448978424072e-02
4.059042334556579590e-01
6.084927916526794434e-01
-5.076910555362701416e-02
4.573826491832733154e-01
6.318398118019104004e-01
-6.783221662044525146e-02
4.983000159263610840e-01
6.493346095085144043e-01
-8.127025514841079712e-02
4.663555324077606201e-01
5.268305540084838867e-01
-1.566583663225173950e-02
4.747246205806732178e-01
4.703217148780822754e-01
-4.412694647908210754e-02
4.383028149604797363e-01
4.782457649707794189e-01
-6.282620877027511597e-02
4.192149341106414795e-01
4.994705021381378174e-01
-7.137688994407653809e-02
4.568930864334106445e-01
4.732754826545715332e-01
-1.041413191705942154e-02
4.678149223327636719e-01
4.260021448135375977e-01
-3.985514491796493530e-02
4.253184199333190918e-01
4.415079355239868164e-01
-5.329351127147674561e-02
4.026204049587249756e-01
4.644377529621124268e-01
-5.545008927583694458e-02
4.414498507976531982e-01
4.294245541095733643e-01
-1.031216233968734741e-02
4.555381536483764648e-01
3.892000913619995117e-01
-3.741780668497085571e-02
4.174911677837371826e-01
4.050841033458709717e-01
-3.886028006672859192e-02
3.946145772933959961e-01
4.296730160713195801e-01
-3.173594176769256592e-02
4.234793782234191895e-01
3.959859609603881836e-01
-1.311558205634355545e-02
4.373412132263183594e-01
3.605686426162719727e-01
-3.007906861603260040e-02
4.121965169906616211e-01
3.743045628070831299e-01
-2.829678170382976532e-02
3.954695165157318115e-01
3.986772000789642334e-01
-2.028803341090679169e-02
