3.106928765773773193e-01
5.233078002929687500e-01
-2.587151755051309010e-07
3.552395701408386230e-01
5.715202689170837402e-01
-2.684493176639080048e-02
4.101938307285308838e-01
6.077728271484375000e-01
-4.004055634140968323e-02
4.595774710178375244e-01
6.311215162277221680e-01
-5.199619010090827942e-02
4.967814683914184570e-01
6.500650048255920410e-01
-6.134967878460884094e-02
4.636514782905578613e-01
5.252924561500549316e-01
-1.302037667483091354e-02
4.752186536788940430e-01
4.796778857707977295e-01
-3.615394234657287598e-02
4.365114569664001465e-01
4.859237968921661377e-01
-5.112922191619873047e-02
4.143546819686889648e-01
5.051370263099670410e-01
-5.798552185297012329e-02
4.543582201004028320e-01
4.717829823493957520e-01
-9.121960960328578949e-03
4.696750640869140625e-01
4.334779083728790283e-01
-3.384587913751602173e-02
4.269921183586120605e-01
4.441729187965393066e-01
-4.374260082840919495e-02
4.019996523857116699e-01
4.644989073276519775e-01
-4.466317966580390930e-02
4.383198022842407227e-01
4.295659363269805908e-01
-9.403550066053867340e-03
4.593825340270996094e-01
3.924117386341094971e-01
-3.454303368926048279e-02
4.209829270839691162e-01
4.055060148239135742e-01
-3.312037140130996704e-02
3.959770798683166504e-01
4.277670085430145264e-01
-2.516218461096286774e-02
4.187910258769989014e-01
3.975573182106018066e-01
-1.192932669073343277e-02
4.363036453723907471e-01
3.621397018432617188e-01
-3.015877120196819305e-02
4.107907414436340332e-01
3.750892877578735352e-01
-2.715129777789115906e-02
3.929009437561035156e-01
3.979056477546691895e-01
-1.849994435906410217e-02
