3.168644607067108154e-01
5.139491558074951172e-01
-2.887413756980095059e-07
3.560528457164764404e-01
5.686632990837097168e-01
-3.032705374062061310e-02
4.113429784774780273e-01
6.144192218780517578e-01
-4.519750550389289856e-02
4.608632624149322510e-01
6.424114108085632324e-01
-5.813135206699371338e-02
4.983520507812500000e-01
6.636199355125427246e-01
-6.834635883569717407e-02
4.738259613513946533e-01
5.314506888389587402e-01
-1.367466524243354797e-02
4.849854111671447754e-01
4.853553771972656250e-01
-3.838192671537399292e-02
4.449764490127563477e-01
4.819774329662322998e-01
-5.581999942660331726e-02
4.197012484073638916e-01
4.969378411769866943e-01
-6.381502747535705566e-02
4.674662947654724121e-01
4.775671660900115967e-01
-7.460973225533962250e-03
4.798450767993927002e-01
4.380520284175872803e-01
-3.252871334552764893e-02
4.333325922489166260e-01
4.438048601150512695e-01
-4.331759363412857056e-02
4.068323969841003418e-01
4.641617834568023682e-01
-4.442895948886871338e-02
4.539445638656616211e-01
4.345194399356842041e-01
-5.939216818660497665e-03
4.699326157569885254e-01
3.989789783954620361e-01
-3.102705813944339752e-02
4.295198321342468262e-01
4.072631895542144775e-01
-3.082368522882461548e-02
4.041656851768493652e-01
4.284473061561584473e-01
-2.318297140300273895e-02
4.370170533657073975e-01
3.989814817905426025e-01
-7.043917197734117508e-03
4.545242786407470703e-01
3.683441877365112305e-01
-2.417409606277942657e-02
4.265416860580444336e-01
3.795292377471923828e-01
-2.111054025590419769e-02
4.069558978080749512e-01
4.012613892555236816e-01
-1.220023538917303085e-02
