3.227293491363525391e-01
5.115570425987243652e-01
-3.007312727731914492e-07
3.602994978427886963e-01
5.693161487579345703e-01
-2.554704807698726654e-02
4.151538610458374023e-01
6.181010007858276367e-01
-3.693267330527305603e-02
4.646412730216979980e-01
6.505824327468872070e-01
-4.718269035220146179e-02
4.985622167587280273e-01
6.769664883613586426e-01
-5.473784357309341431e-02
4.783996343612670898e-01
5.379426479339599609e-01
-8.552848361432552338e-03
4.936932325363159180e-01
4.941188693046569824e-01
-3.065882064402103424e-02
4.537367820739746094e-01
4.901589155197143555e-01
-4.513394460082054138e-02
4.323164224624633789e-01
5.054903626441955566e-01
-5.148902162909507751e-02
4.743010997772216797e-01
4.840770363807678223e-01
-4.103858023881912231e-03
4.892359673976898193e-01
4.475958645343780518e-01
-2.671615965664386749e-02
4.439102709293365479e-01
4.493974745273590088e-01
-3.479726240038871765e-02
4.212532937526702881e-01
4.685380756855010986e-01
-3.439549356698989868e-02
4.630265235900878906e-01
4.404866695404052734e-01
-4.100767429918050766e-03
4.795701801776885986e-01
4.079467058181762695e-01
-2.710800245404243469e-02
4.399448931217193604e-01
4.126996397972106934e-01
-2.510179765522480011e-02
4.182502627372741699e-01
4.328447878360748291e-01
-1.664387248456478119e-02
4.484473466873168945e-01
4.044114351272583008e-01
-6.384262349456548691e-03
4.684486687183380127e-01
3.734914958477020264e-01
-2.092054113745689392e-02
4.408608973026275635e-01
3.803731203079223633e-01
-1.626235991716384888e-02
4.223683178424835205e-01
4.009117186069488525e-01
-6.627912167459726334e-03
