3.210869431495666504e-01
5.147921442985534668e-01
-2.474868665558460634e-07
3.639124631881713867e-01
5.738838315010070801e-01
-1.879703067243099213e-02
4.170731902122497559e-01
6.196076273918151855e-01
-2.764254808425903320e-02
4.654003381729125977e-01
6.515078544616699219e-01
-3.613992780447006226e-02
4.984489977359771729e-01
6.790379285812377930e-01
-4.308186098933219910e-02
4.794527888298034668e-01
5.354727506637573242e-01
-4.647477995604276657e-03
4.917924702167510986e-01
4.969003498554229736e-01
-1.823518425226211548e-02
4.559288918972015381e-01
4.956235587596893311e-01
-2.963289804756641388e-02
4.331842064857482910e-01
5.102438330650329590e-01
-3.582917898893356323e-02
4.745225608348846436e-01
4.810300767421722412e-01
-2.534544561058282852e-03
4.882254898548126221e-01
4.494230449199676514e-01
-1.630098745226860046e-02
4.480125308036804199e-01
4.519086182117462158e-01
-2.431287243962287903e-02
4.221103489398956299e-01
4.698335826396942139e-01
-2.629620581865310669e-02
4.604554176330566406e-01
4.372331500053405762e-01
-3.055328736081719398e-03
4.796140789985656738e-01
4.071699380874633789e-01
-1.816284656524658203e-02
4.449119269847869873e-01
4.126650691032409668e-01
-1.693068072199821472e-02
4.206810593605041504e-01
4.321283400058746338e-01
-1.138639450073242188e-02
4.419551491737365723e-01
4.028029441833496094e-01
-5.188815761357545853e-03
4.646683633327484131e-01
3.729458451271057129e-01
-1.598143205046653748e-02
4.412861764430999756e-01
3.805015087127685547e-01
-1.059283781796693802e-02
4.228470027446746826e-01
4.006553292274475098e-01
-1.578273717314004898e-03
