3.228290677070617676e-01
5.093629956245422363e-01
-3.297213595487846760e-07
3.589947819709777832e-01
5.704738497734069824e-01
-2.743541635572910309e-02
4.132898449897766113e-01
6.197107434272766113e-01
-4.028303921222686768e-02
4.623743295669555664e-01
6.576813459396362305e-01
-5.187461152672767639e-02
4.964198172092437744e-01
6.902401447296142578e-01
-6.084189563989639282e-02
4.840404093265533447e-01
5.430187582969665527e-01
-7.611965760588645935e-03
4.964781105518341064e-01
4.994013011455535889e-01
-3.082952089607715607e-02
4.557787477970123291e-01
4.890411496162414551e-01
-4.762993752956390381e-02
4.322583973407745361e-01
4.996812343597412109e-01
-5.583240091800689697e-02
4.828222095966339111e-01
4.893306493759155273e-01
-2.586827846243977547e-03
4.926306009292602539e-01
4.519715905189514160e-01
-2.549462765455245972e-02
4.459992349147796631e-01
4.501785039901733398e-01
-3.563755378127098083e-02
4.223365783691406250e-01
4.663222134113311768e-01
-3.694370761513710022e-02
4.725970029830932617e-01
4.454201459884643555e-01
-2.237060107290744781e-03
4.873458147048950195e-01
4.105781912803649902e-01
-2.589668519794940948e-02
4.460357427597045898e-01
4.125796556472778320e-01
-2.468477748334407806e-02
4.236415028572082520e-01
4.302482604980468750e-01
-1.688830368220806122e-02
4.579429626464843750e-01
4.086300432682037354e-01
-4.367602989077568054e-03
4.753058850765228271e-01
3.760056495666503906e-01
-2.018742263317108154e-02
4.457023441791534424e-01
3.825122714042663574e-01
-1.578572206199169159e-02
4.273093342781066895e-01
4.026432037353515625e-01
-6.057373248040676117e-03
