3.232755661010742188e-01
5.089120864868164062e-01
-2.922581643360899761e-07
3.601961731910705566e-01
5.697094202041625977e-01
-2.861474640667438507e-02
4.133645892143249512e-01
6.197494864463806152e-01
-4.140145331621170044e-02
4.629119336605072021e-01
6.592495441436767578e-01
-5.274132266640663147e-02
4.969527721405029297e-01
6.928043961524963379e-01
-6.153248995542526245e-02
4.816206395626068115e-01
5.429094433784484863e-01
-7.993119768798351288e-03
4.953723549842834473e-01
4.995027780532836914e-01
-3.043200261890888214e-02
4.550290107727050781e-01
4.899544715881347656e-01
-4.679116234183311462e-02
4.325582981109619141e-01
5.019487142562866211e-01
-5.492618307471275330e-02
4.795154631137847900e-01
4.893071651458740234e-01
-2.212486695498228073e-03
4.939416050910949707e-01
4.534963965415954590e-01
-2.515967935323715210e-02
4.485362470149993896e-01
4.503431916236877441e-01
-3.554968535900115967e-02
4.243482053279876709e-01
4.665066301822662354e-01
-3.703519701957702637e-02
4.687156081199645996e-01
4.455826878547668457e-01
-1.120799686759710312e-03
4.886265993118286133e-01
4.126111268997192383e-01
-2.544643357396125793e-02
4.481971859931945801e-01
4.125165343284606934e-01
-2.516134455800056458e-02
4.243305325508117676e-01
4.301902949810028076e-01
-1.774195954203605652e-02
4.544208943843841553e-01
4.091964364051818848e-01
-2.484685275703668594e-03
4.752239882946014404e-01
3.783026933670043945e-01
-1.916808448731899261e-02
4.468650519847869873e-01
3.826776444911956787e-01
-1.585575938224792480e-02
4.275466501712799072e-01
4.025202989578247070e-01
-6.840458605438470840e-03
