3.246727883815765381e-01
5.080887079238891602e-01
-2.910468026584567269e-07
3.599620461463928223e-01
5.692920088768005371e-01
-2.890567295253276825e-02
4.129509031772613525e-01
6.192021369934082031e-01
-4.179362207651138306e-02
4.625525474548339844e-01
6.588547229766845703e-01
-5.303289368748664856e-02
4.967925548553466797e-01
6.926714777946472168e-01
-6.189950555562973022e-02
4.807478785514831543e-01
5.435094237327575684e-01
-9.626705199480056763e-03
4.960075914859771729e-01
5.005292296409606934e-01
-3.146564587950706482e-02
4.570368826389312744e-01
4.889789521694183350e-01
-4.747346043586730957e-02
4.338034391403198242e-01
4.987591505050659180e-01
-5.550492182374000549e-02
4.790688753128051758e-01
4.898530542850494385e-01
-3.592498367652297020e-03
4.942660331726074219e-01
4.540954232215881348e-01
-2.563151158392429352e-02
4.495993256568908691e-01
4.489277005195617676e-01
-3.609207272529602051e-02
4.247698485851287842e-01
4.635547399520874023e-01
-3.799369931221008301e-02
4.688474237918853760e-01
4.464542567729949951e-01
-2.099782461300492287e-03
4.887285828590393066e-01
4.142600297927856445e-01
-2.559847012162208557e-02
4.493213295936584473e-01
4.119705855846405029e-01
-2.584893815219402313e-02
4.255672395229339600e-01
4.280860424041748047e-01
-1.913579925894737244e-02
4.553404748439788818e-01
4.105112254619598389e-01
-3.048807149752974510e-03
4.765789508819580078e-01
3.804261684417724609e-01
-1.917570829391479492e-02
4.487964212894439697e-01
3.824945986270904541e-01
-1.609016582369804382e-02
4.298816323280334473e-01
4.004727005958557129e-01
-7.567430846393108368e-03
