3.263178169727325439e-01
5.591971278190612793e-01
-2.675845678368204972e-07
3.667064905166625977e-01
6.151911020278930664e-01
-2.142409421503543854e-02
4.172592163085937500e-01
6.616711616516113281e-01
-3.201628848910331726e-02
4.631968140602111816e-01
6.941605806350708008e-01
-4.216118901968002319e-02
4.960218369960784912e-01
7.193462848663330078e-01
-5.067785084247589111e-02
4.809139668941497803e-01
5.768817663192749023e-01
-4.916171543300151825e-03
4.846298992633819580e-01
5.449805855751037598e-01
-2.132501080632209778e-02
4.480928480625152588e-01
5.432459115982055664e-01
-3.609841689467430115e-02
4.234517216682434082e-01
5.560768842697143555e-01
-4.416264221072196960e-02
4.764759838581085205e-01
5.223080515861511230e-01
-1.968735130503773689e-03
4.824600815773010254e-01
4.956666827201843262e-01
-1.805164478719234467e-02
4.417633712291717529e-01
4.990571439266204834e-01
-2.812999673187732697e-02
4.140324890613555908e-01
5.155103802680969238e-01
-3.111042454838752747e-02
4.627445638179779053e-01
4.797361195087432861e-01
-2.127730753272771835e-03
4.748517572879791260e-01
4.525252580642700195e-01
-1.927186548709869385e-02
4.390431642532348633e-01
4.591953158378601074e-01
-1.934920065104961395e-02
4.131596982479095459e-01
4.779087603092193604e-01
-1.412314362823963165e-02
4.444364309310913086e-01
4.467002749443054199e-01
-4.273531492799520493e-03
4.604828059673309326e-01
4.193468093872070312e-01
-1.659689843654632568e-02
4.351823627948760986e-01
4.281371831893920898e-01
-1.214832440018653870e-02
4.152829349040985107e-01
4.470028579235076904e-01
-3.475314471870660782e-03
