3.264564871788024902e-01
5.144408345222473145e-01
-2.794771774006221676e-07
3.645266592502593994e-01
5.764976143836975098e-01
-2.130171470344066620e-02
4.162537157535552979e-01
6.265327930450439453e-01
-3.132076188921928406e-02
4.631843566894531250e-01
6.654123067855834961e-01
-4.073582962155342102e-02
4.936361312866210938e-01
7.004040479660034180e-01
-4.820987582206726074e-02
4.868198931217193604e-01
5.468582510948181152e-01
-3.860135329887270927e-03
4.965394139289855957e-01
5.064254999160766602e-01
-2.020223625004291534e-02
4.570193290710449219e-01
5.011926889419555664e-01
-3.307792544364929199e-02
4.334055781364440918e-01
5.148704648017883301e-01
-3.971961513161659241e-02
4.858865737915039062e-01
4.908426105976104736e-01
-1.098248059861361980e-03
4.948467910289764404e-01
4.600891470909118652e-01
-1.736738160252571106e-02
4.503872990608215332e-01
4.600109159946441650e-01
-2.591026201844215393e-02
4.257111549377441406e-01
4.760706722736358643e-01
-2.758044563233852386e-02
4.749862253665924072e-01
4.449608922004699707e-01
-1.655565109103918076e-03
4.900340735912322998e-01
4.172347187995910645e-01
-1.952132023870944977e-02
4.510149061679840088e-01
4.207638204097747803e-01
-1.776128262281417847e-02
4.280115365982055664e-01
4.386063218116760254e-01
-1.109737902879714966e-02
4.590205848217010498e-01
4.069833755493164062e-01
-4.116840194910764694e-03
4.801848530769348145e-01
3.791221082210540771e-01
-1.635091379284858704e-02
4.517842829227447510e-01
3.854734897613525391e-01
-1.032805442810058594e-02
4.326596558094024658e-01
4.038930833339691162e-01
-2.930562768597155809e-04
