3.232636451721191406e-01
5.193558931350708008e-01
-2.918602604040643200e-07
3.630731105804443359e-01
5.782604813575744629e-01
-2.350584790110588074e-02
4.156982898712158203e-01
6.253038644790649414e-01
-3.534840792417526245e-02
4.618836641311645508e-01
6.637527346611022949e-01
-4.647956788539886475e-02
4.918763041496276855e-01
6.995781660079956055e-01
-5.524534359574317932e-02
4.808686375617980957e-01
5.510603189468383789e-01
-8.998970501124858856e-03
4.940133988857269287e-01
5.112046599388122559e-01
-2.957691811025142670e-02
4.540709853172302246e-01
5.068179965019226074e-01
-4.304894059896469116e-02
4.301793575286865234e-01
5.217741727828979492e-01
-4.917057603597640991e-02
4.796183109283447266e-01
4.946535229682922363e-01
-5.856172181665897369e-03
4.957401752471923828e-01
4.637511968612670898e-01
-2.751450054347515106e-02
4.490998387336730957e-01
4.635467529296875000e-01
-3.528579697012901306e-02
4.238365888595581055e-01
4.807263910770416260e-01
-3.496000170707702637e-02
4.697695970535278320e-01
4.476774036884307861e-01
-6.532368715852499008e-03
4.908343553543090820e-01
4.199322462081909180e-01
-2.892897464334964752e-02
4.501024782657623291e-01
4.238926768302917480e-01
-2.647490799427032471e-02
4.264090955257415771e-01
4.429282546043395996e-01
-1.800272427499294281e-02
4.551534056663513184e-01
4.080395400524139404e-01
-9.212390519678592682e-03
4.789488613605499268e-01
3.810451626777648926e-01
-2.404521964490413666e-02
4.506275951862335205e-01
3.882308900356292725e-01
-1.871884241700172424e-02
4.314243793487548828e-01
4.075881242752075195e-01
-8.667376823723316193e-03
