3.214446902275085449e-01
5.141109228134155273e-01
-3.228037428470997838e-07
3.579406738281250000e-01
5.765368342399597168e-01
-2.963304705917835236e-02
4.124271571636199951e-01
6.255923509597778320e-01
-4.359094426035881042e-02
4.607883989810943604e-01
6.654729843139648438e-01
-5.565147474408149719e-02
4.911822378635406494e-01
7.034479379653930664e-01
-6.341106444597244263e-02
4.841327071189880371e-01
5.529936552047729492e-01
-1.354444585740566254e-02
4.942961335182189941e-01
5.066927075386047363e-01
-3.948019072413444519e-02
4.482370615005493164e-01
5.074820518493652344e-01
-5.183799192309379578e-02
4.285928905010223389e-01
5.277829170227050781e-01
-5.570450797677040100e-02
4.823047816753387451e-01
4.966536760330200195e-01
-8.209299296140670776e-03
4.941639304161071777e-01
4.586778879165649414e-01
-3.700623661279678345e-02
4.416986107826232910e-01
4.644755721092224121e-01
-4.216706380248069763e-02
4.224045872688293457e-01
4.866996407508850098e-01
-3.771871328353881836e-02
4.723681807518005371e-01
4.498419165611267090e-01
-8.041843771934509277e-03
4.904396533966064453e-01
4.151005148887634277e-01
-3.677706420421600342e-02
4.444840848445892334e-01
4.234786033630371094e-01
-3.067517653107643127e-02
4.258729815483093262e-01
4.464889168739318848e-01
-1.777201704680919647e-02
4.579494595527648926e-01
4.104683399200439453e-01
-1.047069299966096878e-02
4.781663417816162109e-01
3.791128396987915039e-01
-2.837966941297054291e-02
4.464123845100402832e-01
3.890923857688903809e-01
-2.233231067657470703e-02
4.296391606330871582e-01
4.125516712665557861e-01
-1.046250946819782257e-02
