3.242877721786499023e-01
5.140974521636962891e-01
-3.199626803507271688e-07
3.594960570335388184e-01
5.755634903907775879e-01
-3.088544495403766632e-02
4.143700599670410156e-01
6.265935897827148438e-01
-4.481067508459091187e-02
4.626733660697937012e-01
6.684038639068603516e-01
-5.700485780835151672e-02
4.915687143802642822e-01
7.048953175544738770e-01
-6.468785554170608521e-02
4.780427813529968262e-01
5.548993349075317383e-01
-1.613779738545417786e-02
4.952234029769897461e-01
5.102770328521728516e-01
-4.528713971376419067e-02
4.484133124351501465e-01
5.095149278640747070e-01
-5.829107016324996948e-02
4.273701310157775879e-01
5.301662683486938477e-01
-6.176881864666938782e-02
4.753174781799316406e-01
4.992671012878417969e-01
-1.084506977349519730e-02
4.955918490886688232e-01
4.612618684768676758e-01
-4.306202381849288940e-02
4.427276253700256348e-01
4.648501574993133545e-01
-4.771821945905685425e-02
4.225593507289886475e-01
4.876636266708374023e-01
-4.215720295906066895e-02
4.669967889785766602e-01
4.526731371879577637e-01
-1.128317508846521378e-02
4.899733066558837891e-01
4.178313314914703369e-01
-4.271757602691650391e-02
4.438068568706512451e-01
4.243257045745849609e-01
-3.586285188794136047e-02
4.245680272579193115e-01
4.479680061340332031e-01
-2.171937376260757446e-02
4.552273452281951904e-01
4.124293029308319092e-01
-1.451561599969863892e-02
4.788593649864196777e-01
3.822552561759948730e-01
-3.300881758332252502e-02
4.471369683742523193e-01
3.901794254779815674e-01
-2.681912854313850403e-02
4.291006922721862793e-01
4.130866229534149170e-01
-1.500737201422452927e-02
