3.267968297004699707e-01
5.149710178375244141e-01
-2.515031383154564537e-07
3.637684285640716553e-01
5.789910554885864258e-01
-2.764349244534969330e-02
4.165842235088348389e-01
6.283071637153625488e-01
-4.052925109863281250e-02
4.627323150634765625e-01
6.670186519622802734e-01
-5.195505172014236450e-02
4.912807345390319824e-01
7.037057876586914062e-01
-6.038425490260124207e-02
4.795370995998382568e-01
5.499491095542907715e-01
-1.419101562350988388e-02
4.994595646858215332e-01
5.056809186935424805e-01
-3.638423606753349304e-02
4.590987563133239746e-01
5.029096007347106934e-01
-4.923926293849945068e-02
4.360743463039398193e-01
5.204524397850036621e-01
-5.471906438469886780e-02
4.757932126522064209e-01
4.927553236484527588e-01
-9.556153789162635803e-03
4.985035061836242676e-01
4.584811925888061523e-01
-3.376526758074760437e-02
4.533093869686126709e-01
4.581587612628936768e-01
-4.127867519855499268e-02
4.287369847297668457e-01
4.763546288013458252e-01
-4.030675068497657776e-02
4.657452106475830078e-01
4.463889300823211670e-01
-9.213103912770748138e-03
4.916208684444427490e-01
4.162983894348144531e-01
-3.332516923546791077e-02
4.519679844379425049e-01
4.186676144599914551e-01
-3.041133098304271698e-02
4.290437102317810059e-01
4.378452599048614502e-01
-2.135992050170898438e-02
4.521532058715820312e-01
4.089613556861877441e-01
-1.131726801395416260e-02
4.786331951618194580e-01
3.809456825256347656e-01
-2.684463374316692352e-02
4.502024948596954346e-01
3.854340910911560059e-01
-2.194808237254619598e-02
4.304650425910949707e-01
4.043199717998504639e-01
-1.236594095826148987e-02
