3.253559768199920654e-01
5.150110125541687012e-01
-2.765471265320229577e-07
3.622066080570220947e-01
5.791270136833190918e-01
-2.789190411567687988e-02
4.160434007644653320e-01
6.269690990447998047e-01
-4.104025661945343018e-02
4.625862538814544678e-01
6.661681532859802246e-01
-5.308163911104202271e-02
4.917659163475036621e-01
7.040146589279174805e-01
-6.241181865334510803e-02
4.797352254390716553e-01
5.514187216758728027e-01
-1.291609462350606918e-02
4.982969164848327637e-01
5.055152773857116699e-01
-3.632777184247970581e-02
4.590408504009246826e-01
5.008289813995361328e-01
-5.053862184286117554e-02
4.355283975601196289e-01
5.168147683143615723e-01
-5.680000409483909607e-02
4.763452410697937012e-01
4.947146773338317871e-01
-8.534325286746025085e-03
4.987819194793701172e-01
4.587532877922058105e-01
-3.429349884390830994e-02
4.530427455902099609e-01
4.582408964633941650e-01
-4.334923252463340759e-02
4.277179837226867676e-01
4.761914312839508057e-01
-4.302762821316719055e-02
4.662333726882934570e-01
4.487375020980834961e-01
-8.619708940386772156e-03
4.928117990493774414e-01
4.167597591876983643e-01
-3.395749256014823914e-02
4.525638818740844727e-01
4.188077449798583984e-01
-3.189221024513244629e-02
4.286434650421142578e-01
4.378919005393981934e-01
-2.298714220523834229e-02
4.521417021751403809e-01
4.112472832202911377e-01
-1.123404782265424728e-02
4.782804846763610840e-01
3.820099532604217529e-01
-2.772556245326995850e-02
4.503836929798126221e-01
3.863247931003570557e-01
-2.342615462839603424e-02
4.308419823646545410e-01
4.055028557777404785e-01
-1.399062480777502060e-02
