3.203239440917968750e-01
5.092359185218811035e-01
-2.841679815901443362e-07
3.541953563690185547e-01
5.695292949676513672e-01
-3.508914634585380554e-02
4.095389842987060547e-01
6.178509593009948730e-01
-5.154651030898094177e-02
4.580127596855163574e-01
6.600199937820434570e-01
-6.548580527305603027e-02
4.897559583187103271e-01
6.993719935417175293e-01
-7.446628063917160034e-02
4.731778204441070557e-01
5.493157505989074707e-01
-2.059570886194705963e-02
4.962870478630065918e-01
5.037773251533508301e-01
-5.140723288059234619e-02
4.519155025482177734e-01
4.988411664962768555e-01
-6.502000242471694946e-02
4.325731396675109863e-01
5.195764899253845215e-01
-6.906338036060333252e-02
4.700856208801269531e-01
4.919824004173278809e-01
-1.386903785169124603e-02
4.955791234970092773e-01
4.551478624343872070e-01
-4.797335714101791382e-02
4.442210197448730469e-01
4.545708894729614258e-01
-5.324732512235641479e-02
4.252155423164367676e-01
4.778466820716857910e-01
-4.778471589088439941e-02
4.614584147930145264e-01
4.444189071655273438e-01
-1.330014318227767944e-02
4.868248701095581055e-01
4.124522805213928223e-01
-4.577228799462318420e-02
4.436723291873931885e-01
4.149482250213623047e-01
-3.981903940439224243e-02
4.265130460262298584e-01
4.387792050838470459e-01
-2.618657797574996948e-02
4.501903057098388672e-01
4.052430391311645508e-01
-1.590736582875251770e-02
4.754455983638763428e-01
3.760282397270202637e-01
-3.463882952928543091e-02
4.465746581554412842e-01
3.799419999122619629e-01
-2.919402904808521271e-02
4.301154315471649170e-01
4.016862809658050537e-01
-1.798998564481735229e-02
