3.217765092849731445e-01
5.025087594985961914e-01
-3.184565002811723389e-07
3.558802902698516846e-01
5.674146413803100586e-01
-3.184508904814720154e-02
4.101225137710571289e-01
6.180879473686218262e-01
-4.576897993683815002e-02
4.575068056583404541e-01
6.575518250465393066e-01
-5.809878185391426086e-02
4.850625693798065186e-01
6.950316429138183594e-01
-6.534785032272338867e-02
4.692791700363159180e-01
5.469425320625305176e-01
-1.561646163463592529e-02
4.934345483779907227e-01
4.999144673347473145e-01
-4.583838582038879395e-02
4.475533366203308105e-01
4.971705675125122070e-01
-5.785506218671798706e-02
4.244980216026306152e-01
5.187141895294189453e-01
-5.995588377118110657e-02
4.665990471839904785e-01
4.923253357410430908e-01
-9.603748098015785217e-03
4.934316277503967285e-01
4.525669515132904053e-01
-4.379858821630477905e-02
4.402608573436737061e-01
4.537630379199981689e-01
-4.789834469556808472e-02
4.199813306331634521e-01
4.785904586315155029e-01
-4.081131517887115479e-02
4.599125087261199951e-01
4.462452232837677002e-01
-9.727549739181995392e-03
4.880512654781341553e-01
4.118890464305877686e-01
-4.292976111173629761e-02
4.418895244598388672e-01
4.142497181892395020e-01
-3.623286262154579163e-02
4.217550456523895264e-01
4.384925663471221924e-01
-2.111894078552722931e-02
4.508199095726013184e-01
4.065399169921875000e-01
-1.279321312904357910e-02
4.760893583297729492e-01
3.781737387180328369e-01
-3.208438679575920105e-02
4.451603591442108154e-01
3.818276226520538330e-01
-2.673876285552978516e-02
4.262589812278747559e-01
4.039563536643981934e-01
-1.509342622011899948e-02
