3.215861320495605469e-01
5.033219456672668457e-01
-3.113057687187392730e-07
3.544457554817199707e-01
5.670819878578186035e-01
-3.164976835250854492e-02
4.094315767288208008e-01
6.196082234382629395e-01
-4.515480622649192810e-02
4.580893516540527344e-01
6.583116650581359863e-01
-5.656470730900764465e-02
4.866344630718231201e-01
6.939153671264648438e-01
-6.280588358640670776e-02
4.707586467266082764e-01
5.454582571983337402e-01
-1.768120005726814270e-02
4.935259222984313965e-01
4.984457194805145264e-01
-4.633637890219688416e-02
4.467121362686157227e-01
4.970425069332122803e-01
-5.681076273322105408e-02
4.261395335197448730e-01
5.193151831626892090e-01
-5.839810147881507874e-02
4.672822952270507812e-01
4.906974434852600098e-01
-1.188032142817974091e-02
4.939966201782226562e-01
4.506588578224182129e-01
-4.508932679891586304e-02
4.404768645763397217e-01
4.525133967399597168e-01
-4.797181859612464905e-02
4.208131134510040283e-01
4.773766398429870605e-01
-4.034182056784629822e-02
4.600055515766143799e-01
4.453237652778625488e-01
-1.190085429698228836e-02
4.876727759838104248e-01
4.091562926769256592e-01
-4.430078342556953430e-02
4.411129951477050781e-01
4.134526252746582031e-01
-3.630073368549346924e-02
4.217336475849151611e-01
4.390331208705902100e-01
-2.072079107165336609e-02
4.499698579311370850e-01
4.072129130363464355e-01
-1.480496767908334732e-02
4.747526049613952637e-01
3.775084018707275391e-01
-3.372423350811004639e-02
4.434917569160461426e-01
3.822551965713500977e-01
-2.765981666743755341e-02
4.247162938117980957e-01
4.053162038326263428e-01
-1.570477709174156189e-02
