3.180574476718902588e-01
5.034943819046020508e-01
-3.148581129153171787e-07
3.475787937641143799e-01
5.669751167297363281e-01
-3.215976059436798096e-02
3.988425731658935547e-01
6.183158159255981445e-01
-4.750042781233787537e-02
4.467056393623352051e-01
6.575819849967956543e-01
-6.090665608644485474e-02
4.787079989910125732e-01
6.954379677772521973e-01
-7.057663798332214355e-02
4.654367566108703613e-01
5.504910349845886230e-01
-1.788518205285072327e-02
4.920760691165924072e-01
5.052103996276855469e-01
-4.507943242788314819e-02
4.505194723606109619e-01
4.962348043918609619e-01
-5.854335799813270569e-02
4.244449734687805176e-01
5.105320215225219727e-01
-6.293924897909164429e-02
4.647943079471588135e-01
4.937307536602020264e-01
-1.199969276785850525e-02
4.932819902896881104e-01
4.573998451232910156e-01
-4.200717061758041382e-02
4.429210126399993896e-01
4.526056349277496338e-01
-4.921261593699455261e-02
4.166752994060516357e-01
4.703503847122192383e-01
-4.599227383732795715e-02
4.578037261962890625e-01
4.474037289619445801e-01
-1.143288891762495041e-02
4.881667494773864746e-01
4.157693684101104736e-01
-4.017309844493865967e-02
4.454991519451141357e-01
4.132541716098785400e-01
-3.618297353386878967e-02
4.216727912425994873e-01
4.316689372062683105e-01
-2.481979131698608398e-02
4.471487998962402344e-01
4.096241593360900879e-01
-1.368548348546028137e-02
4.744468033313751221e-01
3.799947202205657959e-01
-3.127326071262359619e-02
4.455505609512329102e-01
3.799155354499816895e-01
-2.645176649093627930e-02
4.265495538711547852e-01
3.978976011276245117e-01
-1.618177443742752075e-02
