3.312889337539672852e-01
5.543891191482543945e-01
-2.771183744698646478e-07
3.708968460559844971e-01
6.108113527297973633e-01
-2.365599013864994049e-02
4.242407381534576416e-01
6.554534435272216797e-01
-3.551235795021057129e-02
4.720643460750579834e-01
6.883187890052795410e-01
-4.632475599646568298e-02
5.047391057014465332e-01
7.153854370117187500e-01
-5.425489321351051331e-02
4.866266846656799316e-01
5.752375125885009766e-01
-1.053796056658029556e-02
4.942389726638793945e-01
5.364958047866821289e-01
-3.146513178944587708e-02
4.527310729026794434e-01
5.401767492294311523e-01
-4.462590441107749939e-02
4.340128004550933838e-01
5.599945783615112305e-01
-5.050629377365112305e-02
4.815128743648529053e-01
5.184296965599060059e-01
-7.229784037917852402e-03
4.886566996574401855e-01
4.897981584072113037e-01
-2.965014614164829254e-02
4.430161416530609131e-01
4.996750354766845703e-01
-3.624696284532546997e-02
4.223992228507995605e-01
5.213127136230468750e-01
-3.480770066380500793e-02
4.680684208869934082e-01
4.740578532218933105e-01
-7.747016847133636475e-03
4.791618585586547852e-01
4.470289349555969238e-01
-2.968270331621170044e-02
4.399903118610382080e-01
4.589144885540008545e-01
-2.586227282881736755e-02
4.210003912448883057e-01
4.811341464519500732e-01
-1.651792041957378387e-02
4.515590667724609375e-01
4.400986433029174805e-01
-1.037925668060779572e-02
4.663200676441192627e-01
4.132182598114013672e-01
-2.318479120731353760e-02
4.385758042335510254e-01
4.240801334381103516e-01
-1.684779301285743713e-02
4.220503568649291992e-01
4.448391199111938477e-01
-6.229594815522432327e-03
