3.183798193931579590e-01
5.043188929557800293e-01
-3.080406543176650302e-07
3.498674035072326660e-01
5.671216845512390137e-01
-2.718666009604930878e-02
4.016799628734588623e-01
6.186305284500122070e-01
-3.975103795528411865e-02
4.487429261207580566e-01
6.579934954643249512e-01
-5.140727758407592773e-02
4.778699278831481934e-01
6.959719657897949219e-01
-5.978094786405563354e-02
4.667881727218627930e-01
5.503304004669189453e-01
-1.246712729334831238e-02
4.932020008563995361e-01
5.034492015838623047e-01
-3.672999143600463867e-02
4.507856070995330811e-01
4.964668452739715576e-01
-4.865479469299316406e-02
4.248586893081665039e-01
5.122119784355163574e-01
-5.240546166896820068e-02
4.652573466300964355e-01
4.941703081130981445e-01
-8.670569397509098053e-03
4.942558407783508301e-01
4.577143192291259766e-01
-3.682573139667510986e-02
4.438579976558685303e-01
4.554353952407836914e-01
-4.380126670002937317e-02
4.159817397594451904e-01
4.738351404666900635e-01
-4.048752039670944214e-02
4.577622115612030029e-01
4.478346109390258789e-01
-9.581935591995716095e-03
4.894947409629821777e-01
4.151477515697479248e-01
-3.709205985069274902e-02
4.455931186676025391e-01
4.158118963241577148e-01
-3.286829963326454163e-02
4.193633496761322021e-01
4.353037178516387939e-01
-2.125163935124874115e-02
4.463052153587341309e-01
4.096640646457672119e-01
-1.285763923078775406e-02
4.754205942153930664e-01
3.796420395374298096e-01
-3.049568086862564087e-02
4.460262656211853027e-01
3.817245960235595703e-01
-2.559792995452880859e-02
4.252227544784545898e-01
4.004432559013366699e-01
-1.502609346061944962e-02
