3.196845352649688721e-01
5.043365359306335449e-01
-2.955135300908295903e-07
3.501893281936645508e-01
5.668828487396240234e-01
-2.925006300210952759e-02
4.012279808521270752e-01
6.182314157485961914e-01
-4.279300197958946228e-02
4.478708803653717041e-01
6.580195426940917969e-01
-5.497320368885993958e-02
4.780026972293853760e-01
6.954731345176696777e-01
-6.376876682043075562e-02
4.657092392444610596e-01
5.493729114532470703e-01
-1.509645674377679825e-02
4.923743605613708496e-01
5.037757754325866699e-01
-3.967267647385597229e-02
4.515211880207061768e-01
4.963036477565765381e-01
-5.182917416095733643e-02
4.255442619323730469e-01
5.109576582908630371e-01
-5.578162893652915955e-02
4.642510414123535156e-01
4.931999742984771729e-01
-1.037831325083971024e-02
4.946534931659698486e-01
4.569991827011108398e-01
-3.877886384725570679e-02
4.458323717117309570e-01
4.528971016407012939e-01
-4.603429138660430908e-02
4.175684452056884766e-01
4.700586795806884766e-01
-4.298442229628562927e-02
4.568691253662109375e-01
4.471576809883117676e-01
-1.048295851796865463e-02
4.892154335975646973e-01
4.145234227180480957e-01
-3.774572163820266724e-02
4.472524225711822510e-01
4.134354293346405029e-01
-3.411161899566650391e-02
4.212764799594879150e-01
4.321676492691040039e-01
-2.308072894811630249e-02
4.454717338085174561e-01
4.097249507904052734e-01
-1.316743157804012299e-02
4.746695756912231445e-01
3.795859217643737793e-01
-3.040409088134765625e-02
4.467556774616241455e-01
3.802042305469512939e-01
-2.592114359140396118e-02
4.264810085296630859e-01
3.981271386146545410e-01
-1.593112014234066010e-02
