3.122591376304626465e-01
5.008388161659240723e-01
-3.467181102223548805e-07
3.407928049564361572e-01
5.633433461189270020e-01
-3.531225398182868958e-02
3.931378722190856934e-01
6.166517138481140137e-01
-5.095514655113220215e-02
4.427800774574279785e-01
6.606292128562927246e-01
-6.386216729879379272e-02
4.764299392700195312e-01
6.993117332458496094e-01
-7.200757414102554321e-02
4.705468118190765381e-01
5.499352216720581055e-01
-1.432166062295436859e-02
4.859344363212585449e-01
4.984775483608245850e-01
-4.370703548192977905e-02
4.414336979389190674e-01
4.893843829631805420e-01
-5.862557515501976013e-02
4.219411015510559082e-01
5.057671070098876953e-01
-6.359874457120895386e-02
4.712921082973480225e-01
4.972100257873535156e-01
-6.669728085398674011e-03
4.921887516975402832e-01
4.538114964962005615e-01
-3.897694870829582214e-02
4.400775134563446045e-01
4.494982957839965820e-01
-4.621040821075439453e-02
4.177034199237823486e-01
4.683600962162017822e-01
-4.191397503018379211e-02
4.655137360095977783e-01
4.530184268951416016e-01
-5.215159617364406586e-03
4.905290305614471436e-01
4.161653518676757812e-01
-3.728258237242698669e-02
4.435202479362487793e-01
4.144990146160125732e-01
-3.289065510034561157e-02
4.209003150463104248e-01
4.341753721237182617e-01
-1.969481073319911957e-02
4.551024436950683594e-01
4.161825776100158691e-01
-6.926019676029682159e-03
4.782436192035675049e-01
3.843506574630737305e-01
-2.678924053907394409e-02
4.457011520862579346e-01
3.856945931911468506e-01
-2.228488214313983917e-02
4.257421195507049561e-01
4.060570299625396729e-01
-1.084839925169944763e-02
