3.088035583496093750e-01
4.977248907089233398e-01
-3.322012389617157169e-07
3.369559347629547119e-01
5.607784986495971680e-01
-3.684650734066963196e-02
3.903332352638244629e-01
6.150571703910827637e-01
-5.323759838938713074e-02
4.402521550655364990e-01
6.599589586257934570e-01
-6.646692007780075073e-02
4.730226993560791016e-01
7.002611160278320312e-01
-7.427383959293365479e-02
4.676818847656250000e-01
5.536378622055053711e-01
-1.742324046790599823e-02
4.882964789867401123e-01
4.973962008953094482e-01
-4.873588308691978455e-02
4.405565857887268066e-01
4.886316955089569092e-01
-6.243680417537689209e-02
4.234765768051147461e-01
5.080819129943847656e-01
-6.622663885354995728e-02
4.689371287822723389e-01
5.004414319992065430e-01
-9.561366401612758636e-03
4.912242293357849121e-01
4.532388150691986084e-01
-4.466447234153747559e-02
4.353909194469451904e-01
4.498323500156402588e-01
-4.986061528325080872e-02
4.171515107154846191e-01
4.724043309688568115e-01
-4.330902174115180969e-02
4.641013443470001221e-01
4.556430876255035400e-01
-8.267056196928024292e-03
4.879491031169891357e-01
4.148551225662231445e-01
-4.311003535985946655e-02
4.376606047153472900e-01
4.148426353931427002e-01
-3.574592620134353638e-02
4.195369184017181396e-01
4.386752247810363770e-01
-1.992316544055938721e-02
4.553046226501464844e-01
4.179372787475585938e-01
-1.022636983543634415e-02
4.775013923645019531e-01
3.842880129814147949e-01
-3.163319081068038940e-02
4.413454532623291016e-01
3.860599398612976074e-01
-2.570132166147232056e-02
4.224704205989837646e-01
4.086734950542449951e-01
-1.273673214018344879e-02
