3.073496818542480469e-01
4.960173368453979492e-01
-2.981997795359347947e-07
3.351979255676269531e-01
5.645502209663391113e-01
-3.321273997426033020e-02
3.839495480060577393e-01
6.192725896835327148e-01
-4.846476018428802490e-02
4.319111406803131104e-01
6.616512537002563477e-01
-6.033047288656234741e-02
4.616191983222961426e-01
7.062839865684509277e-01
-6.861513108015060425e-02
4.748242199420928955e-01
5.589820742607116699e-01
-1.411577779799699783e-02
4.884248077869415283e-01
5.109037756919860840e-01
-3.516061231493949890e-02
4.473180174827575684e-01
4.974143803119659424e-01
-4.877869412302970886e-02
4.237662851810455322e-01
5.070018172264099121e-01
-5.556789413094520569e-02
4.811819791793823242e-01
5.024923086166381836e-01
-5.855669267475605011e-03
4.966579377651214600e-01
4.629575014114379883e-01
-2.992754429578781128e-02
4.468879997730255127e-01
4.557249546051025391e-01
-3.857561573386192322e-02
4.200175702571868896e-01
4.696967005729675293e-01
-3.802312538027763367e-02
4.743309319019317627e-01
4.560500085353851318e-01
-2.068869303911924362e-03
4.962121844291687012e-01
4.219912886619567871e-01
-2.674066275358200073e-02
4.531860649585723877e-01
4.196598231792449951e-01
-2.467014268040657043e-02
4.272964298725128174e-01
4.365886449813842773e-01
-1.567946188151836395e-02
4.601989686489105225e-01
4.201765060424804688e-01
-1.108563505113124847e-03
4.787176251411437988e-01
3.908370435237884521e-01
-1.893088966608047485e-02
4.500392973423004150e-01
3.946866393089294434e-01
-1.602267660200595856e-02
4.309779405593872070e-01
4.139621257781982422e-01
-6.658521480858325958e-03
