3.061421513557434082e-01
4.959070384502410889e-01
-2.996462171722669154e-07
3.341314494609832764e-01
5.636603236198425293e-01
-3.084323182702064514e-02
3.832885622978210449e-01
6.184962391853332520e-01
-4.501933977007865906e-02
4.310906231403350830e-01
6.602944135665893555e-01
-5.646170675754547119e-02
4.619908034801483154e-01
7.045235633850097656e-01
-6.494183838367462158e-02
4.721488356590270996e-01
5.597551465034484863e-01
-9.685478173196315765e-03
4.879088103771209717e-01
5.152972936630249023e-01
-2.999988384544849396e-02
4.482234120368957520e-01
4.987205564975738525e-01
-4.459713399410247803e-02
4.243237376213073730e-01
5.059153437614440918e-01
-5.222870036959648132e-02
4.786028265953063965e-01
5.043827295303344727e-01
-2.635640325024724007e-03
4.963544607162475586e-01
4.683549106121063232e-01
-2.517050504684448242e-02
4.476264417171478271e-01
4.582078456878662109e-01
-3.485516086220741272e-02
4.195036888122558594e-01
4.703883230686187744e-01
-3.518652170896530151e-02
4.725608527660369873e-01
4.586872160434722900e-01
1.680016430327668786e-05
4.961957335472106934e-01
4.280112385749816895e-01
-2.369282953441143036e-02
4.529983401298522949e-01
4.224373400211334229e-01
-2.265326678752899170e-02
4.259119629859924316e-01
4.371734559535980225e-01
-1.441219262778759003e-02
4.595666825771331787e-01
4.227555692195892334e-01
1.012991197057999671e-04
4.801604747772216797e-01
3.929306864738464355e-01
-1.765322126448154449e-02
4.504336714744567871e-01
3.947899341583251953e-01
-1.474028173834085464e-02
4.297088682651519775e-01
4.133030772209167480e-01
-5.273341666907072067e-03
