3.091052174568176270e-01
4.992816150188446045e-01
-3.315581977858528262e-07
3.288235664367675781e-01
5.650190114974975586e-01
-4.222119972109794617e-02
3.769434094429016113e-01
6.202930808067321777e-01
-6.143995374441146851e-02
4.249159991741180420e-01
6.644331216812133789e-01
-7.621487230062484741e-02
4.582116007804870605e-01
7.085412740707397461e-01
-8.555869758129119873e-02
4.619204998016357422e-01
5.717508196830749512e-01
-2.414727397263050079e-02
4.886041283607482910e-01
5.203543305397033691e-01
-5.882784351706504822e-02
4.450529217720031738e-01
5.000230073928833008e-01
-7.504776865243911743e-02
4.197555780410766602e-01
5.087499022483825684e-01
-7.985428720712661743e-02
4.700709283351898193e-01
5.166980028152465820e-01
-1.422786340117454529e-02
5.040806531906127930e-01
4.731742143630981445e-01
-5.352392420172691345e-02
4.489359557628631592e-01
4.564385414123535156e-01
-6.160973757505416870e-02
4.216277301311492920e-01
4.708037078380584717e-01
-5.581735819578170776e-02
4.696614742279052734e-01
4.695333838462829590e-01
-1.121477410197257996e-02
5.038956403732299805e-01
4.330375194549560547e-01
-4.786391183733940125e-02
4.557571411132812500e-01
4.221638441085815430e-01
-4.333181306719779968e-02
4.303408861160278320e-01
4.396233260631561279e-01
-2.885903231799602509e-02
4.625888168811798096e-01
4.313618838787078857e-01
-1.192050706595182419e-02
4.852949976921081543e-01
4.015315175056457520e-01
-3.571321070194244385e-02
4.534128606319427490e-01
3.982439041137695312e-01
-3.346362337470054626e-02
4.337361752986907959e-01
4.173910021781921387e-01
-2.298720926046371460e-02
