3.122326135635375977e-01
4.955182075500488281e-01
-3.505489587496413151e-07
3.295830488204956055e-01
5.631232261657714844e-01
-3.873322159051895142e-02
3.784967064857482910e-01
6.203283667564392090e-01
-5.494808033108711243e-02
4.267284870147705078e-01
6.629855632781982422e-01
-6.724795699119567871e-02
4.573344588279724121e-01
7.081218361854553223e-01
-7.435835897922515869e-02
4.621682763099670410e-01
5.670068860054016113e-01
-2.102591842412948608e-02
4.858249425888061523e-01
5.190917849540710449e-01
-5.241367965936660767e-02
4.412952065467834473e-01
5.023110508918762207e-01
-6.606708467006683350e-02
4.167826175689697266e-01
5.134955644607543945e-01
-6.972000747919082642e-02
4.698510468006134033e-01
5.116998553276062012e-01
-1.254258211702108383e-02
5.027667880058288574e-01
4.719586372375488281e-01
-4.797848314046859741e-02
4.481883645057678223e-01
4.572360515594482422e-01
-5.373539775609970093e-02
4.218743741512298584e-01
4.732535183429718018e-01
-4.716422408819198608e-02
4.684224128723144531e-01
4.662091732025146484e-01
-1.054030843079090118e-02
5.018420219421386719e-01
4.335121512413024902e-01
-4.494451731443405151e-02
4.549591243267059326e-01
4.211858510971069336e-01
-3.898383677005767822e-02
4.308466315269470215e-01
4.379810392856597900e-01
-2.397574856877326965e-02
4.599154591560363770e-01
4.300425350666046143e-01
-1.194767095148563385e-02
4.871308207511901855e-01
4.032214283943176270e-01
-3.389600291848182678e-02
4.565823972225189209e-01
3.952254056930541992e-01
-2.991501055657863617e-02
4.359688758850097656e-01
4.102420210838317871e-01
-1.854655519127845764e-02
