3.094970583915710449e-01
4.984186887741088867e-01
-2.615325342958385590e-07
3.304505050182342529e-01
5.684363842010498047e-01
-3.832546249032020569e-02
3.783999681472778320e-01
6.233452558517456055e-01
-5.372597277164459229e-02
4.263150691986083984e-01
6.660731434822082520e-01
-6.471344083547592163e-02
4.562410116195678711e-01
7.127825021743774414e-01
-7.212210446596145630e-02
4.701216220855712891e-01
5.581526160240173340e-01
-1.454816292971372604e-02
4.841044247150421143e-01
5.144214630126953125e-01
-3.540882468223571777e-02
4.455898106098175049e-01
4.963621497154235840e-01
-4.974610358476638794e-02
4.204808473587036133e-01
5.005422830581665039e-01
-5.666285008192062378e-02
4.783661961555480957e-01
5.028301477432250977e-01
-3.372460603713989258e-03
4.987154603004455566e-01
4.684919118881225586e-01
-2.636715397238731384e-02
4.533157646656036377e-01
4.519502818584442139e-01
-3.664280101656913757e-02
4.238258004188537598e-01
4.597492218017578125e-01
-3.717834129929542542e-02
4.740599691867828369e-01
4.589749574661254883e-01
2.656555501744151115e-03
5.020032525062561035e-01
4.320300221443176270e-01
-2.259721979498863220e-02
4.625118672847747803e-01
4.168854951858520508e-01
-2.430977113544940948e-02
4.330169558525085449e-01
4.260029196739196777e-01
-1.728642359375953674e-02
4.621076583862304688e-01
4.265179336071014404e-01
5.572540219873189926e-03
4.877040982246398926e-01
4.014811217784881592e-01
-1.403909642249345779e-02
4.616335034370422363e-01
3.927141427993774414e-01
-1.404194533824920654e-02
4.386566579341888428e-01
4.033174514770507812e-01
-6.444662809371948242e-03
