3.095528781414031982e-01
4.976987838745117188e-01
-3.102762207163323183e-07
3.292382359504699707e-01
5.659329295158386230e-01
-3.752429410815238953e-02
3.761242628097534180e-01
6.236923336982727051e-01
-5.372850596904754639e-02
4.240497350692749023e-01
6.654748916625976562e-01
-6.669262051582336426e-02
4.567540884017944336e-01
7.086321711540222168e-01
-7.642537355422973633e-02
4.595278501510620117e-01
5.636358857154846191e-01
-1.514863315969705582e-02
4.807939827442169189e-01
5.220229625701904297e-01
-4.200044274330139160e-02
4.451146721839904785e-01
4.954387247562408447e-01
-5.929954722523689270e-02
4.188182055950164795e-01
4.950632452964782715e-01
-6.709695607423782349e-02
4.667367935180664062e-01
5.073953866958618164e-01
-6.684600375592708588e-03
4.988868236541748047e-01
4.726474583148956299e-01
-3.604127466678619385e-02
4.518061876296997070e-01
4.485453963279724121e-01
-4.740944132208824158e-02
4.204585254192352295e-01
4.526379406452178955e-01
-4.688737168908119202e-02
4.641790091991424561e-01
4.617611169815063477e-01
-4.032578784972429276e-03
4.990731775760650635e-01
4.331358671188354492e-01
-3.361999243497848511e-02
4.573901295661926270e-01
4.135352373123168945e-01
-3.453436493873596191e-02
4.274732172489166260e-01
4.210426211357116699e-01
-2.573246881365776062e-02
4.539765715599060059e-01
4.245103299617767334e-01
-4.533762112259864807e-03
4.831455349922180176e-01
3.975022435188293457e-01
-2.531367354094982147e-02
4.553616642951965332e-01
3.881789743900299072e-01
-2.418524213135242462e-02
4.323560297489166260e-01
4.000435471534729004e-01
-1.570807769894599915e-02
