3.326711058616638184e-01
5.524367094039916992e-01
-2.949311976863100426e-07
3.704354465007781982e-01
6.100721955299377441e-01
-2.504263818264007568e-02
4.233208894729614258e-01
6.562328934669494629e-01
-3.676937147974967957e-02
4.709376394748687744e-01
6.884995698928833008e-01
-4.749346897006034851e-02
5.040627717971801758e-01
7.151181101799011230e-01
-5.532800033688545227e-02
4.827392995357513428e-01
5.780407786369323730e-01
-1.119131688028573990e-02
4.943999946117401123e-01
5.420413613319396973e-01
-3.229672089219093323e-02
4.535654187202453613e-01
5.442727208137512207e-01
-4.493911936879158020e-02
4.332488775253295898e-01
5.625297427177429199e-01
-5.049524828791618347e-02
4.780108630657196045e-01
5.225167274475097656e-01
-7.557051721960306168e-03
4.915252625942230225e-01
4.930453896522521973e-01
-3.110374324023723602e-02
4.455742239952087402e-01
4.997755289077758789e-01
-3.821416571736335754e-02
4.229568243026733398e-01
5.201079845428466797e-01
-3.691186755895614624e-02
4.659261405467987061e-01
4.779227375984191895e-01
-7.972771301865577698e-03
4.819455742835998535e-01
4.495717287063598633e-01
-3.118802048265933990e-02
4.421995282173156738e-01
4.584758281707763672e-01
-2.792983129620552063e-02
4.209949374198913574e-01
4.795995950698852539e-01
-1.869818195700645447e-02
4.504804015159606934e-01
4.426166117191314697e-01
-1.060174591839313507e-02
4.686405658721923828e-01
4.149821400642395020e-01
-2.483743615448474884e-02
4.414158463478088379e-01
4.239063858985900879e-01
-1.937032304704189301e-02
4.238647520542144775e-01
4.441713988780975342e-01
-9.373717010021209717e-03
