3.121817111968994141e-01
5.004556179046630859e-01
-3.120764517916541081e-07
3.323234021663665771e-01
5.691275000572204590e-01
-3.834103047847747803e-02
3.782369196414947510e-01
6.262558698654174805e-01
-5.522565916180610657e-02
4.250024855136871338e-01
6.663033962249755859e-01
-6.879999488592147827e-02
4.567489027976989746e-01
7.097424864768981934e-01
-7.911779731512069702e-02
4.579980075359344482e-01
5.626435875892639160e-01
-1.869166642427444458e-02
4.819443821907043457e-01
5.216668248176574707e-01
-4.699010029435157776e-02
4.454447925090789795e-01
4.956189990043640137e-01
-6.390974670648574829e-02
4.180615544319152832e-01
4.951285123825073242e-01
-7.096403837203979492e-02
4.647181928157806396e-01
5.067681074142456055e-01
-1.003928761929273605e-02
4.992346763610839844e-01
4.725455939769744873e-01
-4.094549641013145447e-02
4.514407813549041748e-01
4.488757252693176270e-01
-5.144882574677467346e-02
4.198239743709564209e-01
4.535865485668182373e-01
-4.993919655680656433e-02
4.621662795543670654e-01
4.619892537593841553e-01
-7.223111111670732498e-03
4.981009960174560547e-01
4.324987530708312988e-01
-3.798874840140342712e-02
4.563480019569396973e-01
4.136105477809906006e-01
-3.813293576240539551e-02
4.271439313888549805e-01
4.221908450126647949e-01
-2.859666012227535248e-02
4.527500569820404053e-01
4.254318475723266602e-01
-7.590607274323701859e-03
4.824087619781494141e-01
3.981378674507141113e-01
-2.878551185131072998e-02
4.547793865203857422e-01
3.886409401893615723e-01
-2.741165086627006531e-02
4.324433505535125732e-01
4.005641341209411621e-01
-1.883878000080585480e-02
