3.117585182189941406e-01
5.014009475708007812e-01
-3.239958061840297887e-07
3.316408097743988037e-01
5.690135359764099121e-01
-3.778174147009849548e-02
3.778021633625030518e-01
6.247708797454833984e-01
-5.452928692102432251e-02
4.251819252967834473e-01
6.657938361167907715e-01
-6.800099462270736694e-02
4.573958814144134521e-01
7.099471092224121094e-01
-7.818491011857986450e-02
4.589627981185913086e-01
5.629466772079467773e-01
-1.785067841410636902e-02
4.809974133968353271e-01
5.215155482292175293e-01
-4.633554071187973022e-02
4.438306391239166260e-01
4.964320063591003418e-01
-6.339562684297561646e-02
4.172800779342651367e-01
4.974360466003417969e-01
-7.056169956922531128e-02
4.660361707210540771e-01
5.060912966728210449e-01
-9.602003730833530426e-03
4.987784624099731445e-01
4.718472063541412354e-01
-4.052022099494934082e-02
4.497869014739990234e-01
4.488626718521118164e-01
-5.074022710323333740e-02
4.189190864562988281e-01
4.544469714164733887e-01
-4.900797829031944275e-02
4.632579386234283447e-01
4.606790840625762939e-01
-7.216245867311954498e-03
4.983140230178833008e-01
4.318599700927734375e-01
-3.817308694124221802e-02
4.549759626388549805e-01
4.136949479579925537e-01
-3.765193372964859009e-02
4.260225594043731689e-01
4.232575297355651855e-01
-2.760720252990722656e-02
4.529474079608917236e-01
4.244740307331085205e-01
-7.973921485245227814e-03
4.815979301929473877e-01
3.973170518875122070e-01
-2.938614040613174438e-02
4.526940286159515381e-01
3.882439732551574707e-01
-2.755873650312423706e-02
4.302900433540344238e-01
4.010338783264160156e-01
-1.850884966552257538e-02
