2.902241051197052002e-01
5.063375234603881836e-01
-2.191092391967686126e-07
3.232867717742919922e-01
5.720284581184387207e-01
-2.915162034332752228e-02
3.709561526775360107e-01
6.236211657524108887e-01
-4.418954253196716309e-02
4.189786911010742188e-01
6.671547889709472656e-01
-5.566070601344108582e-02
4.490067958831787109e-01
7.136418223381042480e-01
-6.353241205215454102e-02
4.612933993339538574e-01
5.570797920227050781e-01
-1.434274390339851379e-02
4.763303399085998535e-01
5.080072879791259766e-01
-2.974253892898559570e-02
4.346119165420532227e-01
5.014320015907287598e-01
-3.922685608267784119e-02
4.102100729942321777e-01
5.163710713386535645e-01
-4.405140504240989685e-02
4.657632112503051758e-01
4.956054091453552246e-01
-8.258432149887084961e-03
4.867270886898040771e-01
4.595699906349182129e-01
-2.623752690851688385e-02
4.389427304267883301e-01
4.570521712303161621e-01
-3.283128887414932251e-02
4.106816649436950684e-01
4.729098677635192871e-01
-3.231887146830558777e-02
4.575890004634857178e-01
4.455475509166717529e-01
-5.584379192441701889e-03
4.847324788570404053e-01
4.154553413391113281e-01
-2.445093169808387756e-02
4.452929198741912842e-01
4.152552187442779541e-01
-2.161263860762119293e-02
4.197027087211608887e-01
4.322838783264160156e-01
-1.406033150851726532e-02
4.423613846302032471e-01
4.098628759384155273e-01
-5.243294872343540192e-03
4.694758653640747070e-01
3.821907043457031250e-01
-1.956276223063468933e-02
4.427874088287353516e-01
3.831606507301330566e-01
-1.456501893699169159e-02
4.230072796344757080e-01
3.989256918430328369e-01
-4.745146725326776505e-03
