2.916253209114074707e-01
5.079690814018249512e-01
-2.633148028508003335e-07
3.216614127159118652e-01
5.739304423332214355e-01
-3.438196703791618347e-02
3.697068095207214355e-01
6.255528330802917480e-01
-5.076414719223976135e-02
4.181436300277709961e-01
6.672954559326171875e-01
-6.284814327955245972e-02
4.495969414710998535e-01
7.129001617431640625e-01
-7.102758437395095825e-02
4.608181118965148926e-01
5.594742894172668457e-01
-1.887480169534683228e-02
4.742020666599273682e-01
5.074902772903442383e-01
-3.719034418463706970e-02
4.339262247085571289e-01
4.927869439125061035e-01
-4.793705046176910400e-02
4.087268114089965820e-01
5.030253529548645020e-01
-5.288977548480033875e-02
4.683607816696166992e-01
4.993864595890045166e-01
-9.539603255689144135e-03
4.877246916294097900e-01
4.604315757751464844e-01
-2.986489981412887573e-02
4.395210444927215576e-01
4.485393464565277100e-01
-3.682465478777885437e-02
4.113644063472747803e-01
4.628995060920715332e-01
-3.604855388402938843e-02
4.627318382263183594e-01
4.507524967193603516e-01
-4.196763504296541214e-03
4.882726073265075684e-01
4.195477366447448730e-01
-2.511159703135490417e-02
4.483429789543151855e-01
4.096517860889434814e-01
-2.420414984226226807e-02
4.216681122779846191e-01
4.248908758163452148e-01
-1.716469042003154755e-02
4.502008855342864990e-01
4.143185913562774658e-01
-1.685701427049934864e-03
4.714760184288024902e-01
3.854671120643615723e-01
-1.741780526936054230e-02
4.463278651237487793e-01
3.806998729705810547e-01
-1.548331417143344879e-02
4.277215003967285156e-01
3.956945240497589111e-01
-7.443225942552089691e-03
