2.867026627063751221e-01
5.006528496742248535e-01
-2.299996708643448073e-07
3.156210184097290039e-01
5.677142739295959473e-01
-3.138083964586257935e-02
3.678346276283264160e-01
6.215169429779052734e-01
-4.454563930630683899e-02
4.184840023517608643e-01
6.653687953948974609e-01
-5.509207397699356079e-02
4.516992866992950439e-01
7.069389820098876953e-01
-6.300214678049087524e-02
4.531843066215515137e-01
5.516762733459472656e-01
-7.963952608406543732e-03
4.748185276985168457e-01
5.036913156509399414e-01
-2.476853318512439728e-02
4.418281316757202148e-01
4.837715029716491699e-01
-3.868211805820465088e-02
4.135481417179107666e-01
4.863992035388946533e-01
-4.609908536076545715e-02
4.576120376586914062e-01
4.924862980842590332e-01
-3.652701270766556263e-04
4.867318272590637207e-01
4.545810222625732422e-01
-1.901219226419925690e-02
4.450283646583557129e-01
4.394901096820831299e-01
-3.141494840383529663e-02
4.116794168949127197e-01
4.459805786609649658e-01
-3.464654460549354553e-02
4.513880610466003418e-01
4.443792402744293213e-01
3.071346553042531013e-03
4.860307872295379639e-01
4.142461121082305908e-01
-1.572497934103012085e-02
4.514408409595489502e-01
4.013070762157440186e-01
-1.851477287709712982e-02
4.203488230705261230e-01
4.088434576988220215e-01
-1.429873611778020859e-02
4.378335177898406982e-01
4.071440696716308594e-01
3.759403945878148079e-03
4.690559506416320801e-01
3.804295659065246582e-01
-1.025711186230182648e-02
4.467263519763946533e-01
3.724955022335052490e-01
-8.445585146546363831e-03
4.249111115932464600e-01
3.820697963237762451e-01
-1.145444461144506931e-03
