2.880316674709320068e-01
5.006082653999328613e-01
-2.319993086530303117e-07
3.170652389526367188e-01
5.682435631752014160e-01
-3.158117085695266724e-02
3.692017793655395508e-01
6.230895519256591797e-01
-4.501951858401298523e-02
4.189611077308654785e-01
6.671997308731079102e-01
-5.596149340271949768e-02
4.525941312313079834e-01
7.084511518478393555e-01
-6.445617973804473877e-02
4.552040696144104004e-01
5.511273741722106934e-01
-8.420901373028755188e-03
4.759632349014282227e-01
5.024838447570800781e-01
-2.558118477463722229e-02
4.430765509605407715e-01
4.802564680576324463e-01
-4.023724421858787537e-02
4.148082733154296875e-01
4.805124998092651367e-01
-4.816324263811111450e-02
4.591185450553894043e-01
4.921684265136718750e-01
-7.226638263091444969e-04
4.866528511047363281e-01
4.523053169250488281e-01
-1.903501711785793304e-02
4.454365968704223633e-01
4.357497692108154297e-01
-3.167258948087692261e-02
4.126038253307342529e-01
4.412143528461456299e-01
-3.536034002900123596e-02
4.523752629756927490e-01
4.447164535522460938e-01
2.831660211086273193e-03
4.856539070606231689e-01
4.128202795982360840e-01
-1.573595963418483734e-02
4.510671198368072510e-01
3.988595902919769287e-01
-1.882651261985301971e-02
4.202238321304321289e-01
4.061054289340972900e-01
-1.496587973088026047e-02
4.387689828872680664e-01
4.082949757575988770e-01
3.568348474800586700e-03
4.672071337699890137e-01
3.809405863285064697e-01
-1.005360949784517288e-02
4.455362558364868164e-01
3.725482821464538574e-01
-8.401158265769481659e-03
4.247292578220367432e-01
3.818693161010742188e-01
-1.364178373478353024e-03
