2.791490554809570312e-01
4.997085630893707275e-01
-1.994975065144899418e-07
3.164358735084533691e-01
5.665586590766906738e-01
-3.023113310337066650e-02
3.700635433197021484e-01
6.173681020736694336e-01
-4.612075164914131165e-02
4.198417365550994873e-01
6.600158810615539551e-01
-5.922791734337806702e-02
4.532454907894134521e-01
7.022635340690612793e-01
-7.000318169593811035e-02
4.522133767604827881e-01
5.399268865585327148e-01
-1.584336720407009125e-02
4.753843843936920166e-01
4.907882809638977051e-01
-3.535174205899238586e-02
4.379310607910156250e-01
4.805286526679992676e-01
-5.111682415008544922e-02
4.087654650211334229e-01
4.896673858165740967e-01
-5.974560976028442383e-02
4.535092115402221680e-01
4.774577021598815918e-01
-9.879068471491336823e-03
4.811119139194488525e-01
4.404304027557373047e-01
-2.943285554647445679e-02
4.390252828598022461e-01
4.338757693767547607e-01
-4.126886278390884399e-02
4.059615731239318848e-01
4.453133642673492432e-01
-4.487935453653335571e-02
4.436698555946350098e-01
4.268673658370971680e-01
-7.607731502503156662e-03
4.762204885482788086e-01
3.950896859169006348e-01
-2.601611986756324768e-02
4.430813491344451904e-01
3.908724784851074219e-01
-2.622918412089347839e-02
4.134577810764312744e-01
4.045029878616333008e-01
-2.110756374895572662e-02
4.267068505287170410e-01
3.913761377334594727e-01
-7.946951314806938171e-03
4.566539525985717773e-01
3.599084913730621338e-01
-2.110094577074050903e-02
4.347498714923858643e-01
3.583034873008728027e-01
-1.661789789795875549e-02
4.140740036964416504e-01
3.723365068435668945e-01
-7.701622787863016129e-03
