2.789038717746734619e-01
4.966749548912048340e-01
-3.135755832772701979e-07
3.139123320579528809e-01
5.650581717491149902e-01
-2.998592518270015717e-02
3.686778247356414795e-01
6.183490753173828125e-01
-4.543833807110786438e-02
4.210329949855804443e-01
6.603074669837951660e-01
-5.859787762165069580e-02
4.566143751144409180e-01
7.013108730316162109e-01
-6.866540759801864624e-02
4.483458995819091797e-01
5.465783476829528809e-01
-1.632260717451572418e-02
4.737394154071807861e-01
4.953628778457641602e-01
-3.943906724452972412e-02
4.328581690788269043e-01
4.845213592052459717e-01
-5.444720387458801270e-02
4.039455354213714600e-01
4.964046478271484375e-01
-6.117764860391616821e-02
4.534788429737091064e-01
4.841798841953277588e-01
-1.032198779284954071e-02
4.810457229614257812e-01
4.448106884956359863e-01
-3.339413926005363464e-02
4.322920143604278564e-01
4.363795220851898193e-01
-4.257617890834808350e-02
4.014393985271453857e-01
4.512400329113006592e-01
-4.290996864438056946e-02
4.476453959941864014e-01
4.336143136024475098e-01
-8.521862328052520752e-03
4.810667932033538818e-01
4.006156027317047119e-01
-3.051088377833366394e-02
4.400287270545959473e-01
3.941665291786193848e-01
-2.886361069977283478e-02
4.108084440231323242e-01
4.098255634307861328e-01
-2.103891782462596893e-02
4.350074827671051025e-01
3.954906165599822998e-01
-9.306893683969974518e-03
4.635730385780334473e-01
3.632900118827819824e-01
-2.414212562143802643e-02
4.378026723861694336e-01
3.602213859558105469e-01
-2.001928165555000305e-02
4.169272482395172119e-01
3.760024309158325195e-01
-1.060139387845993042e-02
