2.719479799270629883e-01
4.927158355712890625e-01
-1.584530906484360457e-07
3.150521814823150635e-01
5.572454929351806641e-01
-2.387526817619800568e-02
3.706755042076110840e-01
6.090297698974609375e-01
-3.768790140748023987e-02
4.228007197380065918e-01
6.499537229537963867e-01
-4.993897303938865662e-02
4.613298475742340088e-01
6.865373253822326660e-01
-6.089545041322708130e-02
4.541579484939575195e-01
5.239284634590148926e-01
-6.914350669831037521e-03
4.703513681888580322e-01
4.796433448791503906e-01
-1.992002874612808228e-02
4.353743195533752441e-01
4.725772142410278320e-01
-3.479200229048728943e-02
4.066484570503234863e-01
4.812315702438354492e-01
-4.414274170994758606e-02
4.537329077720642090e-01
4.607332348823547363e-01
-3.573172958567738533e-03
4.748794436454772949e-01
4.287000894546508789e-01
-1.542735937982797623e-02
4.365205764770507812e-01
4.258647561073303223e-01
-2.858785539865493774e-02
4.026059210300445557e-01
4.361748099327087402e-01
-3.526967018842697144e-02
4.404281377792358398e-01
4.090351164340972900e-01
-2.772771986201405525e-03
4.709565341472625732e-01
3.804596662521362305e-01
-1.525147445499897003e-02
4.381224811077117920e-01
3.810975551605224609e-01
-1.664301566779613495e-02
4.067058563232421875e-01
3.945447206497192383e-01
-1.414321549236774445e-02
4.195748865604400635e-01
3.709700107574462891e-01
-3.928317688405513763e-03
4.495519399642944336e-01
3.411700725555419922e-01
-1.430649776011705399e-02
4.268109202384948730e-01
3.443937301635742188e-01
-8.699734695255756378e-03
4.044968783855438232e-01
3.591366708278656006e-01
4.055173776578158140e-04
