2.715339362621307373e-01
4.936410486698150635e-01
-2.057024204304980231e-07
3.162822127342224121e-01
5.618692040443420410e-01
-2.299166470766067505e-02
3.716909289360046387e-01
6.148383617401123047e-01
-3.659139946103096008e-02
4.243786633014678955e-01
6.546970605850219727e-01
-4.855961725115776062e-02
4.633000493049621582e-01
6.901630759239196777e-01
-5.917393416166305542e-02
4.589411020278930664e-01
5.249516963958740234e-01
-7.696703076362609863e-03
4.676449000835418701e-01
4.783544838428497314e-01
-1.749108731746673584e-02
4.337504506111145020e-01
4.690423011779785156e-01
-3.020497411489486694e-02
4.056303203105926514e-01
4.765461981296539307e-01
-3.864542767405509949e-02
4.591971337795257568e-01
4.628061056137084961e-01
-3.416894003748893738e-03
4.717840254306793213e-01
4.271306693553924561e-01
-1.119611039757728577e-02
4.354458749294281006e-01
4.224911928176879883e-01
-2.295776084065437317e-02
4.033684730529785156e-01
4.333747625350952148e-01
-3.002450428903102875e-02
4.459495842456817627e-01
4.117047190666198730e-01
-1.015132758766412735e-03
4.707279801368713379e-01
3.804385364055633545e-01
-1.038259454071521759e-02
4.386528730392456055e-01
3.788051009178161621e-01
-1.284029707312583923e-02
4.074459075927734375e-01
3.924497067928314209e-01
-1.212625019252300262e-02
4.263797700405120850e-01
3.720437288284301758e-01
-5.378611967898905277e-04
4.519019126892089844e-01
3.404986858367919922e-01
-9.370991028845310211e-03
4.303756356239318848e-01
3.419036865234375000e-01
-5.071164108812808990e-03
4.083153903484344482e-01
3.557960391044616699e-01
2.590015297755599022e-03
