2.423125505447387695e-01
7.852247953414916992e-01
3.825174985649937298e-07
3.199158608913421631e-01
7.251750230789184570e-01
-1.770496927201747894e-02
3.787310719490051270e-01
6.580479145050048828e-01
-2.731420099735260010e-02
4.202780127525329590e-01
6.021633148193359375e-01
-4.171045497059822083e-02
4.377479255199432373e-01
5.461819767951965332e-01
-5.414725467562675476e-02
3.441261053085327148e-01
5.464140772819519043e-01
1.819744892418384552e-02
3.821198940277099609e-01
5.022592544555664062e-01
-1.069503836333751678e-02
4.044636487960815430e-01
5.099912285804748535e-01
-3.532079607248306274e-02
4.220050275325775146e-01
5.291381478309631348e-01
-4.562330991029739380e-02
3.103291690349578857e-01
5.200165510177612305e-01
1.231034286320209503e-02
3.328728377819061279e-01
4.308323264122009277e-01
1.353068277239799500e-03
3.500548601150512695e-01
3.807589709758758545e-01
-3.806665306910872459e-03
3.667534291744232178e-01
3.361097276210784912e-01
-4.052864387631416321e-03
2.732089161872863770e-01
5.166492462158203125e-01
-2.251505386084318161e-03
2.769006490707397461e-01
4.240911006927490234e-01
-1.552046556025743484e-02
2.841657996177673340e-01
3.752775788307189941e-01
-1.182167325168848038e-02
2.954165041446685791e-01
3.359564542770385742e-01
-4.551124293357133865e-03
2.327443808317184448e-01
5.322073698043823242e-01
-2.095666714012622833e-02
2.199248671531677246e-01
4.635730385780334473e-01
-3.015707060694694519e-02
2.124569118022918701e-01
4.187053442001342773e-01
-2.327948436141014099e-02
2.106358408927917480e-01
3.790999054908752441e-01
-1.346454955637454987e-02
