2.459452450275421143e-01
7.561085224151611328e-01
4.126188741793157533e-07
3.150719404220581055e-01
7.120254635810852051e-01
-1.675205864012241364e-02
3.707344532012939453e-01
6.554090976715087891e-01
-2.622443996369838715e-02
4.083290994167327881e-01
6.023172736167907715e-01
-3.926299884915351868e-02
4.302721023559570312e-01
5.548544526100158691e-01
-5.047794058918952942e-02
3.335002064704895020e-01
5.501237511634826660e-01
8.382673375308513641e-03
3.743806183338165283e-01
5.125038623809814453e-01
-1.804759353399276733e-02
4.032499790191650391e-01
5.171703696250915527e-01
-4.007509350776672363e-02
4.231663346290588379e-01
5.367578268051147461e-01
-4.974016547203063965e-02
3.038327693939208984e-01
5.234771370887756348e-01
3.862709272652864456e-03
3.292189240455627441e-01
4.390061199665069580e-01
-6.440733093768358231e-03
3.486633598804473877e-01
3.866665363311767578e-01
-1.261702273041009903e-02
3.663408160209655762e-01
3.379063010215759277e-01
-1.540545932948589325e-02
2.705009579658508301e-01
5.163296461105346680e-01
-7.650290150195360184e-03
2.766004800796508789e-01
4.291301071643829346e-01
-1.954576931893825531e-02
2.865450382232666016e-01
3.763829469680786133e-01
-2.063884958624839783e-02
2.983506321907043457e-01
3.349604010581970215e-01
-1.895880326628684998e-02
2.331231236457824707e-01
5.283794403076171875e-01
-2.257990278303623199e-02
2.153416872024536133e-01
4.623641967773437500e-01
-3.198672086000442505e-02
2.087966501712799072e-01
4.159318208694458008e-01
-2.892354875802993774e-02
2.066308110952377319e-01
3.771339356899261475e-01
-2.373570762574672699e-02
