2.597955763339996338e-01
7.396298050880432129e-01
4.029310787245776737e-07
3.197580575942993164e-01
7.096812725067138672e-01
-1.811175793409347534e-02
3.723796010017395020e-01
6.596714258193969727e-01
-2.884134463965892792e-02
4.099168777465820312e-01
6.104034185409545898e-01
-4.113703966140747070e-02
4.347739219665527344e-01
5.656142830848693848e-01
-5.175169557332992554e-02
3.363024592399597168e-01
5.591988563537597656e-01
-5.023431032896041870e-03
3.785652518272399902e-01
5.182193517684936523e-01
-3.322950750589370728e-02
4.075438976287841797e-01
5.213226675987243652e-01
-5.546442791819572449e-02
4.276736676692962646e-01
5.403995513916015625e-01
-6.587034463882446289e-02
3.076212704181671143e-01
5.311273932456970215e-01
-9.458455257117748260e-03
3.348930478096008301e-01
4.480116367340087891e-01
-2.408059313893318176e-02
3.559684157371520996e-01
3.943518400192260742e-01
-3.380393981933593750e-02
3.722943961620330811e-01
3.463656306266784668e-01
-3.900279849767684937e-02
2.759396135807037354e-01
5.223662257194519043e-01
-1.948230527341365814e-02
2.836185991764068604e-01
4.364942610263824463e-01
-3.578956052660942078e-02
2.943738996982574463e-01
3.829855918884277344e-01
-4.201111942529678345e-02
3.058838844299316406e-01
3.409951329231262207e-01
-4.352924972772598267e-02
2.401679456233978271e-01
5.332230925559997559e-01
-3.205661103129386902e-02
2.217827290296554565e-01
4.693112969398498535e-01
-4.584801942110061646e-02
2.159589827060699463e-01
4.231493473052978516e-01
-4.707681387662887573e-02
2.162283807992935181e-01
3.828615546226501465e-01
-4.484378173947334290e-02
