2.627012729644775391e-01
7.367028594017028809e-01
3.892753568379703211e-07
3.223381340503692627e-01
7.088565230369567871e-01
-1.810410059988498688e-02
3.751668930053710938e-01
6.619136333465576172e-01
-2.911780588328838348e-02
4.127102494239807129e-01
6.142117977142333984e-01
-4.170040413737297058e-02
4.374457597732543945e-01
5.710642337799072266e-01
-5.257901176810264587e-02
3.422689735889434814e-01
5.582792162895202637e-01
-5.591208580881357193e-03
3.861512541770935059e-01
5.185958743095397949e-01
-3.399724140763282776e-02
4.148281216621398926e-01
5.226532220840454102e-01
-5.657800287008285522e-02
4.340397715568542480e-01
5.433529019355773926e-01
-6.723235547542572021e-02
3.137405514717102051e-01
5.302221775054931641e-01
-1.003540772944688797e-02
3.407658636569976807e-01
4.478858113288879395e-01
-2.552746981382369995e-02
3.615214228630065918e-01
3.944086432456970215e-01
-3.620471432805061340e-02
3.772250711917877197e-01
3.479275405406951904e-01
-4.201303794980049133e-02
2.819226384162902832e-01
5.217732787132263184e-01
-1.992423459887504578e-02
2.894998192787170410e-01
4.355745315551757812e-01
-3.705992549657821655e-02
2.999764084815979004e-01
3.833525776863098145e-01
-4.444345086812973022e-02
3.111932575702667236e-01
3.427392840385437012e-01
-4.662897437810897827e-02
2.465611398220062256e-01
5.336386561393737793e-01
-3.225728124380111694e-02
2.285994887351989746e-01
4.690059721469879150e-01
-4.655812308192253113e-02
2.221893966197967529e-01
4.235067367553710938e-01
-4.838380217552185059e-02
2.214948534965515137e-01
3.844296932220458984e-01
-4.654918611049652100e-02
