2.647916078567504883e-01
7.384155988693237305e-01
4.033164202610350912e-07
3.243269324302673340e-01
7.082524299621582031e-01
-1.775308139622211456e-02
3.761904239654541016e-01
6.623697280883789062e-01
-2.909189648926258087e-02
4.129670858383178711e-01
6.148338317871093750e-01
-4.221633821725845337e-02
4.373003542423248291e-01
5.711681842803955078e-01
-5.376671254634857178e-02
3.415295779705047607e-01
5.585290789604187012e-01
-4.315210040658712387e-03
3.844520449638366699e-01
5.195332765579223633e-01
-3.174814581871032715e-02
4.124665856361389160e-01
5.227109789848327637e-01
-5.345755815505981445e-02
4.312585890293121338e-01
5.421946644783020020e-01
-6.371416896581649780e-02
3.131313920021057129e-01
5.302584767341613770e-01
-9.399252943694591522e-03
3.400159478187561035e-01
4.454745650291442871e-01
-2.355712093412876129e-02
3.609152436256408691e-01
3.938757777214050293e-01
-3.308479115366935730e-02
3.775511682033538818e-01
3.490151166915893555e-01
-3.814905136823654175e-02
2.823013067245483398e-01
5.225072503089904785e-01
-2.002894692122936249e-02
2.892790734767913818e-01
4.353405237197875977e-01
-3.655052557587623596e-02
2.999612689018249512e-01
3.826914727687835693e-01
-4.327310621738433838e-02
3.116635978221893311e-01
3.421845436096191406e-01
-4.513614997267723083e-02
2.480575740337371826e-01
5.352739691734313965e-01
-3.309886157512664795e-02
2.297532707452774048e-01
4.702473282814025879e-01
-4.781142622232437134e-02
2.235556542873382568e-01
4.238424301147460938e-01
-4.973566159605979919e-02
2.229205071926116943e-01
3.836697340011596680e-01
-4.791086539626121521e-02
