2.718788981437683105e-01
7.419837713241577148e-01
3.796270107159216423e-07
3.306483924388885498e-01
7.148451805114746094e-01
-2.075417153537273407e-02
3.831927776336669922e-01
6.679611206054687500e-01
-3.362248092889785767e-02
4.182335436344146729e-01
6.186341643333435059e-01
-4.801088199019432068e-02
4.446464180946350098e-01
5.752230882644653320e-01
-6.064216047525405884e-02
3.526587486267089844e-01
5.599386692047119141e-01
-6.928977556526660919e-03
3.956397771835327148e-01
5.189661383628845215e-01
-3.651154041290283203e-02
4.229528903961181641e-01
5.238074064254760742e-01
-5.947188287973403931e-02
4.409685134887695312e-01
5.454547405242919922e-01
-6.998553872108459473e-02
3.238424360752105713e-01
5.315935611724853516e-01
-1.082414574921131134e-02
3.505965173244476318e-01
4.491103291511535645e-01
-2.650241926312446594e-02
3.710177540779113770e-01
3.971181511878967285e-01
-3.671250119805335999e-02
3.866240978240966797e-01
3.515000343322753906e-01
-4.178316891193389893e-02
2.921066880226135254e-01
5.243228673934936523e-01
-2.063212357461452484e-02
2.999505698680877686e-01
4.387957453727722168e-01
-3.848459944128990173e-02
3.110206127166748047e-01
3.861747980117797852e-01
-4.570100083947181702e-02
3.223215639591217041e-01
3.448037207126617432e-01
-4.735564440488815308e-02
2.569906711578369141e-01
5.384653210639953613e-01
-3.316573053598403931e-02
2.398567050695419312e-01
4.720669388771057129e-01
-4.870875552296638489e-02
2.332586050033569336e-01
4.250640273094177246e-01
-5.079005286097526550e-02
2.311061620712280273e-01
3.846557140350341797e-01
-4.865663871169090271e-02
