2.711317837238311768e-01
7.416243553161621094e-01
3.762086748793080915e-07
3.309936821460723877e-01
7.138262987136840820e-01
-2.015642635524272919e-02
3.838243186473846436e-01
6.672785282135009766e-01
-3.240263834595680237e-02
4.197849333286285400e-01
6.176263689994812012e-01
-4.622643068432807922e-02
4.477127492427825928e-01
5.753092765808105469e-01
-5.839859694242477417e-02
3.523532748222351074e-01
5.624458789825439453e-01
-5.291055422276258469e-03
3.967648744583129883e-01
5.200390219688415527e-01
-3.385002166032791138e-02
4.229933023452758789e-01
5.255999565124511719e-01
-5.641462653875350952e-02
4.393534958362579346e-01
5.474345684051513672e-01
-6.700424849987030029e-02
3.231814801692962646e-01
5.325745940208435059e-01
-9.094501845538616180e-03
3.492434322834014893e-01
4.488522112369537354e-01
-2.423774078488349915e-02
3.703248500823974609e-01
3.987231254577636719e-01
-3.482054173946380615e-02
3.873016238212585449e-01
3.557090461254119873e-01
-4.065148159861564636e-02
2.913887202739715576e-01
5.242233872413635254e-01
-1.875775679945945740e-02
2.984556853771209717e-01
4.383488893508911133e-01
-3.558736667037010193e-02
3.094611465930938721e-01
3.864977955818176270e-01
-4.313345625996589661e-02
3.217730522155761719e-01
3.461806774139404297e-01
-4.569071158766746521e-02
2.567860484123229980e-01
5.372527241706848145e-01
-3.109104931354522705e-02
2.401652038097381592e-01
4.722680449485778809e-01
-4.557779803872108459e-02
2.342294156551361084e-01
4.260623753070831299e-01
-4.780188202857971191e-02
2.332018911838531494e-01
3.860559463500976562e-01
-4.637043923139572144e-02
