2.820976376533508301e-01
7.445214390754699707e-01
3.470058800303377211e-07
3.429982364177703857e-01
7.171839475631713867e-01
-1.704202406108379364e-02
3.956205546855926514e-01
6.690710783004760742e-01
-2.705690264701843262e-02
4.312981665134429932e-01
6.214730739593505859e-01
-3.922940418124198914e-02
4.579392969608306885e-01
5.807576179504394531e-01
-4.978932440280914307e-02
3.652360141277313232e-01
5.639662146568298340e-01
-1.757593709044158459e-03
4.093326628208160400e-01
5.269360542297363281e-01
-3.043339028954505920e-02
4.361193478107452393e-01
5.324277877807617188e-01
-5.324489623308181763e-02
4.531216323375701904e-01
5.551048517227172852e-01
-6.341989338397979736e-02
3.364810943603515625e-01
5.354909300804138184e-01
-6.629208102822303772e-03
3.635299205780029297e-01
4.542582929134368896e-01
-2.024260535836219788e-02
3.847859501838684082e-01
4.034783244132995605e-01
-2.926316671073436737e-02
4.009022414684295654e-01
3.590590357780456543e-01
-3.353863209486007690e-02
3.050176799297332764e-01
5.274336338043212891e-01
-1.733214594423770905e-02
3.133361935615539551e-01
4.418255686759948730e-01
-3.321367502212524414e-02
3.245958089828491211e-01
3.907642960548400879e-01
-3.908923268318176270e-02
3.358502984046936035e-01
3.503178954124450684e-01
-3.987130522727966309e-02
2.703983783721923828e-01
5.393770337104797363e-01
-3.060709871351718903e-02
2.539535760879516602e-01
4.731559455394744873e-01
-4.454752430319786072e-02
2.483368813991546631e-01
4.270804524421691895e-01
-4.550022259354591370e-02
2.469691038131713867e-01
3.868760466575622559e-01
-4.251813888549804688e-02
