2.831539511680603027e-01
7.460386753082275391e-01
3.410633269140816992e-07
3.437553644180297852e-01
7.165310382843017578e-01
-1.416588202118873596e-02
3.963419795036315918e-01
6.681078076362609863e-01
-2.245452441275119781e-02
4.321791529655456543e-01
6.209501624107360840e-01
-3.335345163941383362e-02
4.575499594211578369e-01
5.806871652603149414e-01
-4.275109246373176575e-02
3.636379241943359375e-01
5.651714801788330078e-01
9.250366128981113434e-04
4.092598259449005127e-01
5.248295068740844727e-01
-2.679680660367012024e-02
4.366960525512695312e-01
5.325518250465393066e-01
-4.992178454995155334e-02
4.538917541503906250e-01
5.563639402389526367e-01
-6.093566492199897766e-02
3.355975151062011719e-01
5.366276502609252930e-01
-4.929028451442718506e-03
3.624303340911865234e-01
4.542717635631561279e-01
-1.814909093081951141e-02
3.841412365436553955e-01
4.041948318481445312e-01
-2.890207245945930481e-02
4.011864066123962402e-01
3.618068099021911621e-01
-3.531344607472419739e-02
3.047234416007995605e-01
5.283229351043701172e-01
-1.625737547874450684e-02
3.122022449970245361e-01
4.419384002685546875e-01
-3.096591867506504059e-02
3.231131136417388916e-01
3.901317119598388672e-01
-3.845905885100364685e-02
3.352082371711730957e-01
3.497920930385589600e-01
-4.141416400671005249e-02
2.708852887153625488e-01
5.401705503463745117e-01
-2.986413612961769104e-02
2.544921636581420898e-01
4.746497273445129395e-01
-4.277845844626426697e-02
2.491643875837326050e-01
4.286028146743774414e-01
-4.460811987519264221e-02
2.492661625146865845e-01
3.886396586894989014e-01
-4.309140518307685852e-02
