2.913281619548797607e-01
7.458323836326599121e-01
3.571572619875951204e-07
3.523328900337219238e-01
7.201076149940490723e-01
-1.612082310020923615e-02
4.072297811508178711e-01
6.729227900505065918e-01
-2.574507519602775574e-02
4.455815255641937256e-01
6.268852353096008301e-01
-3.758203983306884766e-02
4.732493162155151367e-01
5.870944857597351074e-01
-4.787308722734451294e-02
3.739384710788726807e-01
5.666463971138000488e-01
-9.369993931613862514e-04
4.175044298171997070e-01
5.311243534088134766e-01
-2.781630866229534149e-02
4.455228447914123535e-01
5.354700684547424316e-01
-4.954888671636581421e-02
4.645933508872985840e-01
5.563451647758483887e-01
-5.949990823864936829e-02
3.471320867538452148e-01
5.373497605323791504e-01
-5.978398025035858154e-03
3.752481937408447266e-01
4.576405882835388184e-01
-1.817021891474723816e-02
3.972603678703308105e-01
4.074640274047851562e-01
-2.656187862157821655e-02
4.141167104244232178e-01
3.634507060050964355e-01
-3.067799471318721771e-02
3.170841038227081299e-01
5.280793309211730957e-01
-1.663276925683021545e-02
3.265885412693023682e-01
4.433670043945312500e-01
-3.116820380091667175e-02
3.386573791503906250e-01
3.925145864486694336e-01
-3.654887899756431580e-02
3.506607115268707275e-01
3.524046242237091064e-01
-3.734694793820381165e-02
2.828240692615509033e-01
5.394163131713867188e-01
-2.980142645537853241e-02
2.668590247631072998e-01
4.739334881305694580e-01
-4.286951571702957153e-02
2.620111703872680664e-01
4.279087781906127930e-01
-4.352471977472305298e-02
2.616353929042816162e-01
3.883881866931915283e-01
-4.058304801583290100e-02
