2.930078804492950439e-01
7.460161447525024414e-01
3.704000164361787029e-07
3.534485399723052979e-01
7.180714607238769531e-01
-1.483607944101095200e-02
4.081131219863891602e-01
6.708104014396667480e-01
-2.385567687451839447e-02
4.476885795593261719e-01
6.243721246719360352e-01
-3.512796387076377869e-02
4.759212732315063477e-01
5.857424139976501465e-01
-4.501464962959289551e-02
3.749179244041442871e-01
5.700367689132690430e-01
-4.576262654154561460e-06
4.190357923507690430e-01
5.323899984359741211e-01
-2.541133388876914978e-02
4.466167688369750977e-01
5.360175967216491699e-01
-4.637176170945167542e-02
4.650654792785644531e-01
5.549597144126892090e-01
-5.634282156825065613e-02
3.476576805114746094e-01
5.396847724914550781e-01
-5.489934701472520828e-03
3.756119310855865479e-01
4.569774568080902100e-01
-1.715794391930103302e-02
3.979716897010803223e-01
4.078317880630493164e-01
-2.578432299196720123e-02
4.160981178283691406e-01
3.652904033660888672e-01
-3.056050837039947510e-02
3.175226747989654541e-01
5.294374227523803711e-01
-1.633207686245441437e-02
3.260940909385681152e-01
4.437482357025146484e-01
-2.992013469338417053e-02
3.381312787532806396e-01
3.932344317436218262e-01
-3.556753695011138916e-02
3.512199819087982178e-01
3.538223803043365479e-01
-3.722298890352249146e-02
2.837832272052764893e-01
5.396762490272521973e-01
-2.953477576375007629e-02
2.681577801704406738e-01
4.739229679107666016e-01
-4.165849834680557251e-02
2.636720240116119385e-01
4.281948208808898926e-01
-4.239124059677124023e-02
2.644186913967132568e-01
3.888419866561889648e-01
-4.009947180747985840e-02
