3.010593950748443604e-01
7.457939386367797852e-01
3.586533239285927266e-07
3.619990050792694092e-01
7.200835943222045898e-01
-1.684595458209514618e-02
4.173317849636077881e-01
6.740688085556030273e-01
-2.649683132767677307e-02
4.570069313049316406e-01
6.280521750450134277e-01
-3.776066377758979797e-02
4.859424829483032227e-01
5.882282257080078125e-01
-4.744572937488555908e-02
3.843272924423217773e-01
5.682843327522277832e-01
-3.280929988250136375e-03
4.323050677776336670e-01
5.312620997428894043e-01
-2.952351793646812439e-02
4.600325226783752441e-01
5.382991433143615723e-01
-5.088478699326515198e-02
4.774785339832305908e-01
5.593470931053161621e-01
-6.102015450596809387e-02
3.585632443428039551e-01
5.388754010200500488e-01
-7.743840571492910385e-03
3.897056281566619873e-01
4.589525461196899414e-01
-2.091695368289947510e-02
4.122312068939208984e-01
4.091302752494812012e-01
-3.113526664674282074e-02
4.282230138778686523e-01
3.674557209014892578e-01
-3.691264241933822632e-02
3.288245201110839844e-01
5.296283960342407227e-01
-1.746561750769615173e-02
3.399899601936340332e-01
4.442673325538635254e-01
-3.286300972104072571e-02
3.528177738189697266e-01
3.940130174160003662e-01
-4.044413566589355469e-02
3.649885654449462891e-01
3.552026450634002686e-01
-4.312620684504508972e-02
2.956024706363677979e-01
5.404880642890930176e-01
-2.947989292442798615e-02
2.817850112915039062e-01
4.745853245258331299e-01
-4.324234277009963989e-02
2.774494290351867676e-01
4.285656809806823730e-01
-4.519224539399147034e-02
2.769290506839752197e-01
3.888145685195922852e-01
-4.351563751697540283e-02
