2.519346475601196289e-01
7.438535690307617188e-01
4.067484837833035272e-07
3.150611221790313721e-01
7.093522548675537109e-01
-1.937569119036197662e-02
3.701185584068298340e-01
6.551270484924316406e-01
-3.034744597971439362e-02
4.071928560733795166e-01
6.039189696311950684e-01
-4.352029785513877869e-02
4.290529489517211914e-01
5.576437711715698242e-01
-5.488768219947814941e-02
3.319686651229858398e-01
5.510275363922119141e-01
-1.085359486751258373e-03
3.739360570907592773e-01
5.122011899948120117e-01
-2.887536771595478058e-02
4.027451872825622559e-01
5.169115066528320312e-01
-5.095584690570831299e-02
4.226866662502288818e-01
5.372797846794128418e-01
-6.084276363253593445e-02
3.026351034641265869e-01
5.227205157279968262e-01
-5.181762855499982834e-03
3.286989927291870117e-01
4.396984577178955078e-01
-1.757195591926574707e-02
3.492349386215209961e-01
3.865507543087005615e-01
-2.477290108799934387e-02
3.665378689765930176e-01
3.375614285469055176e-01
-2.810701541602611542e-02
2.706792056560516357e-01
5.148638486862182617e-01
-1.571241207420825958e-02
2.774154841899871826e-01
4.290253520011901855e-01
-3.034714609384536743e-02
2.884091138839721680e-01
3.769528567790985107e-01
-3.372279182076454163e-02
3.003911077976226807e-01
3.356732130050659180e-01
-3.320685401558876038e-02
2.349110841751098633e-01
5.279517173767089844e-01
-2.942562848329544067e-02
2.167354673147201538e-01
4.632950425148010254e-01
-4.267869144678115845e-02
2.101696133613586426e-01
4.164261817932128906e-01
-4.252150654792785645e-02
2.084862738847732544e-01
3.755548000335693359e-01
-3.901631012558937073e-02
