3.036801218986511230e-01
7.471788525581359863e-01
3.892631639246246777e-07
3.646145761013031006e-01
7.188783288002014160e-01
-1.655030436813831329e-02
4.179984033107757568e-01
6.746912002563476562e-01
-2.663487941026687622e-02
4.574736356735229492e-01
6.291801333427429199e-01
-3.870625793933868408e-02
4.845305085182189941e-01
5.871724486351013184e-01
-4.927591606974601746e-02
3.845596015453338623e-01
5.712235569953918457e-01
-2.939226571470499039e-03
4.321641921997070312e-01
5.330022573471069336e-01
-3.047794289886951447e-02
4.611715674400329590e-01
5.395873188972473145e-01
-5.268723517656326294e-02
4.800904691219329834e-01
5.609422326087951660e-01
-6.333033740520477295e-02
3.581204414367675781e-01
5.410662293434143066e-01
-8.030827157199382782e-03
3.869580030441284180e-01
4.576685726642608643e-01
-2.228717505931854248e-02
4.107010364532470703e-01
4.094654023647308350e-01
-3.265559673309326172e-02
4.293184578418731689e-01
3.693320751190185547e-01
-3.853145614266395569e-02
3.283163905143737793e-01
5.322702527046203613e-01
-1.859690807759761810e-02
3.367367088794708252e-01
4.456916451454162598e-01
-3.471435979008674622e-02
3.493470251560211182e-01
3.943106532096862793e-01
-4.189042374491691589e-02
3.626920580863952637e-01
3.542706072330474854e-01
-4.429512098431587219e-02
2.959892153739929199e-01
5.433976650238037109e-01
-3.149961680173873901e-02
2.817465066909790039e-01
4.766511917114257812e-01
-4.590277001261711121e-02
2.777037918567657471e-01
4.296422600746154785e-01
-4.798107966780662537e-02
2.783418893814086914e-01
3.885554373264312744e-01
-4.638686776161193848e-02
