3.038912415504455566e-01
7.479014396667480469e-01
3.810735904608009150e-07
3.651204407215118408e-01
7.198860645294189453e-01
-1.601691730320453644e-02
4.182156026363372803e-01
6.742944717407226562e-01
-2.578788064420223236e-02
4.584631323814392090e-01
6.281422376632690430e-01
-3.770118579268455505e-02
4.858940839767456055e-01
5.869497060775756836e-01
-4.809014126658439636e-02
3.852736353874206543e-01
5.713024139404296875e-01
-1.618685200810432434e-03
4.324533045291900635e-01
5.321608185768127441e-01
-2.867372334003448486e-02
4.608353078365325928e-01
5.383361577987670898e-01
-5.062260478734970093e-02
4.790630936622619629e-01
5.598323345184326172e-01
-6.099592149257659912e-02
3.586830496788024902e-01
5.411309003829956055e-01
-6.727986969053745270e-03
3.868986964225769043e-01
4.577963054180145264e-01
-2.018220163881778717e-02
4.104903936386108398e-01
4.094178676605224609e-01
-2.998736873269081116e-02
4.290944933891296387e-01
3.688675463199615479e-01
-3.546582907438278198e-02
3.288841843605041504e-01
5.321459174156188965e-01
-1.735170371830463409e-02
3.368932902812957764e-01
4.453977346420288086e-01
-3.269016370177268982e-02
3.495598137378692627e-01
3.944582939147949219e-01
-3.940505534410476685e-02
3.628983497619628906e-01
3.549150824546813965e-01
-4.150686413049697876e-02
2.966443002223968506e-01
5.430561304092407227e-01
-3.033186867833137512e-02
2.818820774555206299e-01
4.761000275611877441e-01
-4.404310882091522217e-02
2.779037356376647949e-01
4.293663501739501953e-01
-4.576510936021804810e-02
2.787489891052246094e-01
3.887981772422790527e-01
-4.394819587469100952e-02
