3.129563331604003906e-01
7.464864253997802734e-01
3.276201994140137685e-07
3.735613822937011719e-01
7.232176065444946289e-01
-1.476115453988313675e-02
4.292712211608886719e-01
6.741183996200561523e-01
-2.213370986282825470e-02
4.677871167659759521e-01
6.288939714431762695e-01
-3.139312192797660828e-02
4.961948394775390625e-01
5.908836126327514648e-01
-3.905285894870758057e-02
3.976414799690246582e-01
5.679616332054138184e-01
-3.269932931289076805e-04
4.447459578514099121e-01
5.312747359275817871e-01
-2.590389177203178406e-02
4.731116592884063721e-01
5.404133796691894531e-01
-4.790522530674934387e-02
4.915184378623962402e-01
5.631952881813049316e-01
-5.869518220424652100e-02
3.715885877609252930e-01
5.388706922531127930e-01
-5.274886731058359146e-03
4.011891186237335205e-01
4.603259265422821045e-01
-1.769584417343139648e-02
4.245066940784454346e-01
4.111514985561370850e-01
-2.902675233781337738e-02
4.414211213588714600e-01
3.696428537368774414e-01
-3.609778732061386108e-02
3.418566882610321045e-01
5.294215083122253418e-01
-1.530173886567354202e-02
3.527224361896514893e-01
4.450360536575317383e-01
-2.940247952938079834e-02
3.653142154216766357e-01
3.957307934761047363e-01
-3.759204596281051636e-02
3.776617944240570068e-01
3.561904430389404297e-01
-4.120241478085517883e-02
3.088425397872924805e-01
5.397935509681701660e-01
-2.754764817655086517e-02
2.961479723453521729e-01
4.738889932632446289e-01
-3.954156488180160522e-02
2.923366427421569824e-01
4.283945560455322266e-01
-4.122408106923103333e-02
2.925899624824523926e-01
3.885365724563598633e-01
-3.992623090744018555e-02
