3.235919475555419922e-01
7.452384233474731445e-01
3.479397321370925056e-07
3.854549527168273926e-01
7.209994792938232422e-01
-1.508750766515731812e-02
4.418952465057373047e-01
6.730400323867797852e-01
-2.292659506201744080e-02
4.815292358398437500e-01
6.282359957695007324e-01
-3.281883150339126587e-02
5.090389251708984375e-01
5.886653065681457520e-01
-4.097920656204223633e-02
4.089148640632629395e-01
5.684199929237365723e-01
5.413967883214354515e-04
4.573916196823120117e-01
5.345591902732849121e-01
-2.595946751534938812e-02
4.865756630897521973e-01
5.439752340316772461e-01
-4.780400171875953674e-02
5.053235292434692383e-01
5.684750676155090332e-01
-5.785462632775306702e-02
3.842256069183349609e-01
5.390775799751281738e-01
-3.965306095778942108e-03
4.147867858409881592e-01
4.621597230434417725e-01
-1.594799570739269257e-02
4.367951154708862305e-01
4.133493304252624512e-01
-2.521762996912002563e-02
4.526470005512237549e-01
3.702354133129119873e-01
-3.018689341843128204e-02
3.556212782859802246e-01
5.291254520416259766e-01
-1.393632125109434128e-02
3.669923543930053711e-01
4.452137947082519531e-01
-2.803731523454189301e-02
3.796762228012084961e-01
3.961439728736877441e-01
-3.378593176603317261e-02
3.915970325469970703e-01
3.567367196083068848e-01
-3.499845787882804871e-02
3.225129544734954834e-01
5.386041402816772461e-01
-2.629252336919307709e-02
3.096100986003875732e-01
4.738945364952087402e-01
-3.853281587362289429e-02
3.060524463653564453e-01
4.282526373863220215e-01
-3.899839520454406738e-02
3.064784705638885498e-01
3.884432613849639893e-01
-3.606120496988296509e-02
