3.273947834968566895e-01
7.460490465164184570e-01
3.614710522015229799e-07
3.883885443210601807e-01
7.196039557456970215e-01
-1.370579656213521957e-02
4.433145821094512939e-01
6.729075312614440918e-01
-2.053079940378665924e-02
4.819513261318206787e-01
6.288369297981262207e-01
-2.963002771139144897e-02
5.074777007102966309e-01
5.889366865158081055e-01
-3.712801262736320496e-02
4.099055230617523193e-01
5.699918866157531738e-01
2.716905204579234123e-03
4.574618339538574219e-01
5.359244346618652344e-01
-2.274758927524089813e-02
4.866943061351776123e-01
5.457664132118225098e-01
-4.510079696774482727e-02
5.058605670928955078e-01
5.686267614364624023e-01
-5.628914758563041687e-02
3.841233551502227783e-01
5.399060249328613281e-01
-2.836270257830619812e-03
4.126317501068115234e-01
4.605283141136169434e-01
-1.473767310380935669e-02
4.361832439899444580e-01
4.134108424186706543e-01
-2.572508715093135834e-02
4.547021687030792236e-01
3.721593022346496582e-01
-3.276718780398368835e-02
3.549150228500366211e-01
5.303856730461120605e-01
-1.374268904328346252e-02
3.645680546760559082e-01
4.462333321571350098e-01
-2.758069708943367004e-02
3.770355880260467529e-01
3.963797092437744141e-01
-3.529160842299461365e-02
3.900741934776306152e-01
3.560951054096221924e-01
-3.863739594817161560e-02
3.225678205490112305e-01
5.399602651596069336e-01
-2.688754349946975708e-02
3.104048669338226318e-01
4.736451208591461182e-01
-3.897223621606826782e-02
3.072440624237060547e-01
4.278264641761779785e-01
-4.060830175876617432e-02
3.086958229541778564e-01
3.872331678867340088e-01
-3.927046805620193481e-02
