3.333646357059478760e-01
7.468165159225463867e-01
3.345203936078178231e-07
3.935083448886871338e-01
7.234572172164916992e-01
-1.492719724774360657e-02
4.493426680564880371e-01
6.753017902374267578e-01
-2.294878289103507996e-02
4.898002743721008301e-01
6.315026283264160156e-01
-3.314419463276863098e-02
5.186056494712829590e-01
5.938398838043212891e-01
-4.163814708590507507e-02
4.174890518188476562e-01
5.694909095764160156e-01
8.935979567468166351e-04
4.648348391056060791e-01
5.330309271812438965e-01
-2.544820867478847504e-02
4.929876625537872314e-01
5.434989333152770996e-01
-4.776328429579734802e-02
5.101684927940368652e-01
5.682672262191772461e-01
-5.840557813644409180e-02
3.930114507675170898e-01
5.402001142501831055e-01
-4.118510056287050247e-03
4.231874048709869385e-01
4.633598327636718750e-01
-1.651227474212646484e-02
4.467000365257263184e-01
4.149488210678100586e-01
-2.772837877273559570e-02
4.641586840152740479e-01
3.720060288906097412e-01
-3.462588042020797729e-02
3.647176027297973633e-01
5.301291346549987793e-01
-1.447779219597578049e-02
3.766956031322479248e-01
4.467161893844604492e-01
-2.850287593901157379e-02
3.903818130493164062e-01
3.982109427452087402e-01
-3.613651916384696960e-02
4.034268260002136230e-01
3.587841391563415527e-01
-3.930820524692535400e-02
3.324835598468780518e-01
5.390813946723937988e-01
-2.717912942171096802e-02
3.210862278938293457e-01
4.736084938049316406e-01
-3.904065117239952087e-02
3.185824751853942871e-01
4.282099008560180664e-01
-4.041018709540367126e-02
3.199851810932159424e-01
3.883388042449951172e-01
-3.882637992501258850e-02
