3.353002667427062988e-01
7.459592819213867188e-01
3.686615173137397505e-07
3.958560228347778320e-01
7.202614545822143555e-01
-1.475705578923225403e-02
4.503277838230133057e-01
6.747708320617675781e-01
-2.378148213028907776e-02
4.910247921943664551e-01
6.315483450889587402e-01
-3.551550209522247314e-02
5.186922550201416016e-01
5.926169753074645996e-01
-4.573410749435424805e-02
4.193354249000549316e-01
5.706474781036376953e-01
2.126201754435896873e-03
4.655106663703918457e-01
5.366549491882324219e-01
-2.365308627486228943e-02
4.942854046821594238e-01
5.449737310409545898e-01
-4.520293697714805603e-02
5.128291845321655273e-01
5.671497583389282227e-01
-5.544044822454452515e-02
3.942224979400634766e-01
5.404418706893920898e-01
-3.633924992755055428e-03
4.222873449325561523e-01
4.625350832939147949e-01
-1.532300561666488647e-02
4.459965527057647705e-01
4.151961505413055420e-01
-2.405648864805698395e-02
4.652603268623352051e-01
3.718679547309875488e-01
-2.889309823513031006e-02
3.657613992691040039e-01
5.304048061370849609e-01
-1.504479069262742996e-02
3.756458163261413574e-01
4.474229216575622559e-01
-2.862456068396568298e-02
3.893108963966369629e-01
3.979511559009552002e-01
-3.366233780980110168e-02
4.028437435626983643e-01
3.581636548042297363e-01
-3.468063473701477051e-02
3.340046405792236328e-01
5.399306416511535645e-01
-2.903468534350395203e-02
3.219353854656219482e-01
4.737518131732940674e-01
-4.123718664050102234e-02
3.193648755550384521e-01
4.275758564472198486e-01
-4.161373153328895569e-02
3.208338022232055664e-01
3.878354430198669434e-01
-3.884417563676834106e-02
