3.439818918704986572e-01
7.432135939598083496e-01
3.764420455354411388e-07
4.045580923557281494e-01
7.183300256729125977e-01
-1.459563337266445160e-02
4.614577889442443848e-01
6.708656549453735352e-01
-2.310133911669254303e-02
5.020795464515686035e-01
6.273645758628845215e-01
-3.389770537614822388e-02
5.285587310791015625e-01
5.874501466751098633e-01
-4.307625815272331238e-02
4.270754456520080566e-01
5.677695274353027344e-01
-3.457283601164817810e-04
4.734831154346466064e-01
5.357978940010070801e-01
-2.621805109083652496e-02
5.026597976684570312e-01
5.439733266830444336e-01
-4.680054262280464172e-02
5.212154388427734375e-01
5.662708282470703125e-01
-5.605961009860038757e-02
4.022439420223236084e-01
5.386524796485900879e-01
-5.788944661617279053e-03
4.316881299018859863e-01
4.615473747253417969e-01
-1.838089898228645325e-02
4.555062651634216309e-01
4.122961163520812988e-01
-2.717276290059089661e-02
4.735096395015716553e-01
3.690424859523773193e-01
-3.147505968809127808e-02
3.740366399288177490e-01
5.281174778938293457e-01
-1.649188622832298279e-02
3.857139647006988525e-01
4.433142244815826416e-01
-3.122282400727272034e-02
3.996462821960449219e-01
3.950341045856475830e-01
-3.620977699756622314e-02
4.123077690601348877e-01
3.579031825065612793e-01
-3.657383844256401062e-02
3.424601852893829346e-01
5.360741615295410156e-01
-2.952011488378047943e-02
3.323197960853576660e-01
4.700948596000671387e-01
-4.226977378129959106e-02
3.302689492702484131e-01
4.241652488708496094e-01
-4.242777824401855469e-02
3.319335281848907471e-01
3.853178620338439941e-01
-3.908134996891021729e-02
