3.444405794143676758e-01
7.400364279747009277e-01
3.789408822285622591e-07
4.065032303333282471e-01
7.153425216674804688e-01
-1.397726498544216156e-02
4.611903727054595947e-01
6.706722974777221680e-01
-2.289170771837234497e-02
5.023522377014160156e-01
6.281471252441406250e-01
-3.458301350474357605e-02
5.280128121376037598e-01
5.871035456657409668e-01
-4.484049230813980103e-02
4.275055527687072754e-01
5.674855709075927734e-01
2.724565565586090088e-03
4.714832305908203125e-01
5.361965298652648926e-01
-2.202071808278560638e-02
5.009716153144836426e-01
5.436171889305114746e-01
-4.261333122849464417e-02
5.203354358673095703e-01
5.648262500762939453e-01
-5.236734822392463684e-02
4.027995169162750244e-01
5.385112166404724121e-01
-3.593841800466179848e-03
4.305046498775482178e-01
4.598918557167053223e-01
-1.483258605003356934e-02
4.542658329010009766e-01
4.121160209178924561e-01
-2.301172539591789246e-02
4.735482335090637207e-01
3.685554862022399902e-01
-2.753733657300472260e-02
3.748721778392791748e-01
5.283946394920349121e-01
-1.546155009418725967e-02
3.844958841800689697e-01
4.446624517440795898e-01
-2.878025360405445099e-02
3.979618847370147705e-01
3.952447474002838135e-01
-3.349428251385688782e-02
4.111124277114868164e-01
3.563104867935180664e-01
-3.437123075127601624e-02
3.440512418746948242e-01
5.368691682815551758e-01
-2.982466667890548706e-02
3.320786952972412109e-01
4.707335531711578369e-01
-4.163672775030136108e-02
3.298408389091491699e-01
4.246654212474822998e-01
-4.174229875206947327e-02
3.317760229110717773e-01
3.852107524871826172e-01
-3.898358717560768127e-02
