3.492541313171386719e-01
7.271722555160522461e-01
3.868502460591116687e-07
4.107283651828765869e-01
7.041818499565124512e-01
-1.557336561381816864e-02
4.683082699775695801e-01
6.597934961318969727e-01
-2.468807250261306763e-02
5.088735222816467285e-01
6.179710030555725098e-01
-3.582970052957534790e-02
5.331791639328002930e-01
5.789952278137207031e-01
-4.542578011751174927e-02
4.358897209167480469e-01
5.593625903129577637e-01
-1.631564926356077194e-03
4.824457764625549316e-01
5.274824500083923340e-01
-2.713091671466827393e-02
5.100220441818237305e-01
5.370683670043945312e-01
-4.740902781486511230e-02
5.266689062118530273e-01
5.595651268959045410e-01
-5.646121874451637268e-02
4.104497730731964111e-01
5.301079750061035156e-01
-6.578203756362199783e-03
4.409569501876831055e-01
4.536138176918029785e-01
-1.867373287677764893e-02
4.644790589809417725e-01
4.054648578166961670e-01
-2.748027071356773376e-02
4.826369583606719971e-01
3.625476956367492676e-01
-3.222701698541641235e-02
3.818224072456359863e-01
5.193442702293395996e-01
-1.684464141726493835e-02
3.934645652770996094e-01
4.378611147403717041e-01
-3.093581274151802063e-02
4.067557156085968018e-01
3.891152143478393555e-01
-3.694599121809005737e-02
4.190855622291564941e-01
3.506149947643280029e-01
-3.864368423819541931e-02
3.503654897212982178e-01
5.259727239608764648e-01
-2.948577515780925751e-02
3.402064442634582520e-01
4.614197015762329102e-01
-4.201465100049972534e-02
3.377870023250579834e-01
4.167065918445587158e-01
-4.299555346369743347e-02
3.397248387336730957e-01
3.774871230125427246e-01
-4.078436270356178284e-02
