2.548162341117858887e-01
7.398237586021423340e-01
3.800555248290038435e-07
3.155847191810607910e-01
7.091922163963317871e-01
-1.722152717411518097e-02
3.684859871864318848e-01
6.587594151496887207e-01
-2.707199379801750183e-02
4.048589468002319336e-01
6.086575984954833984e-01
-3.908327594399452209e-02
4.275204241275787354e-01
5.636603832244873047e-01
-4.942717030644416809e-02
3.325288295745849609e-01
5.539417266845703125e-01
-6.564501090906560421e-04
3.738819360733032227e-01
5.116209983825683594e-01
-2.800247259438037872e-02
4.021554291248321533e-01
5.150797367095947266e-01
-5.063969641923904419e-02
4.220265448093414307e-01
5.347995162010192871e-01
-6.131711229681968689e-02
3.030894696712493896e-01
5.259820818901062012e-01
-5.365346558392047882e-03
3.294627964496612549e-01
4.423530101776123047e-01
-1.802747324109077454e-02
3.496117591857910156e-01
3.896398842334747314e-01
-2.758794836699962616e-02
3.659119307994842529e-01
3.415396213531494141e-01
-3.315292671322822571e-02
2.713871002197265625e-01
5.178997516632080078e-01
-1.593548618257045746e-02
2.789113819599151611e-01
4.327180385589599609e-01
-3.043099120259284973e-02
2.893260419368743896e-01
3.802379071712493896e-01
-3.638910874724388123e-02
3.009243607521057129e-01
3.383331894874572754e-01
-3.824645280838012695e-02
2.356057018041610718e-01
5.294335484504699707e-01
-2.924391813576221466e-02
2.174480855464935303e-01
4.649539589881896973e-01
-4.181725159287452698e-02
2.113977521657943726e-01
4.186919927597045898e-01
-4.275540634989738464e-02
2.111725211143493652e-01
3.775094151496887207e-01
-4.065008088946342468e-02
