3.515965938568115234e-01
7.265778779983520508e-01
3.810168607287778286e-07
4.123239815235137939e-01
7.021411657333374023e-01
-1.323194522410631180e-02
4.658807516098022461e-01
6.604319810867309570e-01
-2.174556814134120941e-02
5.062629580497741699e-01
6.201688051223754883e-01
-3.317634761333465576e-02
5.285716652870178223e-01
5.780353546142578125e-01
-4.304446280002593994e-02
4.338430464267730713e-01
5.605926513671875000e-01
2.497791545465588570e-03
4.781371355056762695e-01
5.297425985336303711e-01
-2.356613986194133759e-02
5.070977210998535156e-01
5.373048186302185059e-01
-4.445144534111022949e-02
5.257301330566406250e-01
5.605252981185913086e-01
-5.370192974805831909e-02
4.098236262798309326e-01
5.312813520431518555e-01
-3.688358701765537262e-03
4.392722845077514648e-01
4.534263014793395996e-01
-1.506126020103693008e-02
4.626536369323730469e-01
4.060108959674835205e-01
-2.272093482315540314e-02
4.822485446929931641e-01
3.626670837402343750e-01
-2.665211074054241180e-02
3.825219571590423584e-01
5.198433399200439453e-01
-1.548327412456274033e-02
3.928625881671905518e-01
4.368517398834228516e-01
-2.869023755192756653e-02
4.056127369403839111e-01
3.865072727203369141e-01
-3.295679762959480286e-02
4.183672070503234863e-01
3.471980988979339600e-01
-3.341666609048843384e-02
3.515957593917846680e-01
5.260232686996459961e-01
-2.974320389330387115e-02
3.399704694747924805e-01
4.604766964912414551e-01
-4.123007506132125854e-02
3.380390405654907227e-01
4.145410656929016113e-01
-4.120749235153198242e-02
3.410235941410064697e-01
3.748990297317504883e-01
-3.824007511138916016e-02
