3.535048365592956543e-01
7.250896692276000977e-01
3.826837655651615933e-07
4.135833978652954102e-01
7.006859183311462402e-01
-1.263569016009569168e-02
4.660167992115020752e-01
6.597693562507629395e-01
-2.084407769143581390e-02
5.058957934379577637e-01
6.202920079231262207e-01
-3.197564929723739624e-02
5.285764932632446289e-01
5.791542530059814453e-01
-4.154567047953605652e-02
4.337384700775146484e-01
5.591634511947631836e-01
3.361967159435153008e-03
4.779637455940246582e-01
5.299784541130065918e-01
-2.185415290296077728e-02
5.069518089294433594e-01
5.363984107971191406e-01
-4.207323119044303894e-02
5.256361961364746094e-01
5.583981871604919434e-01
-5.095796659588813782e-02
4.099387824535369873e-01
5.298244953155517578e-01
-2.979862736538052559e-03
4.384983479976654053e-01
4.523956775665283203e-01
-1.392257492989301682e-02
4.623044431209564209e-01
4.059029519557952881e-01
-2.103048563003540039e-02
4.820164442062377930e-01
3.639801144599914551e-01
-2.434147335588932037e-02
3.829048871994018555e-01
5.185019969940185547e-01
-1.483505871146917343e-02
3.929499983787536621e-01
4.358253479003906250e-01
-2.787271887063980103e-02
4.058347046375274658e-01
3.860416412353515625e-01
-3.179360181093215942e-02
4.186513721942901611e-01
3.473232984542846680e-01
-3.179953247308731079e-02
3.524675071239471436e-01
5.248152613639831543e-01
-2.906252816319465637e-02
3.399749994277954102e-01
4.601460099220275879e-01
-4.066782072186470032e-02
3.376712799072265625e-01
4.149649143218994141e-01
-4.044824093580245972e-02
3.402762115001678467e-01
3.761423528194427490e-01
-3.709713742136955261e-02
