3.478945195674896240e-01
7.095530033111572266e-01
3.863134452330996282e-07
4.078212380409240723e-01
6.878423690795898438e-01
-1.427886448800563812e-02
4.647122025489807129e-01
6.458340883255004883e-01
-2.286054566502571106e-02
5.064363479614257812e-01
6.051959395408630371e-01
-3.354937583208084106e-02
5.322168469429016113e-01
5.671047568321228027e-01
-4.281177744269371033e-02
4.382554888725280762e-01
5.444558262825012207e-01
2.967892447486519814e-03
4.817312657833099365e-01
5.155856609344482422e-01
-1.837196201086044312e-02
5.076406598091125488e-01
5.210987925529479980e-01
-3.604055568575859070e-02
5.243411064147949219e-01
5.393958091735839844e-01
-4.410402104258537292e-02
4.130840897560119629e-01
5.144765377044677734e-01
-2.147079212591052055e-03
4.417411684989929199e-01
4.418438374996185303e-01
-1.176844723522663116e-02
4.639858007431030273e-01
3.977603912353515625e-01
-1.834979839622974396e-02
4.825177192687988281e-01
3.582237064838409424e-01
-2.149452827870845795e-02
3.839425444602966309e-01
5.032539963722229004e-01
-1.255039498209953308e-02
3.961982131004333496e-01
4.247923493385314941e-01
-2.538982406258583069e-02
4.085997939109802246e-01
3.785732984542846680e-01
-2.966753765940666199e-02
4.201272726058959961e-01
3.421054482460021973e-01
-3.009206429123878479e-02
3.518760204315185547e-01
5.092787146568298340e-01
-2.519383095204830170e-02
3.426665663719177246e-01
4.455703198909759521e-01
-3.742904961109161377e-02
3.398284614086151123e-01
4.013876318931579590e-01
-3.789566457271575928e-02
3.404948115348815918e-01
3.621539175510406494e-01
-3.515874594449996948e-02
