3.497386872768402100e-01
7.105023860931396484e-01
3.783724480399541790e-07
4.087779819965362549e-01
6.883724331855773926e-01
-1.436698157340288162e-02
4.628703296184539795e-01
6.483992338180541992e-01
-2.381890639662742615e-02
5.033832788467407227e-01
6.089571714401245117e-01
-3.616373986005783081e-02
5.284268260002136230e-01
5.698103308677673340e-01
-4.681634530425071716e-02
4.361793398857116699e-01
5.461627244949340820e-01
3.323405515402555466e-03
4.794760942459106445e-01
5.157665014266967773e-01
-2.154477499425411224e-02
5.070182085037231445e-01
5.231711268424987793e-01
-4.157061874866485596e-02
5.243406295776367188e-01
5.463594198226928711e-01
-5.031110718846321106e-02
4.120000600814819336e-01
5.159571170806884766e-01
-2.129741711542010307e-03
4.405456185340881348e-01
4.414710700511932373e-01
-1.259007770568132401e-02
4.629321098327636719e-01
3.971085548400878906e-01
-1.885166019201278687e-02
4.823822081089019775e-01
3.566040694713592529e-01
-2.142440713942050934e-02
3.844652473926544189e-01
5.039604902267456055e-01
-1.335215289145708084e-02
3.949988782405853271e-01
4.253926873207092285e-01
-2.575922198593616486e-02
4.081380665302276611e-01
3.771545290946960449e-01
-2.855356223881244659e-02
4.210704267024993896e-01
3.395900428295135498e-01
-2.782416716217994690e-02
3.531990945339202881e-01
5.102827548980712891e-01
-2.725584805011749268e-02
3.422907590866088867e-01
4.470512270927429199e-01
-3.836394473910331726e-02
3.402435183525085449e-01
4.021444916725158691e-01
-3.763075172901153564e-02
3.423441350460052490e-01
3.640189170837402344e-01
-3.386399522423744202e-02
