3.545602858066558838e-01
6.952157020568847656e-01
3.957804040055634687e-07
4.136578440666198730e-01
6.718729734420776367e-01
-1.449461933225393295e-02
4.674187600612640381e-01
6.275158524513244629e-01
-2.301618270576000214e-02
5.082942247390747070e-01
5.885016918182373047e-01
-3.369896486401557922e-02
5.311825275421142578e-01
5.491364598274230957e-01
-4.272627830505371094e-02
4.358935952186584473e-01
5.328629016876220703e-01
1.319360220804810524e-03
4.766315817832946777e-01
5.015335679054260254e-01
-2.180313132703304291e-02
5.029148459434509277e-01
5.078184008598327637e-01
-3.983847796916961670e-02
5.195404291152954102e-01
5.290124416351318359e-01
-4.748930037021636963e-02
4.112382829189300537e-01
5.028279423713684082e-01
-3.329908242449164391e-03
4.396677911281585693e-01
4.296048283576965332e-01
-1.365781761705875397e-02
4.617741703987121582e-01
3.881424963474273682e-01
-1.917742937803268433e-02
4.810812175273895264e-01
3.497501909732818604e-01
-2.132988162338733673e-02
3.834134638309478760e-01
4.904616177082061768e-01
-1.347903627902269363e-02
3.941411077976226807e-01
4.135038852691650391e-01
-2.545050159096717834e-02
4.067729711532592773e-01
3.675171732902526855e-01
-2.833078242838382721e-02
4.193140864372253418e-01
3.308387100696563721e-01
-2.796857804059982300e-02
3.530197441577911377e-01
4.953188598155975342e-01
-2.613674476742744446e-02
3.427653908729553223e-01
4.332088828086853027e-01
-3.608521074056625366e-02
3.395462334156036377e-01
3.903113603591918945e-01
-3.510029986500740051e-02
3.405250310897827148e-01
3.532175421714782715e-01
-3.178777545690536499e-02
