3.528961539268493652e-01
6.917880773544311523e-01
3.709699569753865944e-07
4.113941490650177002e-01
6.685858368873596191e-01
-1.453022006899118423e-02
4.632138311862945557e-01
6.249182224273681641e-01
-2.313188649713993073e-02
5.019493103027343750e-01
5.832521319389343262e-01
-3.419528156518936157e-02
5.264011621475219727e-01
5.441365242004394531e-01
-4.359927773475646973e-02
4.327285885810852051e-01
5.282852053642272949e-01
3.690451150760054588e-03
4.741920232772827148e-01
4.985275864601135254e-01
-1.916465349495410919e-02
5.026160478591918945e-01
5.051066875457763672e-01
-3.763490915298461914e-02
5.216022729873657227e-01
5.254458785057067871e-01
-4.589474201202392578e-02
4.096057116985321045e-01
4.992254078388214111e-01
-1.291439984925091267e-03
4.362589716911315918e-01
4.276183247566223145e-01
-1.085870061069726944e-02
4.583330452442169189e-01
3.837981522083282471e-01
-1.664887927472591400e-02
4.769277870655059814e-01
3.423189520835876465e-01
-1.929068006575107574e-02
3.836752474308013916e-01
4.877639710903167725e-01
-1.198528986424207687e-02
3.924208581447601318e-01
4.115934967994689941e-01
-2.358899451792240143e-02
4.052053093910217285e-01
3.636087477207183838e-01
-2.659083344042301178e-02
4.175461530685424805e-01
3.254937529563903809e-01
-2.632009051740169525e-02
3.542949259281158447e-01
4.935984909534454346e-01
-2.537493966519832611e-02
3.422435224056243896e-01
4.316064715385437012e-01
-3.579426556825637817e-02
3.399095833301544189e-01
3.872625231742858887e-01
-3.542160242795944214e-02
3.415913879871368408e-01
3.496173620223999023e-01
-3.235173970460891724e-02
