3.538949489593505859e-01
6.893070936203002930e-01
3.691597214583453024e-07
4.120057225227355957e-01
6.682083606719970703e-01
-1.550391968339681625e-02
4.635067880153656006e-01
6.260408163070678711e-01
-2.415413782000541687e-02
5.014574527740478516e-01
5.842025279998779297e-01
-3.482694923877716064e-02
5.266628861427307129e-01
5.464465022087097168e-01
-4.386145249009132385e-02
4.331234395503997803e-01
5.277262926101684570e-01
1.828709733672440052e-03
4.744203984737396240e-01
4.983251392841339111e-01
-1.991062238812446594e-02
5.024024248123168945e-01
5.041578412055969238e-01
-3.745729103684425354e-02
5.211395621299743652e-01
5.227937698364257812e-01
-4.555328935384750366e-02
4.097480475902557373e-01
4.982403516769409180e-01
-2.332297153770923615e-03
4.361486732959747314e-01
4.270749390125274658e-01
-1.173843443393707275e-02
4.586415290832519531e-01
3.839532732963562012e-01
-1.775734685361385345e-02
4.773450195789337158e-01
3.434517979621887207e-01
-2.072973176836967468e-02
3.836595714092254639e-01
4.868084788322448730e-01
-1.198611687868833542e-02
3.922563195228576660e-01
4.108401536941528320e-01
-2.375539019703865051e-02
4.049757122993469238e-01
3.635866045951843262e-01
-2.773995511233806610e-02
4.171933233737945557e-01
3.261839747428894043e-01
-2.829565294086933136e-02
3.541201949119567871e-01
4.929194152355194092e-01
-2.423894591629505157e-02
3.418885767459869385e-01
4.313640892505645752e-01
-3.545490279793739319e-02
3.394999504089355469e-01
3.876728117465972900e-01
-3.612266480922698975e-02
3.410863876342773438e-01
3.501415252685546875e-01
-3.383921086788177490e-02
