3.557469248771667480e-01
6.917042136192321777e-01
3.537323607361031463e-07
4.134517014026641846e-01
6.675361394882202148e-01
-1.195092126727104187e-02
4.650796055793762207e-01
6.251203417778015137e-01
-1.931955106556415558e-02
5.032216906547546387e-01
5.847378969192504883e-01
-2.954125963151454926e-02
5.290524959564208984e-01
5.480472445487976074e-01
-3.820009529590606689e-02
4.345600306987762451e-01
5.292507410049438477e-01
5.749248899519443512e-03
4.771050214767456055e-01
5.002231001853942871e-01
-1.718867383897304535e-02
5.055711269378662109e-01
5.061132311820983887e-01
-3.639502450823783875e-02
5.246747732162475586e-01
5.256084799766540527e-01
-4.528544470667839050e-02
4.120175838470458984e-01
5.001552104949951172e-01
7.313056994462385774e-05
4.379892349243164062e-01
4.293832182884216309e-01
-9.573215618729591370e-03
4.604699015617370605e-01
3.859270811080932617e-01
-1.612239889800548553e-02
4.785973131656646729e-01
3.462414443492889404e-01
-1.915838569402694702e-02
3.864540755748748779e-01
4.882382154464721680e-01
-1.095229014754295349e-02
3.940317928791046143e-01
4.118697047233581543e-01
-2.245619334280490875e-02
4.064776003360748291e-01
3.661115169525146484e-01
-2.537249401211738586e-02
4.187137186527252197e-01
3.300490975379943848e-01
-2.486483007669448853e-02
3.575059175491333008e-01
4.940857291221618652e-01
-2.440427616238594055e-02
3.441409468650817871e-01
4.338396191596984863e-01
-3.465410321950912476e-02
3.418489396572113037e-01
3.915198743343353271e-01
-3.389746695756912231e-02
3.438518643379211426e-01
3.553200364112854004e-01
-3.032164834439754486e-02
