3.570269942283630371e-01
6.916972398757934570e-01
3.515907849305222044e-07
4.151267707347869873e-01
6.675967574119567871e-01
-1.173721626400947571e-02
4.665933251380920410e-01
6.254470944404602051e-01
-1.890613511204719543e-02
5.043769478797912598e-01
5.858696103096008301e-01
-2.892302721738815308e-02
5.292007923126220703e-01
5.494865775108337402e-01
-3.738423809409141541e-02
4.344667494297027588e-01
5.298379063606262207e-01
5.410410929471254349e-03
4.762046039104461670e-01
5.009539127349853516e-01
-1.706389151513576508e-02
5.049439668655395508e-01
5.074121952056884766e-01
-3.599489107728004456e-02
5.243749618530273438e-01
5.267475247383117676e-01
-4.489536583423614502e-02
4.120295047760009766e-01
5.010727643966674805e-01
-5.438888911157846451e-04
4.376045763492584229e-01
4.297792911529541016e-01
-1.006880402565002441e-02
4.603542089462280273e-01
3.866192102432250977e-01
-1.676433347165584564e-02
4.789160192012786865e-01
3.473881483078002930e-01
-2.017199248075485229e-02
3.866886496543884277e-01
4.893729686737060547e-01
-1.178780198097229004e-02
3.940688371658325195e-01
4.129661321640014648e-01
-2.315585501492023468e-02
4.068621098995208740e-01
3.666042089462280273e-01
-2.673222869634628296e-02
4.194016158580780029e-01
3.303155303001403809e-01
-2.698943577706813812e-02
3.580956161022186279e-01
4.953026175498962402e-01
-2.541315555572509766e-02
3.448717892169952393e-01
4.343881011009216309e-01
-3.560925647616386414e-02
3.424959778785705566e-01
3.914784193038940430e-01
-3.523317724466323853e-02
3.443810641765594482e-01
3.547711968421936035e-01
-3.226000815629959106e-02
