3.602044582366943359e-01
6.968871951103210449e-01
3.384950844065315323e-07
4.151597917079925537e-01
6.751978397369384766e-01
-1.332915760576725006e-02
4.650341570377349854e-01
6.337845325469970703e-01
-2.131469920277595520e-02
5.033307671546936035e-01
5.952941179275512695e-01
-3.188746050000190735e-02
5.280114412307739258e-01
5.577236413955688477e-01
-4.064311832189559937e-02
4.361815154552459717e-01
5.372515916824340820e-01
2.986969891935586929e-03
4.798278212547302246e-01
5.047777891159057617e-01
-2.169890142977237701e-02
5.072461962699890137e-01
5.128578543663024902e-01
-4.137454181909561157e-02
5.240151882171630859e-01
5.352571010589599609e-01
-4.990480095148086548e-02
4.144974052906036377e-01
5.078541636466979980e-01
-2.268187701702117920e-03
4.414333403110504150e-01
4.360423386096954346e-01
-1.367894094437360764e-02
4.644986391067504883e-01
3.930030465126037598e-01
-2.099866606295108795e-02
4.824132621288299561e-01
3.551244139671325684e-01
-2.409260161221027374e-02
3.888315260410308838e-01
4.954859614372253418e-01
-1.293578650802373886e-02
3.969271183013916016e-01
4.184033572673797607e-01
-2.581813558936119080e-02
4.101053178310394287e-01
3.725523948669433594e-01
-2.924426831305027008e-02
4.230618178844451904e-01
3.367519378662109375e-01
-2.864664047956466675e-02
3.596760034561157227e-01
4.999124109745025635e-01
-2.604181319475173950e-02
3.469082713127136230e-01
4.388506710529327393e-01
-3.687835484743118286e-02
3.452111482620239258e-01
3.969977498054504395e-01
-3.612429648637771606e-02
3.480463027954101562e-01
3.619208335876464844e-01
-3.229771926999092102e-02
