2.555444538593292236e-01
7.361882925033569336e-01
3.999406885668577161e-07
3.158798217773437500e-01
7.073844671249389648e-01
-1.796017587184906006e-02
3.676663339138031006e-01
6.577968597412109375e-01
-2.847910672426223755e-02
4.046785235404968262e-01
6.082116365432739258e-01
-4.094621539115905762e-02
4.287281930446624756e-01
5.634052157402038574e-01
-5.170746520161628723e-02
3.335710167884826660e-01
5.529862642288208008e-01
-1.602307660505175591e-03
3.754387497901916504e-01
5.119706988334655762e-01
-2.899130806326866150e-02
4.038389027118682861e-01
5.153920054435729980e-01
-5.125835537910461426e-02
4.233883023262023926e-01
5.359580516815185547e-01
-6.156470626592636108e-02
3.038886189460754395e-01
5.250687003135681152e-01
-6.011934950947761536e-03
3.302315175533294678e-01
4.419061839580535889e-01
-1.880545169115066528e-02
3.504990637302398682e-01
3.893292546272277832e-01
-2.786456979811191559e-02
3.666476011276245117e-01
3.415784239768981934e-01
-3.286158666014671326e-02
2.714695334434509277e-01
5.171461105346679688e-01
-1.633457094430923462e-02
2.790107131004333496e-01
4.328282475471496582e-01
-3.117158077657222748e-02
2.893345355987548828e-01
3.801568746566772461e-01
-3.691443800926208496e-02
3.006045222282409668e-01
3.382915258407592773e-01
-3.836600482463836670e-02
2.348267436027526855e-01
5.285432934761047363e-01
-2.938377670943737030e-02
2.172284424304962158e-01
4.641775488853454590e-01
-4.226172715425491333e-02
2.113467752933502197e-01
4.183058738708496094e-01
-4.315866157412528992e-02
2.111812829971313477e-01
3.777960538864135742e-01
-4.083507880568504333e-02
