3.601745963096618652e-01
6.960715055465698242e-01
3.431354400618147338e-07
4.161765575408935547e-01
6.745827198028564453e-01
-1.313651353120803833e-02
4.663347005844116211e-01
6.329721212387084961e-01
-2.068578265607357025e-02
5.043919682502746582e-01
5.939906835556030273e-01
-3.070024959743022919e-02
5.280678272247314453e-01
5.562147498130798340e-01
-3.905768692493438721e-02
4.379028975963592529e-01
5.382193922996520996e-01
3.267460502684116364e-03
4.805683791637420654e-01
5.076920390129089355e-01
-2.017566189169883728e-02
5.079862475395202637e-01
5.139252543449401855e-01
-3.923635929822921753e-02
5.256303548812866211e-01
5.341345071792602539e-01
-4.777876287698745728e-02
4.155173003673553467e-01
5.086441636085510254e-01
-1.928208861500024796e-03
4.414972364902496338e-01
4.373027980327606201e-01
-1.264628302305936813e-02
4.639641642570495605e-01
3.938879370689392090e-01
-1.970016397535800934e-02
4.819529056549072266e-01
3.551903367042541504e-01
-2.286191657185554504e-02
3.894457221031188965e-01
4.962971806526184082e-01
-1.243165042251348495e-02
3.974290788173675537e-01
4.195317029953002930e-01
-2.497103065252304077e-02
4.100482165813446045e-01
3.741051554679870605e-01
-2.850086241960525513e-02
4.225487112998962402e-01
3.387259244918823242e-01
-2.813347801566123962e-02
3.601580560207366943e-01
5.008692741394042969e-01
-2.532002702355384827e-02
3.475084304809570312e-01
4.398081898689270020e-01
-3.629523515701293945e-02
3.455231189727783203e-01
3.975874781608581543e-01
-3.595464676618576050e-02
3.481188416481018066e-01
3.618398904800415039e-01
-3.252424299716949463e-02
