3.581938445568084717e-01
7.004202008247375488e-01
3.293693566774891224e-07
4.138186872005462646e-01
6.822527050971984863e-01
-1.544811297208070755e-02
4.657855927944183350e-01
6.414780616760253906e-01
-2.412750571966171265e-02
5.045303702354431152e-01
6.023696660995483398e-01
-3.461237996816635132e-02
5.302065014839172363e-01
5.646201372146606445e-01
-4.317365959286689758e-02
4.391493797302246094e-01
5.424286723136901855e-01
-1.047454774379730225e-03
4.832560718059539795e-01
5.113359689712524414e-01
-2.678083255887031555e-02
5.104286670684814453e-01
5.215745568275451660e-01
-4.708219692111015320e-02
5.268729329109191895e-01
5.448356270790100098e-01
-5.614154413342475891e-02
4.167777895927429199e-01
5.132334828376770020e-01
-5.333724897354841232e-03
4.441573023796081543e-01
4.417613744735717773e-01
-1.820475235581398010e-02
4.676208198070526123e-01
3.984545469284057617e-01
-2.642581984400749207e-02
4.852343797683715820e-01
3.601124584674835205e-01
-3.005496226251125336e-02
3.907262980937957764e-01
5.023347139358520508e-01
-1.498216204345226288e-02
3.996937572956085205e-01
4.251425266265869141e-01
-2.975425124168395996e-02
4.131284654140472412e-01
3.792864084243774414e-01
-3.416597098112106323e-02
4.259103834629058838e-01
3.431409597396850586e-01
-3.387694060802459717e-02
3.614364862442016602e-01
5.085346698760986328e-01
-2.705147676169872284e-02
3.496764600276947021e-01
4.467265307903289795e-01
-3.989208489656448364e-02
3.475688099861145020e-01
4.042587876319885254e-01
-4.035678505897521973e-02
3.498041629791259766e-01
3.680943846702575684e-01
-3.704415261745452881e-02
