3.588855266571044922e-01
7.004926204681396484e-01
3.592872985791473184e-07
4.157565236091613770e-01
6.818888187408447266e-01
-1.561822276562452316e-02
4.671072363853454590e-01
6.410400271415710449e-01
-2.473572641611099243e-02
5.055012106895446777e-01
6.013092398643493652e-01
-3.581494092941284180e-02
5.305765271186828613e-01
5.642967820167541504e-01
-4.526387155055999756e-02
4.401749968528747559e-01
5.438441038131713867e-01
-1.283531193621456623e-03
4.817074537277221680e-01
5.156443715095520020e-01
-2.493980713188648224e-02
5.096244812011718750e-01
5.227620005607604980e-01
-4.331149160861968994e-02
5.278267264366149902e-01
5.426260232925415039e-01
-5.165970325469970703e-02
4.171269536018371582e-01
5.146137475967407227e-01
-5.878840573132038116e-03
4.441086053848266602e-01
4.426417648792266846e-01
-1.722699031233787537e-02
4.670928716659545898e-01
3.995176553726196289e-01
-2.365302108228206635e-02
4.856946170330047607e-01
3.599903583526611328e-01
-2.640886604785919189e-02
3.910301923751831055e-01
5.038552880287170410e-01
-1.581733860075473785e-02
3.994725942611694336e-01
4.271636903285980225e-01
-2.953901328146457672e-02
4.124395549297332764e-01
3.798015117645263672e-01
-3.338369354605674744e-02
4.249687194824218750e-01
3.422360122203826904e-01
-3.325039893388748169e-02
3.616956770420074463e-01
5.104660987854003906e-01
-2.826937660574913025e-02
3.498867154121398926e-01
4.486860036849975586e-01
-4.089954867959022522e-02
3.478343188762664795e-01
4.049860239028930664e-01
-4.162192717194557190e-02
3.501576185226440430e-01
3.673795461654663086e-01
-3.894285857677459717e-02
