3.584001064300537109e-01
7.014011740684509277e-01
3.663820393740024883e-07
4.154523909091949463e-01
6.825377345085144043e-01
-1.541955862194299698e-02
4.670274555683135986e-01
6.416337490081787109e-01
-2.441356517374515533e-02
5.054346323013305664e-01
6.022270917892456055e-01
-3.544548898935317993e-02
5.303183794021606445e-01
5.646705031394958496e-01
-4.482953250408172607e-02
4.396981596946716309e-01
5.435800552368164062e-01
-6.715198396705091000e-04
4.816395640373229980e-01
5.158397555351257324e-01
-2.430676296353340149e-02
5.096250176429748535e-01
5.232927799224853516e-01
-4.267710447311401367e-02
5.279130935668945312e-01
5.436410903930664062e-01
-5.095112696290016174e-02
4.167271256446838379e-01
5.144464373588562012e-01
-5.367971956729888916e-03
4.440993666648864746e-01
4.427573978900909424e-01
-1.643438264727592468e-02
4.671096205711364746e-01
3.996884524822235107e-01
-2.254605479538440704e-02
4.856889545917510986e-01
3.604076206684112549e-01
-2.498123236000537872e-02
3.906581103801727295e-01
5.038830041885375977e-01
-1.547776348888874054e-02
3.996388614177703857e-01
4.270237982273101807e-01
-2.913011237978935242e-02
4.128001630306243896e-01
3.795247673988342285e-01
-3.272246196866035461e-02
4.254042804241180420e-01
3.420982062816619873e-01
-3.228120133280754089e-02
3.612697720527648926e-01
5.107197761535644531e-01
-2.809700369834899902e-02
3.496333956718444824e-01
4.488790631294250488e-01
-4.087140038609504700e-02
3.474287390708923340e-01
4.049602746963500977e-01
-4.153717309236526489e-02
3.496084213256835938e-01
3.671951293945312500e-01
-3.863961994647979736e-02
