3.540039062500000000e-01
7.098675966262817383e-01
3.695768668876553420e-07
4.124300181865692139e-01
6.916414499282836914e-01
-1.512143574655056000e-02
4.656859040260314941e-01
6.510500311851501465e-01
-2.349941805005073547e-02
5.055701136589050293e-01
6.113677620887756348e-01
-3.392791748046875000e-02
5.330880880355834961e-01
5.735785961151123047e-01
-4.258324950933456421e-02
4.366400837898254395e-01
5.513888001441955566e-01
1.549276523292064667e-03
4.808991849422454834e-01
5.203348994255065918e-01
-2.337982505559921265e-02
5.093502998352050781e-01
5.278998017311096191e-01
-4.333009570837020874e-02
5.276575088500976562e-01
5.497930049896240234e-01
-5.228838324546813965e-02
4.144496619701385498e-01
5.214124917984008789e-01
-2.880824962630867958e-03
4.439023137092590332e-01
4.476141929626464844e-01
-1.425271015614271164e-02
4.674076437950134277e-01
4.030464887619018555e-01
-2.147334441542625427e-02
4.860861599445343018e-01
3.630416393280029297e-01
-2.456816099584102631e-02
3.885100185871124268e-01
5.098351240158081055e-01
-1.287323515862226486e-02
3.986375927925109863e-01
4.311363995075225830e-01
-2.647592686116695404e-02
4.118913710117340088e-01
3.831874728202819824e-01
-3.014512173831462860e-02
4.248462021350860596e-01
3.455646634101867676e-01
-2.953113056719303131e-02
3.583257198333740234e-01
5.153170228004455566e-01
-2.537244558334350586e-02
3.473099470138549805e-01
4.524096250534057617e-01
-3.746920451521873474e-02
3.461982905864715576e-01
4.088346362113952637e-01
-3.742353245615959167e-02
3.496266603469848633e-01
3.713356256484985352e-01
-3.384506702423095703e-02
