3.539085984230041504e-01
7.102237939834594727e-01
3.915591832992504351e-07
4.130891561508178711e-01
6.895157694816589355e-01
-1.551115512847900391e-02
4.668260514736175537e-01
6.504964232444763184e-01
-2.488957531750202179e-02
5.069485306739807129e-01
6.104364991188049316e-01
-3.670488297939300537e-02
5.326839089393615723e-01
5.712413191795349121e-01
-4.684213176369667053e-02
4.371744692325592041e-01
5.511749386787414551e-01
1.831937697716057301e-03
4.810042083263397217e-01
5.215324163436889648e-01
-2.424710430204868317e-02
5.099098682403564453e-01
5.288057923316955566e-01
-4.485184699296951294e-02
5.285717248916625977e-01
5.519081354141235352e-01
-5.389916896820068359e-02
4.145497977733612061e-01
5.216774344444274902e-01
-2.771371742710471153e-03
4.434955418109893799e-01
4.475536048412322998e-01
-1.421149633824825287e-02
4.666930735111236572e-01
4.030231237411499023e-01
-2.086569555103778839e-02
4.859657883644104004e-01
3.620477914810180664e-01
-2.356345020234584808e-02
3.888540565967559814e-01
5.101935863494873047e-01
-1.326677482575178146e-02
3.985847830772399902e-01
4.318363964557647705e-01
-2.675387449562549591e-02
4.119744002819061279e-01
3.836721181869506836e-01
-2.972967736423015594e-02
4.250530302524566650e-01
3.463616371154785156e-01
-2.873286418616771698e-02
3.590334951877593994e-01
5.156761407852172852e-01
-2.648476138710975647e-02
3.477780520915985107e-01
4.534375965595245361e-01
-3.838796541094779968e-02
3.463042974472045898e-01
4.097791612148284912e-01
-3.796163573861122131e-02
3.492761850357055664e-01
3.724566102027893066e-01
-3.418977931141853333e-02
