3.513758778572082520e-01
7.186310291290283203e-01
3.793755070091719972e-07
4.101337492465972900e-01
6.980159878730773926e-01
-1.571658998727798462e-02
4.635705947875976562e-01
6.555889248847961426e-01
-2.478041127324104309e-02
5.043196678161621094e-01
6.139333248138427734e-01
-3.578626364469528198e-02
5.300865173339843750e-01
5.745208859443664551e-01
-4.521245136857032776e-02
4.327763617038726807e-01
5.580320954322814941e-01
1.765091269589902367e-06
4.756737947463989258e-01
5.263435840606689453e-01
-2.373696304857730865e-02
5.039585232734680176e-01
5.306089520454406738e-01
-4.303228482604026794e-02
5.228282213211059570e-01
5.485277175903320312e-01
-5.221092328429222107e-02
4.097836017608642578e-01
5.273378491401672363e-01
-4.965486470609903336e-03
4.404227733612060547e-01
4.507896006107330322e-01
-1.618865877389907837e-02
4.644412398338317871e-01
4.052996635437011719e-01
-2.391266077756881714e-02
4.841990768909454346e-01
3.645938634872436523e-01
-2.798023633658885956e-02
3.833676278591156006e-01
5.144190192222595215e-01
-1.535493042320013046e-02
3.952175378799438477e-01
4.332228899002075195e-01
-2.862267009913921356e-02
4.093390405178070068e-01
3.847602009773254395e-01
-3.355150669813156128e-02
4.231506288051605225e-01
3.467237055301666260e-01
-3.466046974062919617e-02
3.529702126979827881e-01
5.194610357284545898e-01
-2.823950350284576416e-02
3.428732752799987793e-01
4.551421999931335449e-01
-3.987236693501472473e-02
3.420340716838836670e-01
4.104620814323425293e-01
-4.048630967736244202e-02
3.452260494232177734e-01
3.723106384277343750e-01
-3.827107325196266174e-02
