3.461312055587768555e-01
7.210261821746826172e-01
4.143921898958069505e-07
4.067972600460052490e-01
6.994528770446777344e-01
-1.676187291741371155e-02
4.612513780593872070e-01
6.570233106613159180e-01
-2.688616141676902771e-02
5.021408200263977051e-01
6.143180727958679199e-01
-3.892026841640472412e-02
5.286831259727478027e-01
5.739973187446594238e-01
-4.929192736744880676e-02
4.294617772102355957e-01
5.539093613624572754e-01
-3.772872150875627995e-04
4.742199480533599854e-01
5.231204032897949219e-01
-2.591412886977195740e-02
5.031099319458007812e-01
5.302607417106628418e-01
-4.675412550568580627e-02
5.222003459930419922e-01
5.516185760498046875e-01
-5.666255205869674683e-02
4.051404595375061035e-01
5.228463411331176758e-01
-5.326969549059867859e-03
4.360509216785430908e-01
4.459610879421234131e-01
-1.739901490509510040e-02
4.600375294685363770e-01
3.998873233795166016e-01
-2.596367895603179932e-02
4.801786839962005615e-01
3.581221103668212891e-01
-3.058880753815174103e-02
3.773522377014160156e-01
5.110316276550292969e-01
-1.592927053570747375e-02
3.884929418563842773e-01
4.290972352027893066e-01
-3.027833625674247742e-02
4.019338786602020264e-01
3.793236613273620605e-01
-3.593690320849418640e-02
4.155041277408599854e-01
3.400396704673767090e-01
-3.740557283163070679e-02
3.458681106567382812e-01
5.185060501098632812e-01
-2.909472957253456116e-02
3.352237939834594727e-01
4.539703130722045898e-01
-4.155034571886062622e-02
3.334683775901794434e-01
4.083933830261230469e-01
-4.232536628842353821e-02
3.361230790615081787e-01
3.688357472419738770e-01
-4.008144512772560120e-02
