3.466448783874511719e-01
7.204802036285400391e-01
3.882125838572392240e-07
4.080467224121093750e-01
6.977205276489257812e-01
-1.565122604370117188e-02
4.623715579509735107e-01
6.549456715583801270e-01
-2.474706806242465973e-02
5.025488138198852539e-01
6.126959919929504395e-01
-3.617153689265251160e-02
5.281360745429992676e-01
5.725865960121154785e-01
-4.600651934742927551e-02
4.306692183017730713e-01
5.530525445938110352e-01
8.856261265464127064e-04
4.754870831966400146e-01
5.203666687011718750e-01
-2.550305426120758057e-02
5.045592784881591797e-01
5.291312336921691895e-01
-4.756356030702590942e-02
5.239067673683166504e-01
5.513768196105957031e-01
-5.808618292212486267e-02
4.058352112770080566e-01
5.226768851280212402e-01
-4.261228721588850021e-03
4.346792995929718018e-01
4.452697634696960449e-01
-1.671899668872356415e-02
4.594113230705261230e-01
3.985955715179443359e-01
-2.614894881844520569e-02
4.799699783325195312e-01
3.571355938911437988e-01
-3.141765668988227844e-02
3.775913417339324951e-01
5.118138194084167480e-01
-1.506943348795175552e-02
3.872048854827880859e-01
4.301144480705261230e-01
-2.910411730408668518e-02
4.008736014366149902e-01
3.807428479194641113e-01
-3.482022136449813843e-02
4.150628447532653809e-01
3.417529463768005371e-01
-3.628151863813400269e-02
3.462224006652832031e-01
5.198414325714111328e-01
-2.846715971827507019e-02
3.352880775928497314e-01
4.554194211959838867e-01
-4.035675898194313049e-02
3.333660960197448730e-01
4.101170301437377930e-01
-4.083148017525672913e-02
3.358399271965026855e-01
3.709808588027954102e-01
-3.832076862454414368e-02
