3.388319313526153564e-01
7.168612480163574219e-01
4.093275833838561084e-07
3.983288109302520752e-01
6.955501437187194824e-01
-1.695087365806102753e-02
4.552756547927856445e-01
6.514914631843566895e-01
-2.717062085866928101e-02
4.982247948646545410e-01
6.095064878463745117e-01
-3.896733000874519348e-02
5.241933465003967285e-01
5.683314800262451172e-01
-4.896450415253639221e-02
4.265393912792205811e-01
5.462892055511474609e-01
-4.055015277117490768e-03
4.729638993740081787e-01
5.129860043525695801e-01
-3.114500083029270172e-02
5.016118288040161133e-01
5.225498676300048828e-01
-5.314228311181068420e-02
5.196831822395324707e-01
5.472677350044250488e-01
-6.349781900644302368e-02
4.006357491016387939e-01
5.153434872627258301e-01
-9.316864423453807831e-03
4.307795166969299316e-01
4.339584112167358398e-01
-2.289832569658756256e-02
4.546146392822265625e-01
3.861824870109558105e-01
-3.285609185695648193e-02
4.739871621131896973e-01
3.456895351409912109e-01
-3.848592936992645264e-02
3.706198930740356445e-01
5.045499801635742188e-01
-1.992480084300041199e-02
3.813049197196960449e-01
4.194273948669433594e-01
-3.557551652193069458e-02
3.947922587394714355e-01
3.688728213310241699e-01
-4.240731149911880493e-02
4.085760712623596191e-01
3.292619585990905762e-01
-4.463866725564002991e-02
3.371551632881164551e-01
5.137535333633422852e-01
-3.291746228933334351e-02
3.247666358947753906e-01
4.467118680477142334e-01
-4.609037190675735474e-02
3.218748271465301514e-01
4.002479314804077148e-01
-4.715659096837043762e-02
3.239456415176391602e-01
3.598787486553192139e-01
-4.513626173138618469e-02
