2.523888945579528809e-01
7.421574592590332031e-01
3.870020464091794565e-07
3.119409084320068359e-01
7.135469913482666016e-01
-1.808721199631690979e-02
3.653247356414794922e-01
6.612975001335144043e-01
-2.809701301157474518e-02
4.045116305351257324e-01
6.109752655029296875e-01
-3.957474604249000549e-02
4.300756454467773438e-01
5.665477514266967773e-01
-4.893928393721580505e-02
3.334837853908538818e-01
5.583312511444091797e-01
-2.935613039880990982e-03
3.781804144382476807e-01
5.156865715980529785e-01
-3.071761131286621094e-02
4.065998792648315430e-01
5.202922821044921875e-01
-5.275036022067070007e-02
4.249485731124877930e-01
5.421298742294311523e-01
-6.266158819198608398e-02
3.045220971107482910e-01
5.289536118507385254e-01
-6.730336230248212814e-03
3.316826224327087402e-01
4.448822140693664551e-01
-2.049731835722923279e-02
3.525388836860656738e-01
3.916812539100646973e-01
-2.976195327937602997e-02
3.684867620468139648e-01
3.441970944404602051e-01
-3.430398553609848022e-02
2.725241482257843018e-01
5.194653868675231934e-01
-1.625567302107810974e-02
2.802942991256713867e-01
4.336140155792236328e-01
-3.174402564764022827e-02
2.904529571533203125e-01
3.805635571479797363e-01
-3.745291382074356079e-02
3.012132048606872559e-01
3.384191989898681641e-01
-3.831562772393226624e-02
2.362792044878005981e-01
5.300710201263427734e-01
-2.840998396277427673e-02
2.182533293962478638e-01
4.658725261688232422e-01
-4.155311733484268188e-02
2.118376493453979492e-01
4.198501110076904297e-01
-4.245807603001594543e-02
2.113041281700134277e-01
3.786928057670593262e-01
-3.965098410844802856e-02
