3.370121121406555176e-01
7.213060855865478516e-01
3.784096804793080082e-07
3.982779383659362793e-01
6.974717974662780762e-01
-1.372203696519136429e-02
4.535443484783172607e-01
6.524101495742797852e-01
-2.206766419112682343e-02
4.953964054584503174e-01
6.103079319000244141e-01
-3.298845887184143066e-02
5.217875242233276367e-01
5.696078538894653320e-01
-4.234941303730010986e-02
4.244286417961120605e-01
5.474408864974975586e-01
1.346379285678267479e-03
4.713308215141296387e-01
5.126459598541259766e-01
-2.550986781716346741e-02
5.006783604621887207e-01
5.213073492050170898e-01
-4.845898970961570740e-02
5.194354653358459473e-01
5.448261499404907227e-01
-5.970466509461402893e-02
3.984712958335876465e-01
5.160897970199584961e-01
-5.284176673740148544e-03
4.285053014755249023e-01
4.338582158088684082e-01
-1.833868212997913361e-02
4.539722204208374023e-01
3.865723013877868652e-01
-2.930667065083980560e-02
4.745960533618927002e-01
3.460284173488616943e-01
-3.594462200999259949e-02
3.686315119266510010e-01
5.052587389945983887e-01
-1.730233989655971527e-02
3.790904879570007324e-01
4.194126129150390625e-01
-3.184763342142105103e-02
3.931020498275756836e-01
3.678540289402008057e-01
-3.931527584791183472e-02
4.079004228115081787e-01
3.268473446369171143e-01
-4.241956025362014771e-02
3.353095948696136475e-01
5.139774680137634277e-01
-3.159850835800170898e-02
3.237108588218688965e-01
4.465213119983673096e-01
-4.384863004088401794e-02
3.219634294509887695e-01
3.996661007404327393e-01
-4.510615393519401550e-02
3.252381384372711182e-01
3.584972321987152100e-01
-4.353699460625648499e-02
