3.282838761806488037e-01
7.148692607879638672e-01
4.180845678547484567e-07
3.910091817378997803e-01
6.908418536186218262e-01
-1.707085967063903809e-02
4.509482681751251221e-01
6.406745314598083496e-01
-2.668155729770660400e-02
4.956967830657958984e-01
5.957725048065185547e-01
-3.780564293265342712e-02
5.231997966766357422e-01
5.534183979034423828e-01
-4.717012867331504822e-02
4.188190102577209473e-01
5.377335548400878906e-01
-4.175643436610698700e-03
4.663372933864593506e-01
5.012979507446289062e-01
-3.146172687411308289e-02
4.945322573184967041e-01
5.102596282958984375e-01
-5.334110930562019348e-02
5.124135613441467285e-01
5.336763858795166016e-01
-6.353420764207839966e-02
3.912824392318725586e-01
5.058172345161437988e-01
-9.383975528180599213e-03
4.225308299064636230e-01
4.221518039703369141e-01
-2.330180630087852478e-02
4.468853473663330078e-01
3.722032904624938965e-01
-3.321506455540657043e-02
4.670002162456512451e-01
3.296241164207458496e-01
-3.869273513555526733e-02
3.594290018081665039e-01
4.940577745437622070e-01
-1.998586207628250122e-02
3.711818754673004150e-01
4.061396121978759766e-01
-3.560300171375274658e-02
3.849068284034729004e-01
3.540285229682922363e-01
-4.202997684478759766e-02
3.992255032062530518e-01
3.123920261859893799e-01
-4.395692050457000732e-02
3.244242668151855469e-01
5.027376413345336914e-01
-3.301335126161575317e-02
3.124119043350219727e-01
4.342947006225585938e-01
-4.555124789476394653e-02
3.097733259201049805e-01
3.873612284660339355e-01
-4.581076651811599731e-02
3.122775554656982422e-01
3.465958237648010254e-01
-4.326574876904487610e-02
