3.273753523826599121e-01
7.187129855155944824e-01
3.902655123511067359e-07
3.912102282047271729e-01
6.890430450439453125e-01
-1.346374489367008209e-02
4.491173028945922852e-01
6.408032774925231934e-01
-2.201765030622482300e-02
4.922556281089782715e-01
5.974585413932800293e-01
-3.343914821743965149e-02
5.202341079711914062e-01
5.562887191772460938e-01
-4.336327314376831055e-02
4.150615036487579346e-01
5.368447899818420410e-01
1.740053761750459671e-03
4.629326462745666504e-01
4.998691678047180176e-01
-2.666965313255786896e-02
4.927728176116943359e-01
5.087387561798095703e-01
-5.066824704408645630e-02
5.123103260993957520e-01
5.318886637687683105e-01
-6.229551881551742554e-02
3.885568976402282715e-01
5.059160590171813965e-01
-5.601416341960430145e-03
4.195292890071868896e-01
4.215720593929290771e-01
-1.964209415018558502e-02
4.454868137836456299e-01
3.719964623451232910e-01
-3.088449500501155853e-02
4.664702713489532471e-01
3.296501934528350830e-01
-3.746195137500762939e-02
3.581644594669342041e-01
4.948555231094360352e-01
-1.854170486330986023e-02
3.687895238399505615e-01
4.058318436145782471e-01
-3.392270207405090332e-02
3.830021619796752930e-01
3.528473973274230957e-01
-4.084641486406326294e-02
3.981149792671203613e-01
3.111173212528228760e-01
-4.319907352328300476e-02
3.242376148700714111e-01
5.034192800521850586e-01
-3.385342657566070557e-02
3.120143413543701172e-01
4.334518909454345703e-01
-4.625209420919418335e-02
3.098725080490112305e-01
3.853862881660461426e-01
-4.672789946198463440e-02
3.129653334617614746e-01
3.436974883079528809e-01
-4.434303939342498779e-02
