3.206555247306823730e-01
7.086594104766845703e-01
4.493786320836079540e-07
3.855972290039062500e-01
6.831755042076110840e-01
-1.751899719238281250e-02
4.447509944438934326e-01
6.360275745391845703e-01
-2.820925042033195496e-02
4.898391067981719971e-01
5.901009440422058105e-01
-4.061910882592201233e-02
5.189160704612731934e-01
5.471835136413574219e-01
-5.142467468976974487e-02
4.122168123722076416e-01
5.269596576690673828e-01
-2.643418963998556137e-03
4.621704220771789551e-01
4.927476048469543457e-01
-2.990033105015754700e-02
4.921287894248962402e-01
4.991692900657653809e-01
-5.174493044614791870e-02
5.107802152633666992e-01
5.201848149299621582e-01
-6.209427118301391602e-02
3.849181830883026123e-01
4.938260614871978760e-01
-8.430863730609416962e-03
4.184220731258392334e-01
4.082023799419403076e-01
-2.290483377873897552e-02
4.444455206394195557e-01
3.588526844978332520e-01
-3.270244598388671875e-02
4.652135968208312988e-01
3.167220354080200195e-01
-3.789742290973663330e-02
3.532649576663970947e-01
4.822040796279907227e-01
-2.001462131738662720e-02
3.653385937213897705e-01
3.924050927162170410e-01
-3.728583827614784241e-02
3.800727725028991699e-01
3.384007215499877930e-01
-4.506321996450424194e-02
3.947315514087677002e-01
2.958492934703826904e-01
-4.764729738235473633e-02
3.178104460239410400e-01
4.912616312503814697e-01
-3.396344557404518127e-02
3.041876554489135742e-01
4.202101826667785645e-01
-4.903698340058326721e-02
3.007758855819702148e-01
3.709457516670227051e-01
-5.117163434624671936e-02
3.029423356056213379e-01
3.275976777076721191e-01
-4.972820729017257690e-02
