3.204665780067443848e-01
7.098105549812316895e-01
4.091342304946010699e-07
3.856771290302276611e-01
6.831921339035034180e-01
-1.612036861479282379e-02
4.428867995738983154e-01
6.366309523582458496e-01
-2.702946588397026062e-02
4.867808520793914795e-01
5.905888676643371582e-01
-4.059339687228202820e-02
5.165830254554748535e-01
5.478898882865905762e-01
-5.260888859629631042e-02
4.122744500637054443e-01
5.279241204261779785e-01
-1.552857807837426662e-03
4.608179628849029541e-01
4.902545213699340820e-01
-3.136310726404190063e-02
4.906133115291595459e-01
4.968956708908081055e-01
-5.487360060214996338e-02
5.094226002693176270e-01
5.203822255134582520e-01
-6.575430184602737427e-02
3.846840262413024902e-01
4.942662417888641357e-01
-8.063770830631256104e-03
4.172738790512084961e-01
4.081449508666992188e-01
-2.306666411459445953e-02
4.434232711791992188e-01
3.579118251800537109e-01
-3.274567052721977234e-02
4.646072983741760254e-01
3.149397969245910645e-01
-3.766047954559326172e-02
3.532647490501403809e-01
4.822054505348205566e-01
-2.056342922151088715e-02
3.639175891876220703e-01
3.907029628753662109e-01
-3.762444108724594116e-02
3.787312507629394531e-01
3.365306854248046875e-01
-4.382326826453208923e-02
3.943167030811309814e-01
2.946999669075012207e-01
-4.519149661064147949e-02
3.178732693195343018e-01
4.909657537937164307e-01
-3.559777140617370605e-02
3.035656809806823730e-01
4.198333919048309326e-01
-5.048754438757896423e-02
3.013428449630737305e-01
3.705658912658691406e-01
-5.191211029887199402e-02
3.049772977828979492e-01
3.282316327095031738e-01
-4.963434487581253052e-02
