3.196423649787902832e-01
7.096155285835266113e-01
3.986820047430228442e-07
3.847249746322631836e-01
6.831256747245788574e-01
-1.618150435388088226e-02
4.422166049480438232e-01
6.360364556312561035e-01
-2.724624797701835632e-02
4.864099621772766113e-01
5.900227427482604980e-01
-4.104568436741828918e-02
5.169653892517089844e-01
5.483525991439819336e-01
-5.326144397258758545e-02
4.127790629863739014e-01
5.281449556350708008e-01
-2.021638909354805946e-03
4.616389870643615723e-01
4.892396032810211182e-01
-3.244119510054588318e-02
4.913587272167205811e-01
4.963938891887664795e-01
-5.607198178768157959e-02
5.099040269851684570e-01
5.212143063545227051e-01
-6.682675331830978394e-02
3.852089345455169678e-01
4.943334162235260010e-01
-8.396452292799949646e-03
4.176499545574188232e-01
4.086848199367523193e-01
-2.370489016175270081e-02
4.433996379375457764e-01
3.583885431289672852e-01
-3.317526355385780334e-02
4.640888869762420654e-01
3.158547878265380859e-01
-3.776816278696060181e-02
3.537994325160980225e-01
4.821416437625885010e-01
-2.081518247723579407e-02
3.640853762626647949e-01
3.900234103202819824e-01
-3.811906278133392334e-02
3.787390589714050293e-01
3.359824419021606445e-01
-4.400908946990966797e-02
3.941661715507507324e-01
2.948755621910095215e-01
-4.499751329421997070e-02
3.185729086399078369e-01
4.910886287689208984e-01
-3.580537438392639160e-02
3.038905858993530273e-01
4.201023578643798828e-01
-5.097157508134841919e-02
3.012835979461669922e-01
3.706122934818267822e-01
-5.244334787130355835e-02
3.045082390308380127e-01
3.285634815692901611e-01
-5.002146214246749878e-02
