3.128255009651184082e-01
7.025389671325683594e-01
4.526587247255520197e-07
3.819603025913238525e-01
6.771914958953857422e-01
-1.781815290451049805e-02
4.450016915798187256e-01
6.236287355422973633e-01
-2.755386382341384888e-02
4.909265935420989990e-01
5.743427276611328125e-01
-3.925797343254089355e-02
5.209288001060485840e-01
5.335869193077087402e-01
-4.924338683485984802e-02
4.090471863746643066e-01
5.166838169097900391e-01
-7.923481171019375324e-04
4.579543471336364746e-01
4.800840318202972412e-01
-2.806136384606361389e-02
4.878876507282257080e-01
4.891499876976013184e-01
-4.997071251273155212e-02
5.065595507621765137e-01
5.143421888351440430e-01
-5.995636433362960815e-02
3.795859515666961670e-01
4.836217463016510010e-01
-5.811950191855430603e-03
4.138092398643493652e-01
3.978518843650817871e-01
-1.799184083938598633e-02
4.405320882797241211e-01
3.470256924629211426e-01
-2.637761831283569336e-02
4.632417559623718262e-01
3.015460968017578125e-01
-3.077845089137554169e-02
3.469713032245635986e-01
4.718184471130371094e-01
-1.698638312518596649e-02
3.590255081653594971e-01
3.793786168098449707e-01
-3.234005719423294067e-02
3.742378652095794678e-01
3.236064910888671875e-01
-3.911371156573295593e-02
3.895934522151947021e-01
2.804491519927978516e-01
-4.118353500962257385e-02
3.110031187534332275e-01
4.802924096584320068e-01
-3.079370036721229553e-02
2.980481088161468506e-01
4.079040288925170898e-01
-4.452474787831306458e-02
2.950078248977661133e-01
3.576698005199432373e-01
-4.610597342252731323e-02
2.973319590091705322e-01
3.144161999225616455e-01
-4.431945458054542542e-02
