3.126174509525299072e-01
7.029623985290527344e-01
4.364458447980723577e-07
3.810682892799377441e-01
6.755554080009460449e-01
-1.668208278715610504e-02
4.431289434432983398e-01
6.237848997116088867e-01
-2.645599469542503357e-02
4.882922768592834473e-01
5.748013257980346680e-01
-3.893097117543220520e-02
5.189578533172607422e-01
5.338210463523864746e-01
-4.989681392908096313e-02
4.069701731204986572e-01
5.175718069076538086e-01
1.264532562345266342e-03
4.543316364288330078e-01
4.810986816883087158e-01
-2.713948115706443787e-02
4.861156642436981201e-01
4.879466891288757324e-01
-4.998525232076644897e-02
5.077056884765625000e-01
5.108744502067565918e-01
-6.066650897264480591e-02
3.784877955913543701e-01
4.842843711376190186e-01
-4.865629132837057114e-03
4.119591414928436279e-01
3.983051180839538574e-01
-1.821968890726566315e-02
4.395224750041961670e-01
3.472041785717010498e-01
-2.686624601483345032e-02
4.631669223308563232e-01
3.017327487468719482e-01
-3.119062818586826324e-02
3.468369841575622559e-01
4.719778597354888916e-01
-1.733382418751716614e-02
3.583610653877258301e-01
3.783514797687530518e-01
-3.349184617400169373e-02
3.742613792419433594e-01
3.220820426940917969e-01
-3.925887867808341980e-02
3.908306658267974854e-01
2.791303396224975586e-01
-4.035636410117149353e-02
3.109717369079589844e-01
4.802377521991729736e-01
-3.254348412156105042e-02
2.974912226200103760e-01
4.072339534759521484e-01
-4.672900959849357605e-02
2.954834103584289551e-01
3.562920987606048584e-01
-4.776854068040847778e-02
2.989666759967803955e-01
3.128455877304077148e-01
-4.535952582955360413e-02
