3.100975453853607178e-01
6.992450952529907227e-01
4.714778185643808683e-07
3.771376907825469971e-01
6.732710003852844238e-01
-1.818465255200862885e-02
4.382666647434234619e-01
6.234634518623352051e-01
-2.955795265734195709e-02
4.848928153514862061e-01
5.758689045906066895e-01
-4.325880110263824463e-02
5.120313167572021484e-01
5.297123789787292480e-01
-5.502361431717872620e-02
4.037432670593261719e-01
5.083253383636474609e-01
-9.831092320382595062e-04
4.557223320007324219e-01
4.730098843574523926e-01
-3.098192065954208374e-02
4.859130382537841797e-01
4.841510057449340820e-01
-5.468418821692466736e-02
5.033169388771057129e-01
5.121187567710876465e-01
-6.490156799554824829e-02
3.755618333816528320e-01
4.738697409629821777e-01
-6.550834048539400101e-03
4.122708439826965332e-01
3.882445693016052246e-01
-1.923087053000926971e-02
4.397041499614715576e-01
3.378556966781616211e-01
-2.681555412709712982e-02
4.620442390441894531e-01
2.932666242122650146e-01
-3.004712611436843872e-02
3.431762754917144775e-01
4.610025286674499512e-01
-1.868946664035320282e-02
3.564957380294799805e-01
3.695148825645446777e-01
-3.403952345252037048e-02
3.727134764194488525e-01
3.136461377143859863e-01
-3.891208767890930176e-02
3.883652687072753906e-01
2.710526585578918457e-01
-3.920437768101692200e-02
3.062222599983215332e-01
4.693569242954254150e-01
-3.371138125658035278e-02
2.924706637859344482e-01
3.976977765560150146e-01
-4.743545129895210266e-02
2.891253232955932617e-01
3.468900620937347412e-01
-4.761924594640731812e-02
2.911754250526428223e-01
3.032079637050628662e-01
-4.417166486382484436e-02
