3.011517226696014404e-01
6.986206173896789551e-01
4.867292773269582540e-07
3.716295361518859863e-01
6.723372340202331543e-01
-1.996599696576595306e-02
4.339579343795776367e-01
6.220668554306030273e-01
-3.208665177226066589e-02
4.822394251823425293e-01
5.714067816734313965e-01
-4.653096571564674377e-02
5.129360556602478027e-01
5.235265493392944336e-01
-5.932244658470153809e-02
3.992258608341217041e-01
5.061588883399963379e-01
7.461196219082921743e-05
4.482907354831695557e-01
4.687770009040832520e-01
-2.860938943922519684e-02
4.799994826316833496e-01
4.737371504306793213e-01
-5.149340257048606873e-02
5.009942054748535156e-01
4.961707293987274170e-01
-6.202403083443641663e-02
3.702428638935089111e-01
4.711012244224548340e-01
-5.444761831313371658e-03
4.053822159767150879e-01
3.822080492973327637e-01
-1.923421584069728851e-02
4.340479075908660889e-01
3.295805454254150391e-01
-2.795774675905704498e-02
4.585736989974975586e-01
2.829649150371551514e-01
-3.210595622658729553e-02
3.373923897743225098e-01
4.579128623008728027e-01
-1.774552650749683380e-02
3.501579165458679199e-01
3.629078865051269531e-01
-3.486769646406173706e-02
3.667003810405731201e-01
3.045393228530883789e-01
-4.140366241335868835e-02
3.833632171154022217e-01
2.600940167903900146e-01
-4.275894537568092346e-02
3.000151216983795166e-01
4.663755297660827637e-01
-3.303829208016395569e-02
2.849634587764739990e-01
3.922863304615020752e-01
-4.852306097745895386e-02
2.817884385585784912e-01
3.392143845558166504e-01
-5.046467855572700500e-02
2.841462790966033936e-01
2.934454679489135742e-01
-4.841540381312370300e-02
