2.543054819107055664e-01
7.408573627471923828e-01
3.971501030264334986e-07
3.142533302307128906e-01
7.113971710205078125e-01
-1.843467541038990021e-02
3.667874038219451904e-01
6.607350707054138184e-01
-2.908034250140190125e-02
4.053013324737548828e-01
6.113851070404052734e-01
-4.122802987694740295e-02
4.309655129909515381e-01
5.679359436035156250e-01
-5.148999392986297607e-02
3.342849016189575195e-01
5.575402379035949707e-01
-4.122334066778421402e-03
3.771012425422668457e-01
5.171648859977722168e-01
-3.110322169959545135e-02
4.054275453090667725e-01
5.206763744354248047e-01
-5.243807286024093628e-02
4.249160587787628174e-01
5.405474901199340820e-01
-6.237801536917686462e-02
3.047848045825958252e-01
5.283798575401306152e-01
-8.145046420395374298e-03
3.308528661727905273e-01
4.445945024490356445e-01
-2.204236760735511780e-02
3.517007231712341309e-01
3.917319178581237793e-01
-3.107712231576442719e-02
3.684198856353759766e-01
3.447090983390808105e-01
-3.571084886789321899e-02
2.725792527198791504e-01
5.195066332817077637e-01
-1.780641078948974609e-02
2.797279059886932373e-01
4.330446422100067139e-01
-3.370778262615203857e-02
2.901794612407684326e-01
3.802090883255004883e-01
-3.952641040086746216e-02
3.017589449882507324e-01
3.384948074817657471e-01
-4.065406695008277893e-02
2.367611676454544067e-01
5.310370922088623047e-01
-3.007881157100200653e-02
2.185145914554595947e-01
4.662881493568420410e-01
-4.394111409783363342e-02
2.119805365800857544e-01
4.198797643184661865e-01
-4.527444019913673401e-02
2.113959491252899170e-01
3.788350224494934082e-01
-4.295209795236587524e-02
