2.965831160545349121e-01
7.000336050987243652e-01
4.536329640814074082e-07
3.690015077590942383e-01
6.730642318725585938e-01
-1.874047890305519104e-02
4.332998692989349365e-01
6.211810708045959473e-01
-2.961045503616333008e-02
4.816442131996154785e-01
5.702515244483947754e-01
-4.325119778513908386e-02
5.119791626930236816e-01
5.228143334388732910e-01
-5.516268312931060791e-02
3.984314501285552979e-01
5.063679218292236328e-01
1.434483565390110016e-03
4.492674469947814941e-01
4.663192927837371826e-01
-2.828086353838443756e-02
4.807350337505340576e-01
4.730963706970214844e-01
-5.188392102718353271e-02
5.010382533073425293e-01
4.976660907268524170e-01
-6.252864748239517212e-02
3.688978254795074463e-01
4.713618159294128418e-01
-4.291497170925140381e-03
4.050210416316986084e-01
3.835089504718780518e-01
-1.818029209971427917e-02
4.339650571346282959e-01
3.306040465831756592e-01
-2.680578641593456268e-02
4.582308232784271240e-01
2.833886742591857910e-01
-3.068930283188819885e-02
3.357671499252319336e-01
4.585906267166137695e-01
-1.692130975425243378e-02
3.494111895561218262e-01
3.626816272735595703e-01
-3.378929197788238525e-02
3.668100237846374512e-01
3.042185008525848389e-01
-3.947563469409942627e-02
3.842244148254394531e-01
2.595575749874114990e-01
-4.004863649606704712e-02
2.984878420829772949e-01
4.676107764244079590e-01
-3.258978575468063354e-02
2.847027480602264404e-01
3.924571275711059570e-01
-4.812854900956153870e-02
2.824906110763549805e-01
3.390217721462249756e-01
-4.972844943404197693e-02
2.858312427997589111e-01
2.929680943489074707e-01
-4.707613214850425720e-02
