2.947688996791839600e-01
7.002685070037841797e-01
4.809805318473081570e-07
3.656879067420959473e-01
6.742188334465026855e-01
-2.040857449173927307e-02
4.320014715194702148e-01
6.205326914787292480e-01
-3.298661112785339355e-02
4.806350767612457275e-01
5.684717893600463867e-01
-4.756172746419906616e-02
5.106582045555114746e-01
5.194537639617919922e-01
-6.031066179275512695e-02
3.968341648578643799e-01
5.024095773696899414e-01
-4.783207084983587265e-03
4.487896561622619629e-01
4.615127146244049072e-01
-3.611988574266433716e-02
4.799444675445556641e-01
4.708045721054077148e-01
-6.039297580718994141e-02
4.981644153594970703e-01
4.981844425201416016e-01
-7.135666161775588989e-02
3.661722242832183838e-01
4.670441448688507080e-01
-1.068904250860214233e-02
4.028099477291107178e-01
3.751410543918609619e-01
-2.599815465509891510e-02
4.319485425949096680e-01
3.213582336902618408e-01
-3.583171591162681580e-02
4.562719762325286865e-01
2.736365497112274170e-01
-4.108446836471557617e-02
3.315151631832122803e-01
4.546763598918914795e-01
-2.324949577450752258e-02
3.440400362014770508e-01
3.566777706146240234e-01
-4.121991991996765137e-02
3.610635995864868164e-01
2.969734370708465576e-01
-4.884220287203788757e-02
3.782391250133514404e-01
2.502485811710357666e-01
-5.142633616924285889e-02
2.927831411361694336e-01
4.651179313659667969e-01
-3.873420879244804382e-02
2.780590653419494629e-01
3.880315423011779785e-01
-5.456055328249931335e-02
2.747957706451416016e-01
3.342105746269226074e-01
-5.681792646646499634e-02
2.771587669849395752e-01
2.872563004493713379e-01
-5.542506650090217590e-02
