2.916409373283386230e-01
7.022910714149475098e-01
4.718110631074523553e-07
3.631495237350463867e-01
6.754028201103210449e-01
-2.072928287088871002e-02
4.293975234031677246e-01
6.206481456756591797e-01
-3.312758356332778931e-02
4.791759550571441650e-01
5.678071975708007812e-01
-4.797011986374855042e-02
5.107191205024719238e-01
5.201901197433471680e-01
-6.085800752043724060e-02
3.960029184818267822e-01
5.039769411087036133e-01
-1.818158663809299469e-03
4.483947455883026123e-01
4.615453481674194336e-01
-3.440599516034126282e-02
4.801703691482543945e-01
4.698164761066436768e-01
-5.995516106486320496e-02
4.998353719711303711e-01
4.963528215885162354e-01
-7.129932940006256104e-02
3.650865852832794189e-01
4.677629470825195312e-01
-7.126408629119396210e-03
4.017951190471649170e-01
3.757653832435607910e-01
-2.200014702975749969e-02
4.310132861137390137e-01
3.206140398979187012e-01
-3.090279735624790192e-02
4.554921686649322510e-01
2.707596719264984131e-01
-3.495049476623535156e-02
3.305126428604125977e-01
4.544388949871063232e-01
-1.960667595267295837e-02
3.439016342163085938e-01
3.569027185440063477e-01
-3.678607568144798279e-02
3.611981570720672607e-01
2.968739271163940430e-01
-4.205262660980224609e-02
3.787115216255187988e-01
2.501145303249359131e-01
-4.237233847379684448e-02
2.909795045852661133e-01
4.633429944515228271e-01
-3.539736941456794739e-02
2.764891982078552246e-01
3.868821263313293457e-01
-5.047320947051048279e-02
2.739692926406860352e-01
3.332670629024505615e-01
-5.121316388249397278e-02
2.774976789951324463e-01
2.865727245807647705e-01
-4.803440719842910767e-02
