2.896046936511993408e-01
7.046880125999450684e-01
4.823116341867716983e-07
3.622709512710571289e-01
6.761914491653442383e-01
-2.071978151798248291e-02
4.310880303382873535e-01
6.204581260681152344e-01
-3.294270858168601990e-02
4.807065725326538086e-01
5.679041147232055664e-01
-4.734805598855018616e-02
5.121986269950866699e-01
5.186017155647277832e-01
-5.965436995029449463e-02
3.938236534595489502e-01
4.995639026165008545e-01
-3.481934079900383949e-03
4.482691586017608643e-01
4.581535458564758301e-01
-3.662257641553878784e-02
4.791379868984222412e-01
4.715306758880615234e-01
-6.212801858782768250e-02
4.966309964656829834e-01
5.017967820167541504e-01
-7.304263114929199219e-02
3.624870479106903076e-01
4.633007049560546875e-01
-9.242147207260131836e-03
4.007501900196075439e-01
3.705824613571166992e-01
-2.452992461621761322e-02
4.304910302162170410e-01
3.144109249114990234e-01
-3.388161584734916687e-02
4.547940492630004883e-01
2.643417418003082275e-01
-3.809681907296180725e-02
3.271064162254333496e-01
4.504065513610839844e-01
-2.208180353045463562e-02
3.406764566898345947e-01
3.497455716133117676e-01
-4.031863436102867126e-02
3.580358326435089111e-01
2.879011034965515137e-01
-4.649945721030235291e-02
3.754005134105682373e-01
2.398931980133056641e-01
-4.714791476726531982e-02
2.867102324962615967e-01
4.601104259490966797e-01
-3.800716623663902283e-02
2.714383006095886230e-01
3.805850148200988770e-01
-5.400066077709197998e-02
2.681464552879333496e-01
3.253948092460632324e-01
-5.488743633031845093e-02
2.710794210433959961e-01
2.774807810783386230e-01
-5.152038112282752991e-02
