2.871284782886505127e-01
7.076915502548217773e-01
4.696408097970561357e-07
3.609333038330078125e-01
6.763633489608764648e-01
-1.906062290072441101e-02
4.289515912532806396e-01
6.205443739891052246e-01
-3.081425279378890991e-02
4.789677262306213379e-01
5.678300261497497559e-01
-4.553864896297454834e-02
5.104864835739135742e-01
5.187359452247619629e-01
-5.832316726446151733e-02
3.926047682762145996e-01
5.021115541458129883e-01
4.578432344715110958e-05
4.463127851486206055e-01
4.588109552860260010e-01
-3.331016376614570618e-02
4.784754216670989990e-01
4.688415825366973877e-01
-5.946903675794601440e-02
4.979704618453979492e-01
4.965424537658691406e-01
-7.087495177984237671e-02
3.614037334918975830e-01
4.655388891696929932e-01
-6.443561986088752747e-03
3.987533748149871826e-01
3.713294863700866699e-01
-2.179909311234951019e-02
4.286270141601562500e-01
3.141972422599792480e-01
-3.105162270367145538e-02
4.530701041221618652e-01
2.634023427963256836e-01
-3.503181040287017822e-02
3.261495530605316162e-01
4.518837332725524902e-01
-2.012315578758716583e-02
3.396942913532257080e-01
3.504449725151062012e-01
-3.793510422110557556e-02
3.577667176723480225e-01
2.888574600219726562e-01
-4.301489144563674927e-02
3.759220242500305176e-01
2.415147721767425537e-01
-4.274534806609153748e-02
2.857133448123931885e-01
4.608177840709686279e-01
-3.696852922439575195e-02
2.701053619384765625e-01
3.809184432029724121e-01
-5.227098986506462097e-02
2.679573595523834229e-01
3.258146345615386963e-01
-5.233618617057800293e-02
2.719284594058990479e-01
2.787757515907287598e-01
-4.825846105813980103e-02
