2.877445220947265625e-01
7.082310914993286133e-01
4.621261098236573162e-07
3.609354197978973389e-01
6.769381761550903320e-01
-1.906138658523559570e-02
4.299780428409576416e-01
6.192221641540527344e-01
-3.056551702320575714e-02
4.803892374038696289e-01
5.662103295326232910e-01
-4.488626867532730103e-02
5.126451849937438965e-01
5.178573131561279297e-01
-5.708437040448188782e-02
3.932431340217590332e-01
5.012829303741455078e-01
-1.121137291193008423e-03
4.483453631401062012e-01
4.582732617855072021e-01
-3.521186113357543945e-02
4.796425104141235352e-01
4.703783690929412842e-01
-6.135362759232521057e-02
4.977581501007080078e-01
5.000400543212890625e-01
-7.230111211538314819e-02
3.618639111518859863e-01
4.645986855030059814e-01
-7.337920833379030228e-03
3.995028436183929443e-01
3.709176182746887207e-01
-2.270428277552127838e-02
4.296533167362213135e-01
3.137518763542175293e-01
-3.110080398619174957e-02
4.540711939334869385e-01
2.635558843612670898e-01
-3.418653830885887146e-02
3.262495994567871094e-01
4.509864151477813721e-01
-2.077067643404006958e-02
3.401331305503845215e-01
3.490275442600250244e-01
-3.862705081701278687e-02
3.583682775497436523e-01
2.885839045047760010e-01
-4.252320155501365662e-02
3.766653835773468018e-01
2.425009310245513916e-01
-4.106895998120307922e-02
2.856841087341308594e-01
4.600470960140228271e-01
-3.738365694880485535e-02
2.702722549438476562e-01
3.798413276672363281e-01
-5.289579182863235474e-02
2.678897678852081299e-01
3.249863386154174805e-01
-5.239946022629737854e-02
2.719711363315582275e-01
2.782597541809082031e-01
-4.748822003602981567e-02
