2.856238484382629395e-01
7.039563655853271484e-01
5.027943643653998151e-07
3.603652417659759521e-01
6.745368242263793945e-01
-2.102217450737953186e-02
4.270447194576263428e-01
6.191243529319763184e-01
-3.426920622587203979e-02
4.773668646812438965e-01
5.651073455810546875e-01
-4.999184608459472656e-02
5.104168653488159180e-01
5.148205161094665527e-01
-6.395455449819564819e-02
3.900299668312072754e-01
4.974426031112670898e-01
-3.876955015584826469e-03
4.445018172264099121e-01
4.560020267963409424e-01
-3.702047467231750488e-02
4.778777956962585449e-01
4.647937715053558350e-01
-6.242607906460762024e-02
4.985272884368896484e-01
4.921723008155822754e-01
-7.373879104852676392e-02
3.580040335655212402e-01
4.595994353294372559e-01
-1.005109678953886032e-02
3.970414996147155762e-01
3.647230565547943115e-01
-2.630352601408958435e-02
4.279924035072326660e-01
3.085467815399169922e-01
-3.544843196868896484e-02
4.535245299339294434e-01
2.594301104545593262e-01
-3.960719704627990723e-02
3.219360113143920898e-01
4.457861483097076416e-01
-2.340558171272277832e-02
3.368184864521026611e-01
3.421365618705749512e-01
-4.262362048029899597e-02
3.548620343208312988e-01
2.793437242507934570e-01
-4.911476373672485352e-02
3.729454874992370605e-01
2.317182421684265137e-01
-5.008542537689208984e-02
2.811879813671112061e-01
4.556001424789428711e-01
-3.986073657870292664e-02
2.652034163475036621e-01
3.743470311164855957e-01
-5.699267983436584473e-02
2.614275217056274414e-01
3.173937201499938965e-01
-5.880418792366981506e-02
2.636771500110626221e-01
2.689686715602874756e-01
-5.623637512326240540e-02
