2.827921211719512939e-01
7.044748663902282715e-01
4.830430384572537150e-07
3.574749529361724854e-01
6.741838455200195312e-01
-2.075267769396305084e-02
4.247872531414031982e-01
6.186751127243041992e-01
-3.322710469365119934e-02
4.751790761947631836e-01
5.646061301231384277e-01
-4.824105650186538696e-02
5.088011026382446289e-01
5.153203010559082031e-01
-6.131604313850402832e-02
3.889619112014770508e-01
4.981573522090911865e-01
-2.571123884990811348e-03
4.444256424903869629e-01
4.536795020103454590e-01
-3.688197582960128784e-02
4.786854982376098633e-01
4.633090496063232422e-01
-6.384279578924179077e-02
5.005224347114562988e-01
4.908818006515502930e-01
-7.614266127347946167e-02
3.574703931808471680e-01
4.602065682411193848e-01
-8.456246927380561829e-03
3.965052366256713867e-01
3.653931617736816406e-01
-2.554421871900558472e-02
4.282993078231811523e-01
3.085456490516662598e-01
-3.608553484082221985e-02
4.540157020092010498e-01
2.589052915573120117e-01
-4.103769361972808838e-02
3.213521838188171387e-01
4.462098181247711182e-01
-2.157941833138465881e-02
3.357352316379547119e-01
3.426037430763244629e-01
-4.122472554445266724e-02
3.548736572265625000e-01
2.806413173675537109e-01
-4.786509647965431213e-02
3.742755651473999023e-01
2.334273159503936768e-01
-4.861064627766609192e-02
2.799398005008697510e-01
4.554224610328674316e-01
-3.783880919218063354e-02
2.640700340270996094e-01
3.741858005523681641e-01
-5.488658323884010315e-02
2.616229355335235596e-01
3.177950680255889893e-01
-5.631719157099723816e-02
2.655565142631530762e-01
2.698471546173095703e-01
-5.318315699696540833e-02
