2.793467640876770020e-01
7.017086744308471680e-01
5.211883262745686807e-07
3.542672395706176758e-01
6.730952858924865723e-01
-2.318154089152812958e-02
4.235546588897705078e-01
6.186862587928771973e-01
-3.721490502357482910e-02
4.750778675079345703e-01
5.645767450332641602e-01
-5.314663797616958618e-02
5.085915327072143555e-01
5.123718976974487305e-01
-6.711345911026000977e-02
3.861438632011413574e-01
4.901352822780609131e-01
-6.074325181543827057e-03
4.448157548904418945e-01
4.493449032306671143e-01
-4.078729078173637390e-02
4.770775437355041504e-01
4.625882506370544434e-01
-6.759279966354370117e-02
4.955258965492248535e-01
4.914336204528808594e-01
-7.971794903278350830e-02
3.544705808162689209e-01
4.520873129367828369e-01
-1.187367271631956100e-02
3.949730098247528076e-01
3.557865023612976074e-01
-2.976442500948905945e-02
4.266687929630279541e-01
2.983851134777069092e-01
-4.087129607796669006e-02
4.524866044521331787e-01
2.482061088085174561e-01
-4.632886126637458801e-02
3.172978758811950684e-01
4.396723508834838867e-01
-2.500587143003940582e-02
3.322225511074066162e-01
3.352355957031250000e-01
-4.623983427882194519e-02
3.509256839752197266e-01
2.718502879142761230e-01
-5.453133955597877502e-02
3.700125515460968018e-01
2.224479615688323975e-01
-5.650089681148529053e-02
2.747204005718231201e-01
4.514236450195312500e-01
-4.121844097971916199e-02
2.592959403991699219e-01
3.699714541435241699e-01
-6.010821834206581116e-02
2.558923661708831787e-01
3.126038312911987305e-01
-6.261199712753295898e-02
2.587867379188537598e-01
2.623865604400634766e-01
-6.032816693186759949e-02
