2.783484756946563721e-01
7.027609348297119141e-01
4.911742053081979975e-07
3.537246584892272949e-01
6.729613542556762695e-01
-2.221613936126232147e-02
4.216271340847015381e-01
6.180351376533508301e-01
-3.587237000465393066e-02
4.733808040618896484e-01
5.636608004570007324e-01
-5.187766626477241516e-02
5.083107352256774902e-01
5.129084587097167969e-01
-6.601026654243469238e-02
3.863967061042785645e-01
4.922979474067687988e-01
-4.527559969574213028e-03
4.419517815113067627e-01
4.473868906497955322e-01
-3.943431749939918518e-02
4.761746227741241455e-01
4.576804637908935547e-01
-6.677765399217605591e-02
4.980310797691345215e-01
4.849949479103088379e-01
-7.957927137613296509e-02
3.549529016017913818e-01
4.543444812297821045e-01
-1.064226031303405762e-02
3.936706781387329102e-01
3.570930659770965576e-01
-2.901642397046089172e-02
4.256372451782226562e-01
2.990025281906127930e-01
-4.096890240907669067e-02
4.522405266761779785e-01
2.481735944747924805e-01
-4.725240916013717651e-02
3.179802596569061279e-01
4.412041008472442627e-01
-2.402654103934764862e-02
3.311199545860290527e-01
3.349310755729675293e-01
-4.517745226621627808e-02
3.497518002986907959e-01
2.711997032165527344e-01
-5.339973419904708862e-02
3.696165978908538818e-01
2.216359972953796387e-01
-5.557988211512565613e-02
2.751398682594299316e-01
4.518339037895202637e-01
-4.057750478386878967e-02
2.581318914890289307e-01
3.692795634269714355e-01
-5.902175605297088623e-02
2.560887634754180908e-01
3.116049468517303467e-01
-6.163179874420166016e-02
2.609404325485229492e-01
2.618185877799987793e-01
-5.971935763955116272e-02
