2.556778192520141602e-01
7.389389872550964355e-01
4.116892569072660990e-07
3.150100708007812500e-01
7.101295590400695801e-01
-2.137676626443862915e-02
3.683618307113647461e-01
6.623623967170715332e-01
-3.340396657586097717e-02
4.061514437198638916e-01
6.122292876243591309e-01
-4.630595445632934570e-02
4.319230020046234131e-01
5.670221447944641113e-01
-5.718362331390380859e-02
3.337975442409515381e-01
5.592047572135925293e-01
-6.612349767237901688e-03
3.763107657432556152e-01
5.168936252593994141e-01
-3.479810804128646851e-02
4.050112366676330566e-01
5.193360447883605957e-01
-5.693280324339866638e-02
4.254397153854370117e-01
5.382420420646667480e-01
-6.738626211881637573e-02
3.050751984119415283e-01
5.300551652908325195e-01
-9.306459687650203705e-03
3.320069611072540283e-01
4.466702640056610107e-01
-2.469856292009353638e-02
3.527627289295196533e-01
3.932425677776336670e-01
-3.473635762929916382e-02
3.693697750568389893e-01
3.452504575252532959e-01
-4.003414139151573181e-02
2.735513746738433838e-01
5.208327770233154297e-01
-1.788493804633617401e-02
2.812562882900238037e-01
4.361103773117065430e-01
-3.503026068210601807e-02
2.920488417148590088e-01
3.832242488861083984e-01
-4.144993424415588379e-02
3.039359748363494873e-01
3.413596153259277344e-01
-4.283747076988220215e-02
2.374672889709472656e-01
5.316702127456665039e-01
-2.928396128118038177e-02
2.194721102714538574e-01
4.680017530918121338e-01
-4.381935670971870422e-02
2.132013738155364990e-01
4.215898513793945312e-01
-4.555956646800041199e-02
2.129972875118255615e-01
3.803705573081970215e-01
-4.350291192531585693e-02
