2.746215462684631348e-01
7.018133997917175293e-01
5.107505103296716698e-07
3.510618209838867188e-01
6.743123531341552734e-01
-2.231874316930770874e-02
4.212141036987304688e-01
6.162843108177185059e-01
-3.582963347434997559e-02
4.738059341907501221e-01
5.604582428932189941e-01
-5.154027789831161499e-02
5.072891712188720703e-01
5.071668028831481934e-01
-6.549944728612899780e-02
3.850477635860443115e-01
4.865007698535919189e-01
-6.829999852925539017e-03
4.405837059020996094e-01
4.444338381290435791e-01
-4.043750092387199402e-02
4.746498465538024902e-01
4.551264047622680664e-01
-6.624869257211685181e-02
4.959599971771240234e-01
4.828783869743347168e-01
-7.839075475931167603e-02
3.515600860118865967e-01
4.479997158050537109e-01
-1.387474499642848969e-02
3.905324935913085938e-01
3.481979966163635254e-01
-3.199773654341697693e-02
4.228316247463226318e-01
2.896198630332946777e-01
-4.306098073720932007e-02
4.497242867946624756e-01
2.390148043632507324e-01
-4.874207079410552979e-02
3.130719661712646484e-01
4.356952905654907227e-01
-2.806277014315128326e-02
3.278699815273284912e-01
3.260573148727416992e-01
-5.012099444866180420e-02
3.465284705162048340e-01
2.607839703559875488e-01
-5.906736105680465698e-02
3.659948408603668213e-01
2.106596827507019043e-01
-6.174695864319801331e-02
2.701050043106079102e-01
4.484994709491729736e-01
-4.522936791181564331e-02
2.543451786041259766e-01
3.630035519599914551e-01
-6.551136076450347900e-02
2.507585883140563965e-01
3.032691478729248047e-01
-6.929334253072738647e-02
2.537545561790466309e-01
2.510150671005249023e-01
-6.816535443067550659e-02
