2.698195576667785645e-01
7.037866711616516113e-01
5.412775863078422844e-07
3.465396761894226074e-01
6.732710599899291992e-01
-2.434811182320117950e-02
4.166678786277770996e-01
6.168289184570312500e-01
-3.958776593208312988e-02
4.709833264350891113e-01
5.602269172668457031e-01
-5.707466229796409607e-02
5.038288831710815430e-01
5.053035616874694824e-01
-7.280318439006805420e-02
3.788402676582336426e-01
4.861491620540618896e-01
-7.255397737026214600e-03
4.360000193119049072e-01
4.403223097324371338e-01
-4.288824647665023804e-02
4.711886644363403320e-01
4.494517743587493896e-01
-7.089951634407043457e-02
4.935590028762817383e-01
4.785977602005004883e-01
-8.424098044633865356e-02
3.447567820549011230e-01
4.469895958900451660e-01
-1.371519081294536591e-02
3.850819170475006104e-01
3.446561992168426514e-01
-3.243355080485343933e-02
4.168601334095001221e-01
2.838087677955627441e-01
-4.525899887084960938e-02
4.440958797931671143e-01
2.289092838764190674e-01
-5.273603275418281555e-02
3.059875965118408203e-01
4.329376220703125000e-01
-2.763071656227111816e-02
3.217755258083343506e-01
3.223403394222259521e-01
-4.949928820133209229e-02
3.399820923805236816e-01
2.547444105148315430e-01
-5.946384370326995850e-02
3.590054810047149658e-01
2.018682360649108887e-01
-6.335953623056411743e-02
2.617643475532531738e-01
4.438183307647705078e-01
-4.481990262866020203e-02
2.453429102897644043e-01
3.565133213996887207e-01
-6.379679590463638306e-02
2.418059855699539185e-01
2.955710589885711670e-01
-6.726106256246566772e-02
2.449685037136077881e-01
2.425331771373748779e-01
-6.649500131607055664e-02
