2.701254487037658691e-01
7.056817412376403809e-01
5.062495915808540303e-07
3.469306528568267822e-01
6.735757589340209961e-01
-2.147534303367137909e-02
4.153164923191070557e-01
6.149459481239318848e-01
-3.474331274628639221e-02
4.680731296539306641e-01
5.577939748764038086e-01
-5.075962841510772705e-02
5.022038221359252930e-01
5.057381987571716309e-01
-6.509575247764587402e-02
3.791665434837341309e-01
4.860267639160156250e-01
-3.956405911594629288e-03
4.372069835662841797e-01
4.386111795902252197e-01
-4.017603769898414612e-02
4.731592535972595215e-01
4.480426609516143799e-01
-6.949922442436218262e-02
4.968568682670593262e-01
4.762606024742126465e-01
-8.381715416908264160e-02
3.450908064842224121e-01
4.465588629245758057e-01
-1.100395340472459793e-02
3.849691748619079590e-01
3.451783955097198486e-01
-2.999626845121383667e-02
4.179514944553375244e-01
2.840970158576965332e-01
-4.386831447482109070e-02
4.454939365386962891e-01
2.293819189071655273e-01
-5.208792164921760559e-02
3.060847520828247070e-01
4.322373270988464355e-01
-2.535098977386951447e-02
3.219189643859863281e-01
3.216356933116912842e-01
-4.679567739367485046e-02
3.408567607402801514e-01
2.549769282341003418e-01
-5.715659633278846741e-02
3.609735369682312012e-01
2.021994292736053467e-01
-6.133477389812469482e-02
2.616167366504669189e-01
4.429658949375152588e-01
-4.279285669326782227e-02
2.441260814666748047e-01
3.563952445983886719e-01
-6.132217869162559509e-02
2.410725653171539307e-01
2.962008714675903320e-01
-6.490046530961990356e-02
2.455129474401473999e-01
2.436433136463165283e-01
-6.414324045181274414e-02
