2.623319327831268311e-01
7.030495405197143555e-01
5.601356747320096474e-07
3.412764072418212891e-01
6.726622581481933594e-01
-2.427293732762336731e-02
4.114819765090942383e-01
6.151754260063171387e-01
-3.886992856860160828e-02
4.657637476921081543e-01
5.586512684822082520e-01
-5.603725835680961609e-02
4.987487196922302246e-01
5.043495297431945801e-01
-7.122668623924255371e-02
3.743715584278106689e-01
4.786687195301055908e-01
-4.030032083392143250e-03
4.350142776966094971e-01
4.360666275024414062e-01
-4.183316230773925781e-02
4.716815352439880371e-01
4.476357996463775635e-01
-7.207220047712326050e-02
4.943867921829223633e-01
4.801707863807678223e-01
-8.619996905326843262e-02
3.397803008556365967e-01
4.398549795150756836e-01
-1.044175773859024048e-02
3.800134956836700439e-01
3.360708355903625488e-01
-2.935060486197471619e-02
4.139367341995239258e-01
2.732270956039428711e-01
-4.227261617779731750e-02
4.425555169582366943e-01
2.176123261451721191e-01
-4.914116114377975464e-02
3.002471923828125000e-01
4.284626543521881104e-01
-2.488855645060539246e-02
3.159315288066864014e-01
3.151893019676208496e-01
-4.792007431387901306e-02
3.350716531276702881e-01
2.452632188796997070e-01
-5.842661485075950623e-02
3.547509312629699707e-01
1.908924281597137451e-01
-6.174229457974433899e-02
2.558149099349975586e-01
4.421782493591308594e-01
-4.266563430428504944e-02
2.397793382406234741e-01
3.551083505153656006e-01
-6.396556645631790161e-02
2.354774624109268188e-01
2.930523753166198730e-01
-6.846037507057189941e-02
2.380998134613037109e-01
2.382347583770751953e-01
-6.737919151782989502e-02
