2.583691775798797607e-01
7.055266499519348145e-01
5.320192713043070398e-07
3.382099270820617676e-01
6.741075515747070312e-01
-2.363508939743041992e-02
4.097626209259033203e-01
6.162142753601074219e-01
-3.808482363820075989e-02
4.647475183010101318e-01
5.583430528640747070e-01
-5.552974343299865723e-02
4.991431832313537598e-01
5.037549138069152832e-01
-7.086232304573059082e-02
3.736556172370910645e-01
4.785967469215393066e-01
-1.593806431628763676e-03
4.348318278789520264e-01
4.331674873828887939e-01
-4.044089838862419128e-02
4.712928533554077148e-01
4.452412128448486328e-01
-7.166438549757003784e-02
4.938281774520874023e-01
4.786061644554138184e-01
-8.617918193340301514e-02
3.391377031803131104e-01
4.390487968921661377e-01
-8.063395507633686066e-03
3.795114159584045410e-01
3.368029296398162842e-01
-2.736875228583812714e-02
4.137263298034667969e-01
2.747343778610229492e-01
-4.049403220415115356e-02
4.430886805057525635e-01
2.182495296001434326e-01
-4.737246409058570862e-02
2.996110022068023682e-01
4.262323379516601562e-01
-2.276804484426975250e-02
3.151508867740631104e-01
3.135530650615692139e-01
-4.522947594523429871e-02
3.347566127777099609e-01
2.446572482585906982e-01
-5.446199327707290649e-02
3.553664088249206543e-01
1.903508305549621582e-01
-5.687522515654563904e-02
2.544578015804290771e-01
4.389474391937255859e-01
-4.099516198039054871e-02
2.375781238079071045e-01
3.523494005203247070e-01
-6.108161062002182007e-02
2.349583059549331665e-01
2.908081114292144775e-01
-6.441766768693923950e-02
2.395411431789398193e-01
2.365830838680267334e-01
-6.245206668972969055e-02
