2.566253542900085449e-01
7.073255777359008789e-01
5.458384180201392155e-07
3.367751240730285645e-01
6.758171319961547852e-01
-2.312905713915824890e-02
4.096030294895172119e-01
6.150380373001098633e-01
-3.685291483998298645e-02
4.636893868446350098e-01
5.569304823875427246e-01
-5.299644172191619873e-02
4.975084364414215088e-01
5.035554766654968262e-01
-6.724975258111953735e-02
3.702403604984283447e-01
4.794248938560485840e-01
-5.137479398399591446e-03
4.301797747611999512e-01
4.332561492919921875e-01
-4.114434123039245605e-02
4.673891365528106689e-01
4.437596797943115234e-01
-7.012179493904113770e-02
4.913742840290069580e-01
4.730749130249023438e-01
-8.399566262960433960e-02
3.354804515838623047e-01
4.396840035915374756e-01
-1.176940090954303741e-02
3.771669864654541016e-01
3.347643911838531494e-01
-3.003748878836631775e-02
4.115302264690399170e-01
2.709219455718994141e-01
-4.317233711481094360e-02
4.403245747089385986e-01
2.138129174709320068e-01
-5.079979449510574341e-02
2.955692410469055176e-01
4.253615736961364746e-01
-2.590878866612911224e-02
3.120464682579040527e-01
3.114828467369079590e-01
-4.737135022878646851e-02
3.319033980369567871e-01
2.419860661029815674e-01
-5.785822123289108276e-02
3.520994484424591064e-01
1.877529919147491455e-01
-6.201667338609695435e-02
2.497735023498535156e-01
4.361511766910552979e-01
-4.325493052601814270e-02
2.311873733997344971e-01
3.479231894016265869e-01
-6.251440197229385376e-02
2.267588675022125244e-01
2.857480049133300781e-01
-6.643940508365631104e-02
2.295768558979034424e-01
2.310101985931396484e-01
-6.570740044116973877e-02
