2.557224333286285400e-01
7.081676721572875977e-01
5.233425213191367220e-07
3.357099890708923340e-01
6.760150790214538574e-01
-2.217621542513370514e-02
4.096848666667938232e-01
6.128066778182983398e-01
-3.468468785285949707e-02
4.644515216350555420e-01
5.537643432617187500e-01
-4.958256334066390991e-02
4.999234080314636230e-01
5.023686289787292480e-01
-6.248196959495544434e-02
3.703241050243377686e-01
4.793806076049804688e-01
-3.339093877002596855e-03
4.299364984035491943e-01
4.321818351745605469e-01
-3.895336389541625977e-02
4.669647216796875000e-01
4.414215385913848877e-01
-6.794348359107971191e-02
4.911925494670867920e-01
4.692093133926391602e-01
-8.191352337598800659e-02
3.353551030158996582e-01
4.395013153553009033e-01
-9.738417342305183411e-03
3.768172860145568848e-01
3.362669646739959717e-01
-2.768823876976966858e-02
4.117280244827270508e-01
2.723973393440246582e-01
-4.099170118570327759e-02
4.411940574645996094e-01
2.148770093917846680e-01
-4.874788969755172729e-02
2.953153252601623535e-01
4.246467053890228271e-01
-2.357260137796401978e-02
3.115634024143218994e-01
3.107276558876037598e-01
-4.427482560276985168e-02
3.309572339057922363e-01
2.421262860298156738e-01
-5.444995313882827759e-02
3.514515161514282227e-01
1.877470314502716064e-01
-5.846906453371047974e-02
2.496488243341445923e-01
4.349758028984069824e-01
-4.061511158943176270e-02
2.309974133968353271e-01
3.467677235603332520e-01
-5.873268842697143555e-02
2.276765406131744385e-01
2.860687673091888428e-01
-6.207702308893203735e-02
2.323330342769622803e-01
2.325411438941955566e-01
-6.101721152663230896e-02
