2.568047642707824707e-01
7.080640792846679688e-01
5.334972570381069090e-07
3.367502987384796143e-01
6.754547357559204102e-01
-2.248000726103782654e-02
4.098703265190124512e-01
6.133826375007629395e-01
-3.539020195603370667e-02
4.637461304664611816e-01
5.544830560684204102e-01
-5.072895437479019165e-02
4.994969367980957031e-01
5.029966831207275391e-01
-6.413936614990234375e-02
3.700694441795349121e-01
4.794715046882629395e-01
-3.456647740676999092e-03
4.290614128112792969e-01
4.331685900688171387e-01
-3.903011232614517212e-02
4.666389226913452148e-01
4.420489966869354248e-01
-6.795905530452728271e-02
4.918284714221954346e-01
4.693087339401245117e-01
-8.202758431434631348e-02
3.353925645351409912e-01
4.400790929794311523e-01
-9.975501336157321930e-03
3.762055635452270508e-01
3.370450139045715332e-01
-2.833958528935909271e-02
4.111916124820709229e-01
2.726809084415435791e-01
-4.183891043066978455e-02
4.408625364303588867e-01
2.145616114139556885e-01
-4.972841963171958923e-02
2.954939305782318115e-01
4.257586896419525146e-01
-2.395172230899333954e-02
3.116814792156219482e-01
3.120117187500000000e-01
-4.521633684635162354e-02
3.310831189155578613e-01
2.428798079490661621e-01
-5.551364272832870483e-02
3.515571653842926025e-01
1.883036494255065918e-01
-5.950625613331794739e-02
2.497940957546234131e-01
4.364737272262573242e-01
-4.114223271608352661e-02
2.310565710067749023e-01
3.479775786399841309e-01
-5.986767634749412537e-02
2.277121543884277344e-01
2.864373326301574707e-01
-6.344611942768096924e-02
2.322287559509277344e-01
2.325151860713958740e-01
-6.246333941817283630e-02
