2.519645094871520996e-01
7.064362168312072754e-01
5.651289143315807451e-07
3.323104083538055420e-01
6.762621998786926270e-01
-2.607670612633228302e-02
4.044651389122009277e-01
6.183649301528930664e-01
-4.243795201182365417e-02
4.594407379627227783e-01
5.601168870925903320e-01
-6.095853447914123535e-02
4.952017664909362793e-01
5.051119923591613770e-01
-7.753209769725799561e-02
3.674503266811370850e-01
4.786890447139739990e-01
-8.322353474795818329e-03
4.275398552417755127e-01
4.326141774654388428e-01
-4.695551097393035889e-02
4.645192921161651611e-01
4.428710639476776123e-01
-7.767090946435928345e-02
4.880126714706420898e-01
4.730068445205688477e-01
-9.250400215387344360e-02
3.320511579513549805e-01
4.378226995468139648e-01
-1.461392547935247421e-02
3.726037740707397461e-01
3.316199779510498047e-01
-3.515400364995002747e-02
4.071742892265319824e-01
2.671306729316711426e-01
-4.946878179907798767e-02
4.362399280071258545e-01
2.100645005702972412e-01
-5.772105231881141663e-02
2.911972403526306152e-01
4.246242940425872803e-01
-2.876314893364906311e-02
3.060843944549560547e-01
3.087621629238128662e-01
-5.275360122323036194e-02
3.255721330642700195e-01
2.376398146152496338e-01
-6.414420157670974731e-02
3.459298610687255859e-01
1.822747588157653809e-01
-6.858021765947341919e-02
2.446449100971221924e-01
4.376920461654663086e-01
-4.630769044160842896e-02
2.258903980255126953e-01
3.483840525150299072e-01
-6.797655671834945679e-02
2.214508652687072754e-01
2.848274409770965576e-01
-7.300367951393127441e-02
2.240966409444808960e-01
2.287018001079559326e-01
-7.279343903064727783e-02
