2.507865428924560547e-01
7.095320224761962891e-01
5.474924478221510071e-07
3.303101658821105957e-01
6.787109375000000000e-01
-2.597088553011417389e-02
4.015813469886779785e-01
6.194160580635070801e-01
-4.258424416184425354e-02
4.570245742797851562e-01
5.603123903274536133e-01
-6.131692603230476379e-02
4.957254230976104736e-01
5.062091350555419922e-01
-7.791022956371307373e-02
3.658890724182128906e-01
4.795847237110137939e-01
-8.197918534278869629e-03
4.279125332832336426e-01
4.302991628646850586e-01
-4.800288751721382141e-02
4.643622040748596191e-01
4.410768747329711914e-01
-7.925835996866226196e-02
4.865890443325042725e-01
4.731129705905914307e-01
-9.388553351163864136e-02
3.308321237564086914e-01
4.379886984825134277e-01
-1.395029760897159576e-02
3.730364441871643066e-01
3.313841521739959717e-01
-3.448486328125000000e-02
4.079211950302124023e-01
2.673351764678955078e-01
-4.838689044117927551e-02
4.368357658386230469e-01
2.108730971813201904e-01
-5.607115104794502258e-02
2.903393805027008057e-01
4.239989817142486572e-01
-2.758922241628170013e-02
3.063582181930541992e-01
3.079967498779296875e-01
-5.070289596915245056e-02
3.260123431682586670e-01
2.374655902385711670e-01
-6.074468046426773071e-02
3.465365171432495117e-01
1.820789873600006104e-01
-6.418858468532562256e-02
2.439107000827789307e-01
4.364551007747650146e-01
-4.469722136855125427e-02
2.247132509946823120e-01
3.464989662170410156e-01
-6.496244668960571289e-02
2.216786146163940430e-01
2.836096882820129395e-01
-6.864688545465469360e-02
2.262178361415863037e-01
2.284876108169555664e-01
-6.734010577201843262e-02
