2.555829882621765137e-01
7.385522127151489258e-01
4.252312066910235444e-07
3.157989382743835449e-01
7.094392776489257812e-01
-2.044004574418067932e-02
3.685925006866455078e-01
6.623738408088684082e-01
-3.233185037970542908e-02
4.063274264335632324e-01
6.124418377876281738e-01
-4.534182697534561157e-02
4.323146641254425049e-01
5.669680833816528320e-01
-5.651925504207611084e-02
3.339333236217498779e-01
5.586456060409545898e-01
-5.071975290775299072e-03
3.767006099224090576e-01
5.178490877151489258e-01
-3.184714913368225098e-02
4.049563407897949219e-01
5.184322595596313477e-01
-5.260817706584930420e-02
4.248691797256469727e-01
5.358523130416870117e-01
-6.229116395115852356e-02
3.048008382320404053e-01
5.290942788124084473e-01
-8.375353179872035980e-03
3.317300379276275635e-01
4.458944201469421387e-01
-2.319875359535217285e-02
3.524561822414398193e-01
3.934987485408782959e-01
-3.230655565857887268e-02
3.692808151245117188e-01
3.468427658081054688e-01
-3.671336546540260315e-02
2.729707062244415283e-01
5.198793411254882812e-01
-1.748932525515556335e-02
2.807289659976959229e-01
4.350286126136779785e-01
-3.459031134843826294e-02
2.917454540729522705e-01
3.825366497039794922e-01
-4.068642482161521912e-02
3.038886189460754395e-01
3.414496481418609619e-01
-4.171349480748176575e-02
2.369668781757354736e-01
5.311334133148193359e-01
-2.928458712995052338e-02
2.185930460691452026e-01
4.677800536155700684e-01
-4.413783922791481018e-02
2.128935754299163818e-01
4.215711355209350586e-01
-4.597604647278785706e-02
2.133312523365020752e-01
3.809434175491333008e-01
-4.384874179959297180e-02
