2.502309381961822510e-01
7.145353555679321289e-01
5.217713692218239885e-07
3.291892111301422119e-01
6.817246675491333008e-01
-2.277793176472187042e-02
4.025732278823852539e-01
6.181974411010742188e-01
-3.615550696849822998e-02
4.586656689643859863e-01
5.585390329360961914e-01
-5.187674611806869507e-02
4.934419989585876465e-01
5.036331415176391602e-01
-6.552690267562866211e-02
3.621399402618408203e-01
4.816886484622955322e-01
-6.841672584414482117e-03
4.245374202728271484e-01
4.332039654254913330e-01
-4.592270404100418091e-02
4.631471633911132812e-01
4.446960091590881348e-01
-7.711169123649597168e-02
4.878877401351928711e-01
4.748696684837341309e-01
-9.191472828388214111e-02
3.271868228912353516e-01
4.411068558692932129e-01
-1.361923478543758392e-02
3.683103919029235840e-01
3.336678147315979004e-01
-3.348473832011222839e-02
4.039667546749114990e-01
2.674883902072906494e-01
-4.741200432181358337e-02
4.331078231334686279e-01
2.081169188022613525e-01
-5.536332726478576660e-02
2.867372930049896240e-01
4.274519979953765869e-01
-2.790896035730838776e-02
3.022824227809906006e-01
3.108698725700378418e-01
-5.025061592459678650e-02
3.220568895339965820e-01
2.392732799053192139e-01
-6.017351895570755005e-02
3.426896631717681885e-01
1.816678345203399658e-01
-6.358717381954193115e-02
2.402682304382324219e-01
4.397853612899780273e-01
-4.546928778290748596e-02
2.210313081741333008e-01
3.492121100425720215e-01
-6.510125100612640381e-02
2.175202071666717529e-01
2.855939865112304688e-01
-6.850332766771316528e-02
2.221597731113433838e-01
2.291204631328582764e-01
-6.701904535293579102e-02
