2.506082057952880859e-01
7.143871188163757324e-01
5.146623038854158949e-07
3.293609619140625000e-01
6.823616027832031250e-01
-2.293249033391475677e-02
4.037628471851348877e-01
6.160620450973510742e-01
-3.658955171704292297e-02
4.601037502288818359e-01
5.566067695617675781e-01
-5.269616097211837769e-02
4.942448139190673828e-01
5.029819607734680176e-01
-6.658461689949035645e-02
3.634821176528930664e-01
4.806770086288452148e-01
-8.432777598500251770e-03
4.270991384983062744e-01
4.309311211109161377e-01
-4.918628558516502380e-02
4.643798768520355225e-01
4.457350969314575195e-01
-8.098284900188446045e-02
4.866947531700134277e-01
4.798967242240905762e-01
-9.549336880445480347e-02
3.280287981033325195e-01
4.401426017284393311e-01
-1.542485598474740982e-02
3.689253330230712891e-01
3.338606953620910645e-01
-3.604692593216896057e-02
4.052129983901977539e-01
2.669807672500610352e-01
-4.997724667191505432e-02
4.346415102481842041e-01
2.077926695346832275e-01
-5.763924866914749146e-02
2.868846952915191650e-01
4.268463551998138428e-01
-3.009728528559207916e-02
3.030180633068084717e-01
3.092325925827026367e-01
-5.298995971679687500e-02
3.229271769523620605e-01
2.379564940929412842e-01
-6.305095553398132324e-02
3.434411287307739258e-01
1.811790168285369873e-01
-6.636887788772583008e-02
2.401891201734542847e-01
4.401350021362304688e-01
-4.804141446948051453e-02
2.205311059951782227e-01
3.497763872146606445e-01
-6.818215548992156982e-02
2.162992209196090698e-01
2.864885926246643066e-01
-7.168240100145339966e-02
2.205447852611541748e-01
2.310811579227447510e-01
-7.006278634071350098e-02
