2.457615286111831665e-01
7.176862955093383789e-01
5.736956723012553994e-07
3.268300294876098633e-01
6.850008964538574219e-01
-2.558343298733234406e-02
3.977852463722229004e-01
6.240375638008117676e-01
-4.173465073108673096e-02
4.537672400474548340e-01
5.640578269958496094e-01
-6.019148603081703186e-02
4.913372993469238281e-01
5.081419944763183594e-01
-7.680619508028030396e-02
3.599669337272644043e-01
4.823026359081268311e-01
-7.394100539386272430e-03
4.194125831127166748e-01
4.329407811164855957e-01
-4.546335339546203613e-02
4.584990143775939941e-01
4.408542215824127197e-01
-7.604384422302246094e-02
4.852427840232849121e-01
4.693737030029296875e-01
-9.092143177986145020e-02
3.239331841468811035e-01
4.414231479167938232e-01
-1.356899831444025040e-02
3.650011718273162842e-01
3.333066403865814209e-01
-3.356564044952392578e-02
3.996998965740203857e-01
2.674038708209991455e-01
-4.773123562335968018e-02
4.290607869625091553e-01
2.078397572040557861e-01
-5.588028207421302795e-02
2.826275527477264404e-01
4.280538260936737061e-01
-2.750636264681816101e-02
2.979828715324401855e-01
3.111286163330078125e-01
-5.054702237248420715e-02
3.172908425331115723e-01
2.390316426753997803e-01
-6.145131215453147888e-02
3.376013934612274170e-01
1.813687384128570557e-01
-6.564836204051971436e-02
2.357269823551177979e-01
4.421539902687072754e-01
-4.487384483218193054e-02
2.171460986137390137e-01
3.520694375038146973e-01
-6.553697586059570312e-02
2.128822803497314453e-01
2.874259948730468750e-01
-6.985235214233398438e-02
2.158172279596328735e-01
2.295171618461608887e-01
-6.912517547607421875e-02
