2.422585487365722656e-01
7.232184410095214844e-01
5.518348302757658530e-07
3.237715661525726318e-01
6.877087950706481934e-01
-2.240270562469959259e-02
3.952498435974121094e-01
6.245151162147521973e-01
-3.724900633096694946e-02
4.506429135799407959e-01
5.647529363632202148e-01
-5.504895746707916260e-02
4.895242452621459961e-01
5.113397836685180664e-01
-7.101985812187194824e-02
3.543108403682708740e-01
4.847594797611236572e-01
-3.601266769692301750e-03
4.136620163917541504e-01
4.364585578441619873e-01
-4.104946926236152649e-02
4.534764885902404785e-01
4.429565072059631348e-01
-7.157830893993377686e-02
4.807655811309814453e-01
4.693793952465057373e-01
-8.684291690587997437e-02
3.189447224140167236e-01
4.436712265014648438e-01
-1.185792684555053711e-02
3.609937727451324463e-01
3.349056243896484375e-01
-3.196775913238525391e-02
3.966998755931854248e-01
2.697356939315795898e-01
-4.614137485623359680e-02
4.261215031147003174e-01
2.123165130615234375e-01
-5.420156568288803101e-02
2.783956527709960938e-01
4.305048286914825439e-01
-2.773836068809032440e-02
2.937838733196258545e-01
3.116991519927978516e-01
-5.106759071350097656e-02
3.132992982864379883e-01
2.397284209728240967e-01
-6.151844933629035950e-02
3.336933553218841553e-01
1.825825273990631104e-01
-6.530957669019699097e-02
2.321943342685699463e-01
4.454697072505950928e-01
-4.683574661612510681e-02
2.127525508403778076e-01
3.541860282421112061e-01
-6.763835996389389038e-02
2.088928520679473877e-01
2.896070480346679688e-01
-7.156762480735778809e-02
2.121677100658416748e-01
2.326750457286834717e-01
-7.059916108846664429e-02
