2.434503287076950073e-01
7.244246006011962891e-01
5.191454874875489622e-07
3.239672780036926270e-01
6.884333491325378418e-01
-2.073907852172851562e-02
3.958346843719482422e-01
6.234884858131408691e-01
-3.441243246197700500e-02
4.502646625041961670e-01
5.635578632354736328e-01
-5.110557749867439270e-02
4.882124066352844238e-01
5.108076930046081543e-01
-6.605271995067596436e-02
3.554962575435638428e-01
4.871279597282409668e-01
-4.165887832641601562e-03
4.150841832160949707e-01
4.358814656734466553e-01
-4.306876286864280701e-02
4.543113112449645996e-01
4.443543553352355957e-01
-7.523329555988311768e-02
4.808374047279357910e-01
4.732518196105957031e-01
-9.128244221210479736e-02
3.200564086437225342e-01
4.468037486076354980e-01
-1.270214654505252838e-02
3.617218136787414551e-01
3.374874293804168701e-01
-3.345962986350059509e-02
3.980064094066619873e-01
2.706474661827087402e-01
-4.939324408769607544e-02
4.276235103607177734e-01
2.123782932758331299e-01
-5.915465205907821655e-02
2.787837088108062744e-01
4.331410527229309082e-01
-2.858022041618824005e-02
2.948240339756011963e-01
3.138218522071838379e-01
-5.156575143337249756e-02
3.143851459026336670e-01
2.425013482570648193e-01
-6.330468505620956421e-02
3.349783420562744141e-01
1.856537759304046631e-01
-6.843413412570953369e-02
2.319831252098083496e-01
4.467680454254150391e-01
-4.745871201157569885e-02
2.118830829858779907e-01
3.540815711021423340e-01
-6.694263219833374023e-02
2.076591551303863525e-01
2.902171015739440918e-01
-7.065271586179733276e-02
2.112275063991546631e-01
2.345673739910125732e-01
-7.004772871732711792e-02
