2.433209717273712158e-01
7.298268079757690430e-01
4.991677542420802638e-07
3.228393495082855225e-01
6.946678161621093750e-01
-2.269876934587955475e-02
3.937366604804992676e-01
6.327407360076904297e-01
-3.760105371475219727e-02
4.486172795295715332e-01
5.737776756286621094e-01
-5.507687106728553772e-02
4.846314787864685059e-01
5.181049108505249023e-01
-7.037141919136047363e-02
3.549790382385253906e-01
4.908031225204467773e-01
-7.532710209488868713e-03
4.175080358982086182e-01
4.408858120441436768e-01
-4.866836592555046082e-02
4.539205431938171387e-01
4.542168974876403809e-01
-8.193609118461608887e-02
4.750061035156250000e-01
4.870376586914062500e-01
-9.791110455989837646e-02
3.181058466434478760e-01
4.500146508216857910e-01
-1.539278496056795120e-02
3.593680560588836670e-01
3.403953611850738525e-01
-3.758195042610168457e-02
3.938397169113159180e-01
2.740446329116821289e-01
-5.393517017364501953e-02
4.210363924503326416e-01
2.172011733055114746e-01
-6.348784267902374268e-02
2.754635214805603027e-01
4.379718899726867676e-01
-3.068830817937850952e-02
2.908163368701934814e-01
3.177878856658935547e-01
-5.506609007716178894e-02
3.092490136623382568e-01
2.470782250165939331e-01
-6.687855720520019531e-02
3.292196393013000488e-01
1.912190616130828857e-01
-7.149357348680496216e-02
2.284510135650634766e-01
4.545164704322814941e-01
-4.903575778007507324e-02
2.081950753927230835e-01
3.636019825935363770e-01
-6.999060511589050293e-02
2.041728496551513672e-01
3.004920184612274170e-01
-7.385887950658798218e-02
2.085513919591903687e-01
2.448703348636627197e-01
-7.263274490833282471e-02
