2.429000735282897949e-01
7.318601012229919434e-01
5.013808959120069630e-07
3.233901262283325195e-01
6.955443620681762695e-01
-2.125330455601215363e-02
3.939609825611114502e-01
6.330849528312683105e-01
-3.533688187599182129e-02
4.489872455596923828e-01
5.739688873291015625e-01
-5.211609229445457458e-02
4.855684041976928711e-01
5.186774134635925293e-01
-6.702972948551177979e-02
3.549947440624237061e-01
4.940591454505920410e-01
-6.094843149185180664e-03
4.148282408714294434e-01
4.423636496067047119e-01
-4.560740664601325989e-02
4.518733024597167969e-01
4.524658024311065674e-01
-7.807862758636474609e-02
4.752151966094970703e-01
4.825857281684875488e-01
-9.405139833688735962e-02
3.181672692298889160e-01
4.537550508975982666e-01
-1.454613078385591507e-02
3.590243756771087646e-01
3.431535363197326660e-01
-3.616205975413322449e-02
3.938925266265869141e-01
2.764298617839813232e-01
-5.285991728305816650e-02
4.218318760395050049e-01
2.188371419906616211e-01
-6.300406157970428467e-02
2.754585146903991699e-01
4.413974583148956299e-01
-3.018026240170001984e-02
2.908819019794464111e-01
3.205394744873046875e-01
-5.419849231839179993e-02
3.093437552452087402e-01
2.490284442901611328e-01
-6.669703125953674316e-02
3.294374644756317139e-01
1.920903921127319336e-01
-7.213603705167770386e-02
2.282549738883972168e-01
4.568953812122344971e-01
-4.867227748036384583e-02
2.075045555830001831e-01
3.642197251319885254e-01
-6.914094090461730957e-02
2.031726837158203125e-01
3.006219863891601562e-01
-7.319734245538711548e-02
2.072227299213409424e-01
2.444937527179718018e-01
-7.253596931695938110e-02
