2.435166537761688232e-01
7.320371270179748535e-01
5.037905452809354756e-07
3.245671689510345459e-01
6.960281133651733398e-01
-1.986676454544067383e-02
3.955495357513427734e-01
6.317934989929199219e-01
-3.257495909929275513e-02
4.498219192028045654e-01
5.725302696228027344e-01
-4.809391871094703674e-02
4.849711060523986816e-01
5.181416869163513184e-01
-6.188981980085372925e-02
3.543192446231842041e-01
4.935570657253265381e-01
-4.581701941788196564e-03
4.142688512802124023e-01
4.444473087787628174e-01
-4.244710877537727356e-02
4.513503015041351318e-01
4.529842734336853027e-01
-7.362616062164306641e-02
4.748144149780273438e-01
4.811072051525115967e-01
-8.899461477994918823e-02
3.173990249633789062e-01
4.537831842899322510e-01
-1.343828253448009491e-02
3.585485517978668213e-01
3.438016176223754883e-01
-3.422323614358901978e-02
3.936871886253356934e-01
2.766313552856445312e-01
-5.017877370119094849e-02
4.218708574771881104e-01
2.187344133853912354e-01
-5.973516777157783508e-02
2.748236954212188721e-01
4.417481422424316406e-01
-2.931011468172073364e-02
2.909986674785614014e-01
3.207648098468780518e-01
-5.293735489249229431e-02
3.097691237926483154e-01
2.492228150367736816e-01
-6.534907221794128418e-02
3.297492265701293945e-01
1.927216649055480957e-01
-7.067225128412246704e-02
2.278229296207427979e-01
4.573818445205688477e-01
-4.786377400159835815e-02
2.078393995761871338e-01
3.651063144207000732e-01
-6.845474988222122192e-02
2.036713957786560059e-01
3.012253046035766602e-01
-7.278121262788772583e-02
2.075715959072113037e-01
2.450937330722808838e-01
-7.224806398153305054e-02
