2.416096776723861694e-01
7.505915164947509766e-01
5.304069077283202205e-07
3.193017542362213135e-01
7.148451805114746094e-01
-2.726694755256175995e-02
3.888729214668273926e-01
6.515949368476867676e-01
-4.422637075185775757e-02
4.419742226600646973e-01
5.913506150245666504e-01
-6.273744255304336548e-02
4.812501668930053711e-01
5.358819365501403809e-01
-7.936827093362808228e-02
3.475677073001861572e-01
5.054412484169006348e-01
-1.392170507460832596e-02
4.088519215583801270e-01
4.553140997886657715e-01
-5.507517606019973755e-02
4.488925635814666748e-01
4.678962528705596924e-01
-8.876698464155197144e-02
4.748332500457763672e-01
4.957525730133056641e-01
-1.062957420945167542e-01
3.110429048538208008e-01
4.663911163806915283e-01
-2.115255966782569885e-02
3.506192564964294434e-01
3.526996672153472900e-01
-4.593818262219429016e-02
3.854221701622009277e-01
2.865960597991943359e-01
-6.432311236858367920e-02
4.125449657440185547e-01
2.313288450241088867e-01
-7.549376040697097778e-02
2.683649659156799316e-01
4.588427841663360596e-01
-3.572903200984001160e-02
2.825094163417816162e-01
3.385309875011444092e-01
-6.337504088878631592e-02
3.001503050327301025e-01
2.652634382247924805e-01
-7.806997746229171753e-02
3.189609944820404053e-01
2.065092623233795166e-01
-8.448831737041473389e-02
2.213278263807296753e-01
4.811817407608032227e-01
-5.342473089694976807e-02
2.008960694074630737e-01
3.881029188632965088e-01
-7.773382961750030518e-02
1.946636736392974854e-01
3.223206400871276855e-01
-8.379206061363220215e-02
1.950277090072631836e-01
2.640939354896545410e-01
-8.417052030563354492e-02
