2.416002750396728516e-01
7.537388801574707031e-01
4.945369482811656781e-07
3.210185766220092773e-01
7.133633494377136230e-01
-2.223557792603969574e-02
3.911973834037780762e-01
6.478730440139770508e-01
-3.786332905292510986e-02
4.450587630271911621e-01
5.885817408561706543e-01
-5.627833306789398193e-02
4.829261302947998047e-01
5.328968167304992676e-01
-7.306854426860809326e-02
3.478918075561523438e-01
5.086365938186645508e-01
-9.965937584638595581e-03
4.081563949584960938e-01
4.542067646980285645e-01
-5.220444500446319580e-02
4.471330940723419189e-01
4.671478271484375000e-01
-8.654882758855819702e-02
4.723582267761230469e-01
4.986828565597534180e-01
-1.039467751979827881e-01
3.112671971321105957e-01
4.713093340396881104e-01
-1.931691542267799377e-02
3.499823808670043945e-01
3.584017753601074219e-01
-4.436295107007026672e-02
3.854311108589172363e-01
2.900504469871520996e-01
-6.358885020017623901e-02
4.136165380477905273e-01
2.324428558349609375e-01
-7.563916593790054321e-02
2.683869004249572754e-01
4.632319808006286621e-01
-3.586114197969436646e-02
2.819443941116333008e-01
3.401646614074707031e-01
-6.305211037397384644e-02
3.007787764072418213e-01
2.661590278148651123e-01
-7.816109806299209595e-02
3.212712407112121582e-01
2.060111165046691895e-01
-8.533396571874618530e-02
2.221648395061492920e-01
4.834800958633422852e-01
-5.514691025018692017e-02
2.008837759494781494e-01
3.898258805274963379e-01
-7.840153574943542480e-02
1.950137466192245483e-01
3.238070309162139893e-01
-8.437806367874145508e-02
1.968218237161636353e-01
2.651035189628601074e-01
-8.516925573348999023e-02
