2.553313374519348145e-01
7.388439774513244629e-01
4.256374950273311697e-07
3.153055012226104736e-01
7.099490165710449219e-01
-2.103352360427379608e-02
3.680301308631896973e-01
6.627604961395263672e-01
-3.324188664555549622e-02
4.060468673706054688e-01
6.130682826042175293e-01
-4.651483520865440369e-02
4.317016005516052246e-01
5.673123002052307129e-01
-5.780304223299026489e-02
3.340829610824584961e-01
5.586867928504943848e-01
-5.683200433850288391e-03
3.772310912609100342e-01
5.171641707420349121e-01
-3.353233635425567627e-02
4.055847227573394775e-01
5.188723802566528320e-01
-5.506993085145950317e-02
4.252801835536956787e-01
5.378257632255554199e-01
-6.500347703695297241e-02
3.049717843532562256e-01
5.292556285858154297e-01
-8.791489526629447937e-03
3.318489193916320801e-01
4.457997381687164307e-01
-2.417168021202087402e-02
3.526560366153717041e-01
3.931729197502136230e-01
-3.355671092867851257e-02
3.695215582847595215e-01
3.459957838058471680e-01
-3.803743049502372742e-02
2.730630338191986084e-01
5.201616883277893066e-01
-1.783106289803981781e-02
2.807210683822631836e-01
4.357072710990905762e-01
-3.519425168633460999e-02
2.916512191295623779e-01
3.830126523971557617e-01
-4.110121726989746094e-02
3.036811947822570801e-01
3.414905071258544922e-01
-4.186429083347320557e-02
2.368729710578918457e-01
5.313563942909240723e-01
-2.966152690351009369e-02
2.186317294836044312e-01
4.682688117027282715e-01
-4.442787170410156250e-02
2.129328995943069458e-01
4.221118688583374023e-01
-4.595804959535598755e-02
2.134048640727996826e-01
3.813737034797668457e-01
-4.351511597633361816e-02
