2.365933209657669067e-01
7.693941593170166016e-01
4.965058337802474853e-07
3.163456320762634277e-01
7.325192689895629883e-01
-2.338412962853908539e-02
3.849986195564270020e-01
6.685061454772949219e-01
-3.894930705428123474e-02
4.389815330505371094e-01
6.107963323593139648e-01
-5.695424973964691162e-02
4.762756824493408203e-01
5.562439560890197754e-01
-7.338920235633850098e-02
3.397858440876007080e-01
5.242971181869506836e-01
-1.181459333747625351e-02
3.980962038040161133e-01
4.732879996299743652e-01
-5.141355842351913452e-02
4.359167218208312988e-01
4.814537763595581055e-01
-8.340746909379959106e-02
4.600897431373596191e-01
5.062658190727233887e-01
-9.993998706340789795e-02
3.021207153797149658e-01
4.861677289009094238e-01
-2.145006693899631500e-02
3.409867584705352783e-01
3.697933554649353027e-01
-4.564532637596130371e-02
3.743431270122528076e-01
3.015936017036437988e-01
-6.287594139575958252e-02
4.002183675765991211e-01
2.453336417675018311e-01
-7.296292483806610107e-02
2.591060996055603027e-01
4.804832041263580322e-01
-3.809114173054695129e-02
2.713521718978881836e-01
3.577813506126403809e-01
-6.545896828174591064e-02
2.879914939403533936e-01
2.829415202140808105e-01
-7.977695763111114502e-02
3.060638308525085449e-01
2.225987911224365234e-01
-8.588667958974838257e-02
2.137244343757629395e-01
5.058583617210388184e-01
-5.746512487530708313e-02
1.916295289993286133e-01
4.142507910728454590e-01
-8.186063170433044434e-02
1.836061030626296997e-01
3.483014404773712158e-01
-8.766897022724151611e-02
1.817277520895004272e-01
2.902612090110778809e-01
-8.785355091094970703e-02
