2.389059215784072876e-01
7.733203172683715820e-01
5.171746693122258876e-07
3.172126710414886475e-01
7.326753139495849609e-01
-2.147611230611801147e-02
3.851389586925506592e-01
6.673842668533325195e-01
-3.710746392607688904e-02
4.393889904022216797e-01
6.085194349288940430e-01
-5.575938150286674500e-02
4.771469235420227051e-01
5.528776049613952637e-01
-7.291161268949508667e-02
3.385243713855743408e-01
5.271625518798828125e-01
-9.653612971305847168e-03
3.987060487270355225e-01
4.750829637050628662e-01
-5.049261078238487244e-02
4.372202754020690918e-01
4.836881756782531738e-01
-8.318324387073516846e-02
4.625537395477294922e-01
5.119906663894653320e-01
-9.963386505842208862e-02
3.009918928146362305e-01
4.904196858406066895e-01
-1.977325789630413055e-02
3.388187587261199951e-01
3.747880458831787109e-01
-4.414594545960426331e-02
3.732815980911254883e-01
3.047376275062561035e-01
-6.189284101128578186e-02
4.010116159915924072e-01
2.464866638183593750e-01
-7.248814404010772705e-02
2.585430741310119629e-01
4.847781956195831299e-01
-3.695565834641456604e-02
2.691696286201477051e-01
3.592935800552368164e-01
-6.425900757312774658e-02
2.859130501747131348e-01
2.827207744121551514e-01
-7.912430167198181152e-02
3.045010864734649658e-01
2.210094928741455078e-01
-8.580895513296127319e-02
2.143212109804153442e-01
5.087671279907226562e-01
-5.671836063265800476e-02
1.917693167924880981e-01
4.163989126682281494e-01
-8.112592250108718872e-02
1.843361854553222656e-01
3.496540784835815430e-01
-8.771147578954696655e-02
1.838957667350769043e-01
2.902892827987670898e-01
-8.855409920215606689e-02
