2.383375912904739380e-01
7.893229722976684570e-01
4.885082489636261016e-07
3.149866461753845215e-01
7.495707273483276367e-01
-2.303108759224414825e-02
3.820471167564392090e-01
6.829655170440673828e-01
-3.962049633264541626e-02
4.356293380260467529e-01
6.255631446838378906e-01
-5.875735729932785034e-02
4.716798067092895508e-01
5.704492330551147461e-01
-7.625273615121841431e-02
3.310537040233612061e-01
5.400343537330627441e-01
-1.534419972449541092e-02
3.912842273712158203e-01
4.840259850025177002e-01
-5.712131410837173462e-02
4.294157028198242188e-01
4.980002045631408691e-01
-8.978541940450668335e-02
4.528431594371795654e-01
5.290196537971496582e-01
-1.059341430664062500e-01
2.944651544094085693e-01
5.062921643257141113e-01
-2.566810324788093567e-02
3.311759829521179199e-01
3.861256837844848633e-01
-5.096707865595817566e-02
3.633342385292053223e-01
3.154735267162322998e-01
-6.865525990724563599e-02
3.869441449642181396e-01
2.583115100860595703e-01
-7.889809459447860718e-02
2.527997791767120361e-01
5.056058764457702637e-01
-4.286870360374450684e-02
2.596083581447601318e-01
3.819239139556884766e-01
-7.066067308187484741e-02
2.729187905788421631e-01
3.029963970184326172e-01
-8.588039129972457886e-02
2.879487574100494385e-01
2.381977736949920654e-01
-9.265049546957015991e-02
2.094116955995559692e-01
5.358259677886962891e-01
-6.263852864503860474e-02
1.825188994407653809e-01
4.465280771255493164e-01
-8.682744950056076050e-02
1.714977771043777466e-01
3.804766535758972168e-01
-9.290035814046859741e-02
1.672384738922119141e-01
3.215575814247131348e-01
-9.339802712202072144e-02
