2.384403645992279053e-01
7.931307554244995117e-01
5.132420710651786067e-07
3.147034049034118652e-01
7.511992454528808594e-01
-2.189056575298309326e-02
3.811518549919128418e-01
6.842204332351684570e-01
-3.858528658747673035e-02
4.336579442024230957e-01
6.252382993698120117e-01
-5.804799124598503113e-02
4.720629453659057617e-01
5.713919401168823242e-01
-7.632913440465927124e-02
3.306623995304107666e-01
5.426290035247802734e-01
-1.428253110498189926e-02
3.887129724025726318e-01
4.882981777191162109e-01
-5.529721826314926147e-02
4.288625419139862061e-01
4.975627064704895020e-01
-8.823132514953613281e-02
4.566777944564819336e-01
5.238924622535705566e-01
-1.052381992340087891e-01
2.932941317558288574e-01
5.090534090995788574e-01
-2.518809773027896881e-02
3.276195824146270752e-01
3.911120891571044922e-01
-5.046981945633888245e-02
3.613043725490570068e-01
3.184969723224639893e-01
-6.933327019214630127e-02
3.875351846218109131e-01
2.597902715206146240e-01
-8.098896592855453491e-02
2.513073682785034180e-01
5.078541040420532227e-01
-4.266825690865516663e-02
2.574519217014312744e-01
3.819567561149597168e-01
-7.027893513441085815e-02
2.720479369163513184e-01
3.031513094902038574e-01
-8.614858239889144897e-02
2.887784838676452637e-01
2.385290861129760742e-01
-9.396595507860183716e-02
2.081368565559387207e-01
5.373486876487731934e-01
-6.260681897401809692e-02
1.803708672523498535e-01
4.464699625968933105e-01
-8.687285333871841431e-02
1.708115190267562866e-01
3.795883655548095703e-01
-9.354731440544128418e-02
1.689364910125732422e-01
3.189502060413360596e-01
-9.491240978240966797e-02
