2.337908446788787842e-01
8.113749027252197266e-01
4.815817646885989234e-07
3.098616898059844971e-01
7.678458094596862793e-01
-2.248679473996162415e-02
3.766444325447082520e-01
6.993435025215148926e-01
-3.998639062047004700e-02
4.297175407409667969e-01
6.433354616165161133e-01
-6.019851937890052795e-02
4.673424065113067627e-01
5.908033251762390137e-01
-7.878299057483673096e-02
3.223273456096649170e-01
5.543931126594543457e-01
-1.701763086020946503e-02
3.836042881011962891e-01
4.944835007190704346e-01
-6.082582846283912659e-02
4.243020117282867432e-01
5.146820545196533203e-01
-9.562169760465621948e-02
4.502696394920349121e-01
5.507183670997619629e-01
-1.131452769041061401e-01
2.858290374279022217e-01
5.239785909652709961e-01
-2.834523096680641174e-02
3.197349011898040771e-01
4.033842086791992188e-01
-5.539479106664657593e-02
3.526702225208282471e-01
3.316652178764343262e-01
-7.603536546230316162e-02
3.773286938667297363e-01
2.744808495044708252e-01
-8.870507031679153442e-02
2.446143031120300293e-01
5.276171565055847168e-01
-4.628128185868263245e-02
2.488377988338470459e-01
4.011211395263671875e-01
-7.507434487342834473e-02
2.623207271099090576e-01
3.212939798831939697e-01
-9.259700030088424683e-02
2.782219052314758301e-01
2.552664577960968018e-01
-1.013158559799194336e-01
2.030252516269683838e-01
5.624136328697204590e-01
-6.659892201423645020e-02
1.744993627071380615e-01
4.740804433822631836e-01
-9.116150438785552979e-02
1.635941714048385620e-01
4.083197712898254395e-01
-9.822352230548858643e-02
1.601930409669876099e-01
3.491979837417602539e-01
-9.968958795070648193e-02
