2.309876680374145508e-01
8.283858299255371094e-01
4.661860089072433766e-07
3.071036636829376221e-01
7.797853350639343262e-01
-2.023022249341011047e-02
3.750917315483093262e-01
7.082278728485107422e-01
-3.699466958642005920e-02
4.285904765129089355e-01
6.530407667160034180e-01
-5.691953375935554504e-02
4.635522067546844482e-01
6.006849408149719238e-01
-7.506030052900314331e-02
3.166484832763671875e-01
5.650877356529235840e-01
-1.509834267199039459e-02
3.780297040939331055e-01
5.065963864326477051e-01
-5.916476249694824219e-02
4.174310266971588135e-01
5.282967686653137207e-01
-9.399944543838500977e-02
4.418540298938751221e-01
5.652019381523132324e-01
-1.110974103212356567e-01
2.801725864410400391e-01
5.373742580413818359e-01
-2.764232642948627472e-02
3.138308227062225342e-01
4.165807962417602539e-01
-5.397974699735641479e-02
3.460195362567901611e-01
3.429520130157470703e-01
-7.401750981807708740e-02
3.701010644435882568e-01
2.834441363811492920e-01
-8.616252988576889038e-02
2.393212616443634033e-01
5.434942245483398438e-01
-4.683474451303482056e-02
2.413380444049835205e-01
4.157921075820922852e-01
-7.480789721012115479e-02
2.535648941993713379e-01
3.344699144363403320e-01
-9.236275404691696167e-02
2.687610685825347900e-01
2.668358981609344482e-01
-1.011917069554328918e-01
1.986600756645202637e-01
5.809786915779113770e-01
-6.828362494707107544e-02
1.654797196388244629e-01
4.946751594543457031e-01
-9.236840158700942993e-02
1.519543379545211792e-01
4.282917976379394531e-01
-9.963792562484741211e-02
1.467838585376739502e-01
3.676230907440185547e-01
-1.012464389204978943e-01
