2.285070419311523438e-01
8.278154730796813965e-01
5.005853722650499549e-07
3.051974773406982422e-01
7.789024114608764648e-01
-2.022550813853740692e-02
3.725229203701019287e-01
7.076350450515747070e-01
-3.840341046452522278e-02
4.260383844375610352e-01
6.510734558105468750e-01
-5.983939394354820251e-02
4.639474153518676758e-01
5.997704267501831055e-01
-7.977192103862762451e-02
3.165236115455627441e-01
5.671256780624389648e-01
-1.735451817512512207e-02
3.773849904537200928e-01
5.113161206245422363e-01
-6.334672123193740845e-02
4.193072915077209473e-01
5.323653221130371094e-01
-9.980928897857666016e-02
4.478502273559570312e-01
5.700635910034179688e-01
-1.177397072315216064e-01
2.787752747535705566e-01
5.398337244987487793e-01
-2.977513521909713745e-02
3.112585842609405518e-01
4.199699163436889648e-01
-5.624758452177047729e-02
3.455904722213745117e-01
3.451689183712005615e-01
-7.574865967035293579e-02
3.723395764827728271e-01
2.845237553119659424e-01
-8.785787969827651978e-02
2.375000119209289551e-01
5.454185605049133301e-01
-4.882764443755149841e-02
2.397489249706268311e-01
4.178652763366699219e-01
-7.612860202789306641e-02
2.532790303230285645e-01
3.364087939262390137e-01
-9.201767295598983765e-02
2.692414820194244385e-01
2.689315378665924072e-01
-1.000294461846351624e-01
1.970840096473693848e-01
5.812184214591979980e-01
-7.027859240770339966e-02
1.650465428829193115e-01
4.931851029396057129e-01
-9.357167780399322510e-02
1.522633135318756104e-01
4.266981184482574463e-01
-9.949646890163421631e-02
1.477307379245758057e-01
3.653771281242370605e-01
-1.003118976950645447e-01
