2.230795025825500488e-01
8.410245180130004883e-01
4.939564632877591066e-07
2.989237308502197266e-01
7.970678210258483887e-01
-2.323419414460659027e-02
3.664822578430175781e-01
7.245553731918334961e-01
-4.106195271015167236e-02
4.190142452716827393e-01
6.658124923706054688e-01
-6.141612678766250610e-02
4.566172957420349121e-01
6.124982237815856934e-01
-8.019198477268218994e-02
3.117347359657287598e-01
5.788778066635131836e-01
-1.826620288193225861e-02
3.713161349296569824e-01
5.206489562988281250e-01
-6.277757883071899414e-02
4.117206633090972900e-01
5.393974781036376953e-01
-9.778093546628952026e-02
4.382311701774597168e-01
5.756015181541442871e-01
-1.152881011366844177e-01
2.739310562610626221e-01
5.504003763198852539e-01
-2.966814860701560974e-02
3.055327832698822021e-01
4.278362393379211426e-01
-5.621326714754104614e-02
3.374938666820526123e-01
3.532788157463073730e-01
-7.610858231782913208e-02
3.620992600917816162e-01
2.931924462318420410e-01
-8.852729201316833496e-02
2.317735254764556885e-01
5.570948123931884766e-01
-4.797076806426048279e-02
2.317480891942977905e-01
4.297232627868652344e-01
-7.716538757085800171e-02
2.438170313835144043e-01
3.466584980487823486e-01
-9.552802145481109619e-02
2.592817842960357666e-01
2.771554887294769287e-01
-1.050711423158645630e-01
1.894017755985260010e-01
5.952073335647583008e-01
-6.866540759801864624e-02
1.555275768041610718e-01
5.083756446838378906e-01
-9.447325021028518677e-02
1.406891942024230957e-01
4.417349100112915039e-01
-1.030354574322700500e-01
1.341226100921630859e-01
3.795599341392517090e-01
-1.057776361703872681e-01
