2.197809219360351562e-01
8.404737710952758789e-01
5.111532459523004945e-07
2.970841228961944580e-01
7.944564819335937500e-01
-2.111679129302501678e-02
3.654537796974182129e-01
7.222996950149536133e-01
-3.873691335320472717e-02
4.174226522445678711e-01
6.640675067901611328e-01
-5.919563397765159607e-02
4.564342200756072998e-01
6.121938824653625488e-01
-7.837111502885818481e-02
3.104730248451232910e-01
5.779541730880737305e-01
-1.850166358053684235e-02
3.708496391773223877e-01
5.225462317466735840e-01
-6.345161795616149902e-02
4.127097129821777344e-01
5.396610498428344727e-01
-9.924434870481491089e-02
4.416602849960327148e-01
5.741869211196899414e-01
-1.174815744161605835e-01
2.718521952629089355e-01
5.508336424827575684e-01
-3.069488704204559326e-02
3.040174245834350586e-01
4.301121830940246582e-01
-5.750576406717300415e-02
3.380478322505950928e-01
3.543516695499420166e-01
-7.781904190778732300e-02
3.644660711288452148e-01
2.935810387134552002e-01
-9.075005352497100830e-02
2.299397438764572144e-01
5.574664473533630371e-01
-4.937083274126052856e-02
2.321464866399765015e-01
4.291200637817382812e-01
-7.820480316877365112e-02
2.452289164066314697e-01
3.459010720252990723e-01
-9.591778367757797241e-02
2.609892785549163818e-01
2.767779231071472168e-01
-1.052780747413635254e-01
1.882899999618530273e-01
5.948314070701599121e-01
-7.029242068529129028e-02
1.556280702352523804e-01
5.072839260101318359e-01
-9.591757506132125854e-02
1.421127766370773315e-01
4.401943683624267578e-01
-1.037980690598487854e-01
1.369811296463012695e-01
3.774110078811645508e-01
-1.060844585299491882e-01
