2.201249599456787109e-01
8.417097330093383789e-01
5.044978479418205097e-07
2.972724437713623047e-01
7.968128919601440430e-01
-1.993660815060138702e-02
3.658561706542968750e-01
7.224626541137695312e-01
-3.594113141298294067e-02
4.176103174686431885e-01
6.631573438644409180e-01
-5.492778494954109192e-02
4.553622007369995117e-01
6.119655370712280273e-01
-7.257434725761413574e-02
3.111459910869598389e-01
5.788086056709289551e-01
-1.664655655622482300e-02
3.702876269817352295e-01
5.217182040214538574e-01
-6.075545400381088257e-02
4.114706516265869141e-01
5.393306612968444824e-01
-9.594114124774932861e-02
4.394478201866149902e-01
5.749458074569702148e-01
-1.136811971664428711e-01
2.720220983028411865e-01
5.522254705429077148e-01
-2.892548032104969025e-02
3.037220239639282227e-01
4.308217167854309082e-01
-5.494794994592666626e-02
3.378875255584716797e-01
3.544658422470092773e-01
-7.501350343227386475e-02
3.642384111881256104e-01
2.933559417724609375e-01
-8.778061717748641968e-02
2.299089729785919189e-01
5.587915778160095215e-01
-4.763108491897583008e-02
2.320509403944015503e-01
4.297250807285308838e-01
-7.571880519390106201e-02
2.451539337635040283e-01
3.464885354042053223e-01
-9.328921139240264893e-02
2.607520222663879395e-01
2.779081165790557861e-01
-1.025403812527656555e-01
1.880395114421844482e-01
5.957134366035461426e-01
-6.853679567575454712e-02
1.560510098934173584e-01
5.072655081748962402e-01
-9.359225630760192871e-02
1.426058560609817505e-01
4.401121139526367188e-01
-1.013393849134445190e-01
1.375520378351211548e-01
3.773370385169982910e-01
-1.035150960087776184e-01
