2.739163637161254883e-01
6.807556152343750000e-01
-7.476554060303897131e-07
2.854528427124023438e-01
5.789575576782226562e-01
2.961721085011959076e-02
3.230776488780975342e-01
4.876241683959960938e-01
3.501186892390251160e-02
3.341264426708221436e-01
4.119842946529388428e-01
3.587270900607109070e-02
3.226072192192077637e-01
3.538049459457397461e-01
3.541105985641479492e-02
3.817644715309143066e-01
4.818159341812133789e-01
4.726173356175422668e-04
4.631859958171844482e-01
5.215058326721191406e-01
1.565864495933055878e-02
4.452387094497680664e-01
5.528225898742675781e-01
3.012805245816707611e-02
4.135900437831878662e-01
5.535353422164916992e-01
3.505595400929450989e-02
3.930423259735107422e-01
5.325892567634582520e-01
-1.838355511426925659e-02
4.639068841934204102e-01
5.766707658767700195e-01
7.661729585379362106e-03
4.363794922828674316e-01
6.010107994079589844e-01
2.217856980860233307e-02
4.073127210140228271e-01
6.024083495140075684e-01
1.958588510751724243e-02
4.003930985927581787e-01
5.934128761291503906e-01
-3.207970783114433289e-02
4.554204344749450684e-01
6.315343379974365234e-01
-2.378446981310844421e-03
4.298627376556396484e-01
6.509241461753845215e-01
1.137872785329818726e-02
4.043695330619812012e-01
6.469597220420837402e-01
4.773434251546859741e-03
4.026364982128143311e-01
6.500632166862487793e-01
-4.361305385828018188e-02
4.428042173385620117e-01
6.772608757019042969e-01
-1.805388368666172028e-02
4.171374738216400146e-01
6.910307407379150391e-01
-4.763090983033180237e-03
3.934519290924072266e-01
6.854666471481323242e-01
-5.470731761306524277e-03
