2.632031440734863281e-01
6.922615170478820801e-01
-3.852732106679468416e-07
2.803044617176055908e-01
5.959464311599731445e-01
-3.702908754348754883e-03
3.205969333648681641e-01
5.010716915130615234e-01
-1.327939704060554504e-02
3.367076218128204346e-01
4.243868291378021240e-01
-2.197269350290298462e-02
3.239479362964630127e-01
3.624816536903381348e-01
-2.844954468309879303e-02
3.844266235828399658e-01
4.846331477165222168e-01
-2.956027537584304810e-02
4.604000449180603027e-01
5.352825522422790527e-01
-3.733013570308685303e-02
4.394858479499816895e-01
5.634919404983520508e-01
-3.932805359363555908e-02
4.081144928932189941e-01
5.562535524368286133e-01
-4.212445393204689026e-02
3.942233622074127197e-01
5.401384234428405762e-01
-3.665814548730850220e-02
4.609827399253845215e-01
5.945183634757995605e-01
-3.287888690829277039e-02
4.366335868835449219e-01
6.159796118736267090e-01
-2.685618028044700623e-02
4.070416092872619629e-01
6.074432134628295898e-01
-2.864057198166847229e-02
3.960109651088714600e-01
6.101534366607666016e-01
-4.211616143584251404e-02
4.511913061141967773e-01
6.568525433540344238e-01
-3.573936596512794495e-02
4.282656908035278320e-01
6.664745211601257324e-01
-2.505880594253540039e-02
3.983319103717803955e-01
6.546218395233154297e-01
-2.473901957273483276e-02
3.928442001342773438e-01
6.789024472236633301e-01
-4.781519621610641479e-02
4.256498515605926514e-01
7.070485353469848633e-01
-3.923482820391654968e-02
4.037612676620483398e-01
7.097463607788085938e-01
-2.718794532120227814e-02
3.801808655261993408e-01
6.982464790344238281e-01
-2.229041792452335358e-02
