2.594661414623260498e-01
6.946923732757568359e-01
-3.589732955333602149e-07
2.792519927024841309e-01
5.985240340232849121e-01
-2.931097988039255142e-03
3.221992850303649902e-01
5.000699162483215332e-01
-1.395073346793651581e-02
3.384119272232055664e-01
4.206950366497039795e-01
-2.468924969434738159e-02
3.265744149684906006e-01
3.562212884426116943e-01
-3.292202204465866089e-02
3.836424052715301514e-01
4.842433929443359375e-01
-3.127978742122650146e-02
4.622293114662170410e-01
5.324226617813110352e-01
-4.310866072773933411e-02
4.388393759727478027e-01
5.575662851333618164e-01
-4.691990464925765991e-02
4.041044712066650391e-01
5.463819503784179688e-01
-5.048702657222747803e-02
3.885441720485687256e-01
5.395027399063110352e-01
-4.016733542084693909e-02
4.630678296089172363e-01
5.936464667320251465e-01
-4.082905873656272888e-02
4.365217983722686768e-01
6.132666468620300293e-01
-3.525849804282188416e-02
4.045706689357757568e-01
6.012400984764099121e-01
-3.710692748427391052e-02
3.879339993000030518e-01
6.091737747192382812e-01
-4.766142368316650391e-02
4.532059431076049805e-01
6.574949622154235840e-01
-4.556404799222946167e-02
4.275589883327484131e-01
6.668246984481811523e-01
-3.385074064135551453e-02
3.958048224449157715e-01
6.521060466766357422e-01
-3.232805803418159485e-02
3.839187324047088623e-01
6.785581707954406738e-01
-5.529535189270973206e-02
4.320223629474639893e-01
7.085401415824890137e-01
-4.994937404990196228e-02
4.068917632102966309e-01
7.119255065917968750e-01
-3.732935711741447449e-02
3.798475861549377441e-01
6.988072395324707031e-01
-3.185034915804862976e-02
