2.575990557670593262e-01
6.949238181114196777e-01
-3.924560587620362639e-07
2.794495820999145508e-01
5.997667312622070312e-01
-1.537194242700934410e-03
3.244891762733459473e-01
5.001994371414184570e-01
-1.186739746481180191e-02
3.417039513587951660e-01
4.204635024070739746e-01
-2.162755839526653290e-02
3.285994827747344971e-01
3.549742400646209717e-01
-2.898364141583442688e-02
3.857962489128112793e-01
4.836294353008270264e-01
-3.203803673386573792e-02
4.628036618232727051e-01
5.354502797126770020e-01
-4.134842753410339355e-02
4.381141662597656250e-01
5.619228482246398926e-01
-4.277601465582847595e-02
4.042527377605438232e-01
5.520923137664794922e-01
-4.495464637875556946e-02
3.928755521774291992e-01
5.416182279586791992e-01
-4.087867960333824158e-02
4.636171758174896240e-01
5.961744785308837891e-01
-3.778065741062164307e-02
4.366722702980041504e-01
6.168834567070007324e-01
-2.963076904416084290e-02
4.058811366558074951e-01
6.074731945991516113e-01
-3.041079640388488770e-02
3.931483030319213867e-01
6.137828826904296875e-01
-4.797740653157234192e-02
4.537924528121948242e-01
6.594639420509338379e-01
-4.281963407993316650e-02
4.282309412956237793e-01
6.689926385879516602e-01
-2.972307614982128143e-02
3.970091640949249268e-01
6.564834713935852051e-01
-2.799528464674949646e-02
3.897667229175567627e-01
6.846084594726562500e-01
-5.499672517180442810e-02
4.316450357437133789e-01
7.100443243980407715e-01
-4.709648713469505310e-02
4.060859978199005127e-01
7.134341597557067871e-01
-3.327360749244689941e-02
3.803137242794036865e-01
7.013094425201416016e-01
-2.743138000369071960e-02
