2.567502558231353760e-01
6.929267644882202148e-01
-3.769393117636354873e-07
2.810496091842651367e-01
5.994511246681213379e-01
-1.782985636964440346e-03
3.260682225227355957e-01
5.000798702239990234e-01
-1.301063410937786102e-02
3.416627645492553711e-01
4.200837314128875732e-01
-2.398022077977657318e-02
3.270485699176788330e-01
3.556208014488220215e-01
-3.253282234072685242e-02
3.880360722541809082e-01
4.829677343368530273e-01
-3.131305798888206482e-02
4.637334644794464111e-01
5.380707979202270508e-01
-4.218890517950057983e-02
4.385171830654144287e-01
5.632178783416748047e-01
-4.528050869703292847e-02
4.053438305854797363e-01
5.523959398269653320e-01
-4.867403581738471985e-02
3.932865858078002930e-01
5.389081835746765137e-01
-4.084396734833717346e-02
4.635828137397766113e-01
5.977966785430908203e-01
-4.003439843654632568e-02
4.358468055725097656e-01
6.174979805946350098e-01
-3.344354778528213501e-02
4.055920839309692383e-01
6.064583063125610352e-01
-3.486631065607070923e-02
3.922654986381530762e-01
6.096751093864440918e-01
-4.883936420083045959e-02
4.529824256896972656e-01
6.607278585433959961e-01
-4.541454836726188660e-02
4.264107942581176758e-01
6.693964004516601562e-01
-3.350972756743431091e-02
3.956484496593475342e-01
6.546874046325683594e-01
-3.216797858476638794e-02
3.878753781318664551e-01
6.801789402961730957e-01
-5.684465542435646057e-02
4.294294416904449463e-01
7.104194164276123047e-01
-5.011967942118644714e-02
4.036005735397338867e-01
7.130768299102783203e-01
-3.721955791115760803e-02
3.782146275043487549e-01
6.993228793144226074e-01
-3.181951120495796204e-02
