2.595625221729278564e-01
6.953328251838684082e-01
-3.846677998353698058e-07
2.832303643226623535e-01
5.966222882270812988e-01
5.096574313938617706e-03
3.266398608684539795e-01
4.984732866287231445e-01
-3.067379817366600037e-03
3.423512578010559082e-01
4.199668765068054199e-01
-1.192073617130517960e-02
3.282213807106018066e-01
3.563870489597320557e-01
-1.884493604302406311e-02
3.882600665092468262e-01
4.835427403450012207e-01
-2.897537685930728912e-02
4.644365906715393066e-01
5.349137783050537109e-01
-3.481392934918403625e-02
4.399509727954864502e-01
5.631415843963623047e-01
-3.302703052759170532e-02
4.072732925415039062e-01
5.532013773918151855e-01
-3.355872258543968201e-02
3.944081366062164307e-01
5.396226644515991211e-01
-4.062841460108757019e-02
4.647874832153320312e-01
5.965424776077270508e-01
-3.526925668120384216e-02
4.369112253189086914e-01
6.178015470504760742e-01
-2.581259049475193024e-02
4.061053097248077393e-01
6.076113581657409668e-01
-2.611666731536388397e-02
3.934012353420257568e-01
6.108872294425964355e-01
-4.951936006546020508e-02
4.539613723754882812e-01
6.622585058212280273e-01
-4.152165725827217102e-02
4.271663427352905273e-01
6.717178821563720703e-01
-2.822263538837432861e-02
3.958682119846343994e-01
6.570217013359069824e-01
-2.743440680205821991e-02
3.883442282676696777e-01
6.812260150909423828e-01
-5.777474120259284973e-02
4.297260642051696777e-01
7.137769460678100586e-01
-4.847704619169235229e-02
4.038248956203460693e-01
7.161719202995300293e-01
-3.499107807874679565e-02
3.780078887939453125e-01
7.014471292495727539e-01
-2.993595413863658905e-02
