2.580779492855072021e-01
6.944871544837951660e-01
-3.847891889563470613e-07
2.821121215820312500e-01
5.971766114234924316e-01
6.610981072299182415e-04
3.261925578117370605e-01
4.982062280178070068e-01
-9.072158485651016235e-03
3.426838815212249756e-01
4.195685982704162598e-01
-1.881363429129123688e-02
3.284728825092315674e-01
3.562281727790832520e-01
-2.627380751073360443e-02
3.881169557571411133e-01
4.839878678321838379e-01
-2.998800389468669891e-02
4.652976393699645996e-01
5.356199145317077637e-01
-3.922976180911064148e-02
4.403777122497558594e-01
5.626466870307922363e-01
-4.069782793521881104e-02
4.072128236293792725e-01
5.530832409858703613e-01
-4.298555105924606323e-02
3.944417536258697510e-01
5.405059456825256348e-01
-4.016616940498352051e-02
4.651665091514587402e-01
5.964546203613281250e-01
-3.792029991745948792e-02
4.370523691177368164e-01
6.169565320014953613e-01
-3.042482398450374603e-02
4.063443541526794434e-01
6.069670915603637695e-01
-3.122764080762863159e-02
3.941959738731384277e-01
6.115629076957702637e-01
-4.838724434375762939e-02
4.539377093315124512e-01
6.616573929786682129e-01
-4.335674270987510681e-02
4.269894063472747803e-01
6.704249978065490723e-01
-3.097385168075561523e-02
3.961043357849121094e-01
6.561968326568603516e-01
-2.966087311506271362e-02
3.903681039810180664e-01
6.818532943725585938e-01
-5.642022565007209778e-02
4.305691123008728027e-01
7.127068638801574707e-01
-4.895666614174842834e-02
4.039575457572937012e-01
7.152879834175109863e-01
-3.586653992533683777e-02
3.783689141273498535e-01
7.012940645217895508e-01
-3.039874136447906494e-02
