2.618994116783142090e-01
6.945516467094421387e-01
-3.832585377949726535e-07
2.852348387241363525e-01
5.958719253540039062e-01
1.205961103551089764e-03
3.301589787006378174e-01
4.994379878044128418e-01
-7.682841736823320389e-03
3.460871875286102295e-01
4.207797050476074219e-01
-1.737669669091701508e-02
3.335701525211334229e-01
3.564432859420776367e-01
-2.474419027566909790e-02
3.950645029544830322e-01
4.826641082763671875e-01
-2.258360199630260468e-02
4.708723127841949463e-01
5.426509380340576172e-01
-3.239392116665840149e-02
4.445296227931976318e-01
5.658420920372009277e-01
-3.625209629535675049e-02
4.108088016510009766e-01
5.519446134567260742e-01
-4.039693996310234070e-02
3.981687426567077637e-01
5.371643304824829102e-01
-3.369557112455368042e-02
4.687488377094268799e-01
6.044433712959289551e-01
-3.250280395150184631e-02
4.387853145599365234e-01
6.209757328033447266e-01
-2.739509940147399902e-02
4.071632623672485352e-01
6.069596409797668457e-01
-2.975202165544033051e-02
3.938695788383483887e-01
6.066820621490478516e-01
-4.346664249897003174e-02
4.556892812252044678e-01
6.679188013076782227e-01
-3.944220766425132751e-02
4.270103275775909424e-01
6.747891902923583984e-01
-2.887618541717529297e-02
3.960359692573547363e-01
6.566720008850097656e-01
-2.867891453206539154e-02
3.863230049610137939e-01
6.768571138381958008e-01
-5.323426052927970886e-02
4.279235005378723145e-01
7.196453809738159180e-01
-4.622995480895042419e-02
4.002569019794464111e-01
7.208087444305419922e-01
-3.455603122711181641e-02
3.740471601486206055e-01
7.028535008430480957e-01
-3.024590387940406799e-02
