2.603978514671325684e-01
6.951798796653747559e-01
-3.757332933673751540e-07
2.842368483543395996e-01
5.958388447761535645e-01
9.319552336819469929e-04
3.299258351325988770e-01
5.000804662704467773e-01
-7.362119853496551514e-03
3.464893400669097900e-01
4.230243265628814697e-01
-1.641053147614002228e-02
3.332359194755554199e-01
3.611855208873748779e-01
-2.316385321319103241e-02
3.942492008209228516e-01
4.835395216941833496e-01
-2.122126147150993347e-02
4.703733325004577637e-01
5.438042283058166504e-01
-3.099280595779418945e-02
4.449641108512878418e-01
5.649522542953491211e-01
-3.552031889557838440e-02
4.107367992401123047e-01
5.500437021255493164e-01
-4.021269455552101135e-02
3.972055017948150635e-01
5.369737744331359863e-01
-3.190828859806060791e-02
4.687779545783996582e-01
6.049028038978576660e-01
-3.057760559022426605e-02
4.401756525039672852e-01
6.211657524108886719e-01
-2.571547031402587891e-02
4.084421694278717041e-01
6.073881387710571289e-01
-2.834882959723472595e-02
3.928703367710113525e-01
6.059563755989074707e-01
-4.146432504057884216e-02
4.570556282997131348e-01
6.677461862564086914e-01
-3.799156099557876587e-02
4.291342496871948242e-01
6.745632290840148926e-01
-2.796033956110477448e-02
3.973553776741027832e-01
6.569492816925048828e-01
-2.798160165548324585e-02
3.852729201316833496e-01
6.761671304702758789e-01
-5.105340108275413513e-02
4.296643137931823730e-01
7.185633182525634766e-01
-4.478961974382400513e-02
4.020297229290008545e-01
7.191622853279113770e-01
-3.364598378539085388e-02
3.746355772018432617e-01
7.016888856887817383e-01
-2.966676652431488037e-02
