2.681976854801177979e-01
6.940218806266784668e-01
-3.588815502553188708e-07
2.935586571693420410e-01
5.962758660316467285e-01
-2.577677369117736816e-03
3.386004567146301270e-01
4.986261129379272461e-01
-1.344696804881095886e-02
3.521617054939270020e-01
4.183917045593261719e-01
-2.427267096936702728e-02
3.382118344306945801e-01
3.535742163658142090e-01
-3.268752619624137878e-02
4.027667045593261719e-01
4.836347699165344238e-01
-2.809059992432594299e-02
4.770874679088592529e-01
5.380703806877136230e-01
-3.935723006725311279e-02
4.509178102016448975e-01
5.625479817390441895e-01
-4.453144967555999756e-02
4.180264770984649658e-01
5.501190423965454102e-01
-4.949980974197387695e-02
4.081167578697204590e-01
5.418645739555358887e-01
-3.749149292707443237e-02
4.762271642684936523e-01
5.999368429183959961e-01
-3.642855957150459290e-02
4.471813142299652100e-01
6.182683706283569336e-01
-3.161041811108589172e-02
4.164550900459289551e-01
6.062877774238586426e-01
-3.405020758509635925e-02
4.063489437103271484e-01
6.144017577171325684e-01
-4.550766944885253906e-02
4.638262689113616943e-01
6.659994125366210938e-01
-4.142097383737564087e-02
4.359059929847717285e-01
6.738581061363220215e-01
-2.989466674625873566e-02
4.049831032752990723e-01
6.589311957359313965e-01
-2.863871864974498749e-02
4.002601504325866699e-01
6.862611770629882812e-01
-5.382190272212028503e-02
4.368576705455780029e-01
7.187579870223999023e-01
-4.631780833005905151e-02
4.106110930442810059e-01
7.213122844696044922e-01
-3.323442116379737854e-02
3.857277035713195801e-01
7.076855301856994629e-01
-2.751913852989673615e-02
