2.653301358222961426e-01
6.972767710685729980e-01
-3.789055540437402669e-07
2.914272546768188477e-01
6.002754569053649902e-01
-1.982662128284573555e-03
3.381728231906890869e-01
5.027137994766235352e-01
-1.248301006853580475e-02
3.551297187805175781e-01
4.235746860504150391e-01
-2.308120019733905792e-02
3.415416181087493896e-01
3.590866923332214355e-01
-3.108698688447475433e-02
4.012202024459838867e-01
4.850141406059265137e-01
-2.666954696178436279e-02
4.770053029060363770e-01
5.414735674858093262e-01
-3.840495645999908447e-02
4.504710137844085693e-01
5.661686658859252930e-01
-4.358667507767677307e-02
4.162415862083435059e-01
5.532405376434326172e-01
-4.836753383278846741e-02
4.061906635761260986e-01
5.421047806739807129e-01
-3.680245950818061829e-02
4.744965136051177979e-01
6.020837426185607910e-01
-3.658207505941390991e-02
4.455364346504211426e-01
6.208377480506896973e-01
-3.181071206927299500e-02
4.146794676780700684e-01
6.085690855979919434e-01
-3.399022668600082397e-02
4.036984741687774658e-01
6.134701371192932129e-01
-4.580452293157577515e-02
4.624873101711273193e-01
6.666759252548217773e-01
-4.299070686101913452e-02
4.347415268421173096e-01
6.757955551147460938e-01
-3.195384144783020020e-02
4.039024710655212402e-01
6.602283120155334473e-01
-3.075022622942924500e-02
3.968426883220672607e-01
6.849659085273742676e-01
-5.503171309828758240e-02
4.349300861358642578e-01
7.201058864593505859e-01
-4.908209666609764099e-02
4.084025919437408447e-01
7.234413623809814453e-01
-3.664760664105415344e-02
3.832983672618865967e-01
7.091602683067321777e-01
-3.114911541342735291e-02
