2.663437128067016602e-01
6.973953247070312500e-01
-3.753002317807840882e-07
2.916292548179626465e-01
6.012171506881713867e-01
-3.792872419580817223e-03
3.391771018505096436e-01
5.022647380828857422e-01
-1.466068718582391739e-02
3.549985885620117188e-01
4.215021431446075439e-01
-2.555990032851696014e-02
3.396134972572326660e-01
3.568789958953857422e-01
-3.383055329322814941e-02
4.024655222892761230e-01
4.849913120269775391e-01
-2.518333308398723602e-02
4.777587056159973145e-01
5.429608225822448730e-01
-3.820845857262611389e-02
4.502868056297302246e-01
5.656531453132629395e-01
-4.523082450032234192e-02
4.158947467803955078e-01
5.517442226409912109e-01
-5.124121904373168945e-02
4.074438214302062988e-01
5.414466857910156250e-01
-3.455404937267303467e-02
4.753459692001342773e-01
6.035300493240356445e-01
-3.604546189308166504e-02
4.461928009986877441e-01
6.201229095458984375e-01
-3.318870067596435547e-02
4.158560931682586670e-01
6.070140600204467773e-01
-3.644001483917236328e-02
4.054606556892395020e-01
6.120261549949645996e-01
-4.319727793335914612e-02
4.637823700904846191e-01
6.665020585060119629e-01
-4.190518334507942200e-02
4.353593885898590088e-01
6.741491556167602539e-01
-3.191249817609786987e-02
4.051757752895355225e-01
6.577298641204833984e-01
-3.097747825086116791e-02
3.997955322265625000e-01
6.827115416526794434e-01
-5.228156223893165588e-02
4.400041401386260986e-01
7.181472778320312500e-01
-4.714224487543106079e-02
4.129287302494049072e-01
7.207422852516174316e-01
-3.514972701668739319e-02
3.877719044685363770e-01
7.060092687606811523e-01
-2.982516027987003326e-02
