2.605448365211486816e-01
6.930392980575561523e-01
-3.500443028769950615e-07
2.809315919876098633e-01
5.964768528938293457e-01
-2.842414192855358124e-03
3.235241770744323730e-01
5.007181167602539062e-01
-1.207098830491304398e-02
3.379710316658020020e-01
4.252256155014038086e-01
-2.081000991165637970e-02
3.218685388565063477e-01
3.649115860462188721e-01
-2.736841328442096710e-02
3.865989148616790771e-01
4.858413040637969971e-01
-2.670243009924888611e-02
4.607270658016204834e-01
5.380603671073913574e-01
-3.521743789315223694e-02
4.368262887001037598e-01
5.613597035408020020e-01
-3.812184929847717285e-02
4.045176506042480469e-01
5.512858629226684570e-01
-4.144604131579399109e-02
3.943650424480438232e-01
5.438832044601440430e-01
-3.466270864009857178e-02
4.612234830856323242e-01
5.983486771583557129e-01
-3.178278729319572449e-02
4.345456361770629883e-01
6.157718896865844727e-01
-2.580686472356319427e-02
4.044582843780517578e-01
6.063141822814941406e-01
-2.728716470301151276e-02
3.943100273609161377e-01
6.147958040237426758e-01
-4.133724048733711243e-02
4.498346745967864990e-01
6.621795892715454102e-01
-3.570225834846496582e-02
4.249650239944458008e-01
6.689792871475219727e-01
-2.500863745808601379e-02
3.950875103473663330e-01
6.564396619796752930e-01
-2.442559599876403809e-02
3.897933661937713623e-01
6.839044690132141113e-01
-4.824368283152580261e-02
4.228563010692596436e-01
7.120639681816101074e-01
-4.017280787229537964e-02
3.987721502780914307e-01
7.132409214973449707e-01
-2.802461944520473480e-02
3.751737475395202637e-01
7.013202905654907227e-01
-2.302513271570205688e-02
