2.791596651077270508e-01
6.920008063316345215e-01
-3.498862497508525848e-07
3.039748668670654297e-01
5.914894938468933105e-01
-1.052126986905932426e-03
3.473497927188873291e-01
4.950078129768371582e-01
-1.054426655173301697e-02
3.596549630165100098e-01
4.172812104225158691e-01
-2.074347808957099915e-02
3.470674157142639160e-01
3.542655110359191895e-01
-2.840108238160610199e-02
4.131996929645538330e-01
4.828621745109558105e-01
-2.072569541633129120e-02
4.854539036750793457e-01
5.362620949745178223e-01
-3.146345540881156921e-02
4.587559103965759277e-01
5.599482655525207520e-01
-3.765689209103584290e-02
4.257595241069793701e-01
5.462659597396850586e-01
-4.318647086620330811e-02
4.183475375175476074e-01
5.421951413154602051e-01
-3.036754019558429718e-02
4.847615957260131836e-01
6.005908846855163574e-01
-2.907383255660533905e-02
4.552932381629943848e-01
6.171471476554870605e-01
-2.556559070944786072e-02
4.240640401840209961e-01
6.037654876708984375e-01
-2.873864397406578064e-02
4.168981909751892090e-01
6.140522360801696777e-01
-3.899582475423812866e-02
4.712930023670196533e-01
6.678625345230102539e-01
-3.397564589977264404e-02
4.432944357395172119e-01
6.747168898582458496e-01
-2.331858687102794647e-02
4.130097329616546631e-01
6.586922407150268555e-01
-2.268893644213676453e-02
4.113757312297821045e-01
6.850283145904541016e-01
-4.802121967077255249e-02
4.463878571987152100e-01
7.204180955886840820e-01
-3.947258740663528442e-02
4.197002649307250977e-01
7.209768295288085938e-01
-2.655618265271186829e-02
3.952999114990234375e-01
7.059258818626403809e-01
-2.101145125925540924e-02
