2.757866978645324707e-01
6.953851580619812012e-01
-3.709689337938470999e-07
3.000874221324920654e-01
5.979944467544555664e-01
-2.876359038054943085e-03
3.471028208732604980e-01
5.032472610473632812e-01
-1.259962748736143112e-02
3.653226196765899658e-01
4.273768961429595947e-01
-2.241227030754089355e-02
3.539975583553314209e-01
3.655076622962951660e-01
-2.964637614786624908e-02
4.123468995094299316e-01
4.869607686996459961e-01
-2.373022772371768951e-02
4.864731431007385254e-01
5.430770516395568848e-01
-3.598388656973838806e-02
4.596471190452575684e-01
5.647765398025512695e-01
-4.270793870091438293e-02
4.251409173011779785e-01
5.515216588973999023e-01
-4.832955077290534973e-02
4.170281887054443359e-01
5.444467663764953613e-01
-3.300138935446739197e-02
4.841618537902832031e-01
6.046985983848571777e-01
-3.363000229001045227e-02
4.547157287597656250e-01
6.202803850173950195e-01
-2.989296056330204010e-02
4.236927330493927002e-01
6.083607077598571777e-01
-3.239034861326217651e-02
4.142197370529174805e-01
6.148569583892822266e-01
-4.160584136843681335e-02
4.713511765003204346e-01
6.701333522796630859e-01
-3.882208466529846191e-02
4.429246783256530762e-01
6.763467788696289062e-01
-2.820431813597679138e-02
4.127634167671203613e-01
6.610374450683593750e-01
-2.709545567631721497e-02
4.073124527931213379e-01
6.848626732826232910e-01
-5.074943229556083679e-02
4.432671368122100830e-01
7.216007709503173828e-01
-4.410258680582046509e-02
4.163918495178222656e-01
7.226979732513427734e-01
-3.194358572363853455e-02
3.926293253898620605e-01
7.083244919776916504e-01
-2.674735337495803833e-02
