2.879871129989624023e-01
6.933691501617431641e-01
-3.479759982383257011e-07
3.121057152748107910e-01
5.946112871170043945e-01
-3.034880151972174644e-03
3.555946946144104004e-01
5.004044771194458008e-01
-1.463710423558950424e-02
3.711944818496704102e-01
4.212586879730224609e-01
-2.616263553500175476e-02
3.590855896472930908e-01
3.548703193664550781e-01
-3.509014472365379333e-02
4.233542680740356445e-01
4.851779937744140625e-01
-2.813782356679439545e-02
4.952697157859802246e-01
5.353860855102539062e-01
-3.858169168233871460e-02
4.682694077491760254e-01
5.610571503639221191e-01
-4.359055683016777039e-02
4.350366592407226562e-01
5.493196249008178711e-01
-4.834208264946937561e-02
4.293742775917053223e-01
5.452015399932861328e-01
-3.702362254261970520e-02
4.940731823444366455e-01
6.001452207565307617e-01
-3.467674925923347473e-02
4.648640155792236328e-01
6.180328130722045898e-01
-2.995826676487922668e-02
4.332582950592041016e-01
6.057426929473876953e-01
-3.282557800412178040e-02
4.273023009300231934e-01
6.185336709022521973e-01
-4.443099722266197205e-02
4.809580445289611816e-01
6.687160730361938477e-01
-3.884837403893470764e-02
4.532341659069061279e-01
6.763390898704528809e-01
-2.697559632360935211e-02
4.215725362300872803e-01
6.618826985359191895e-01
-2.603509649634361267e-02
4.200980365276336670e-01
6.901196837425231934e-01
-5.223302543163299561e-02
4.543009102344512939e-01
7.231934666633605957e-01
-4.418820515275001526e-02
4.278255999088287354e-01
7.240010499954223633e-01
-3.071958199143409729e-02
4.020268917083740234e-01
7.092770338058471680e-01
-2.476250752806663513e-02
