2.971940040588378906e-01
6.893397569656372070e-01
-3.918296158644807292e-07
3.211687505245208740e-01
5.852345228195190430e-01
5.777934100478887558e-03
3.642929792404174805e-01
4.934023320674896240e-01
-1.762324012815952301e-03
3.807526230812072754e-01
4.160981178283691406e-01
-1.072371751070022583e-02
3.688792586326599121e-01
3.514583706855773926e-01
-1.790150627493858337e-02
4.328993856906890869e-01
4.831536412239074707e-01
-1.998056471347808838e-02
5.037607550621032715e-01
5.355460047721862793e-01
-2.370665594935417175e-02
4.773234724998474121e-01
5.635169744491577148e-01
-2.377836406230926514e-02
4.445712566375732422e-01
5.550026297569274902e-01
-2.543680369853973389e-02
4.413909316062927246e-01
5.423846840858459473e-01
-3.091228380799293518e-02
5.023423433303833008e-01
6.005377173423767090e-01
-2.092250064015388489e-02
4.742340147495269775e-01
6.199442744255065918e-01
-1.306048408150672913e-02
4.432768821716308594e-01
6.106226444244384766e-01
-1.504185982048511505e-02
4.408005475997924805e-01
6.149606108665466309e-01
-3.927038237452507019e-02
4.891578257083892822e-01
6.668509840965270996e-01
-2.585419081151485443e-02
4.620916247367858887e-01
6.750444769859313965e-01
-1.299812644720077515e-02
4.312900602817535400e-01
6.619866490364074707e-01
-1.342099998146295547e-02
4.350519180297851562e-01
6.846178174018859863e-01
-4.739070311188697815e-02
4.641130268573760986e-01
7.187211513519287109e-01
-3.313807025551795959e-02
4.370852708816528320e-01
7.196555137634277344e-01
-1.845961436629295349e-02
4.120170772075653076e-01
7.055111527442932129e-01
-1.296140719205141068e-02
