2.984592914581298828e-01
6.922733783721923828e-01
-3.804275934271572623e-07
3.216128945350646973e-01
5.875136852264404297e-01
3.179333638399839401e-03
3.649951517581939697e-01
4.937967061996459961e-01
-5.310265813022851944e-03
3.810608088970184326e-01
4.173206090927124023e-01
-1.459366455674171448e-02
3.692694008350372314e-01
3.525472879409790039e-01
-2.201751433312892914e-02
4.334287643432617188e-01
4.858015179634094238e-01
-2.195353433489799500e-02
5.053251385688781738e-01
5.427585840225219727e-01
-2.676503546535968781e-02
4.781719744205474854e-01
5.672883987426757812e-01
-2.747616730630397797e-02
4.442757070064544678e-01
5.571913719177246094e-01
-2.937041036784648895e-02
4.405745565891265869e-01
5.478293299674987793e-01
-3.201256692409515381e-02
5.035191178321838379e-01
6.025415658950805664e-01
-2.340013906359672546e-02
4.759446382522583008e-01
6.194233894348144531e-01
-1.562741957604885101e-02
4.445323348045349121e-01
6.111809015274047852e-01
-1.726745255291461945e-02
4.390800297260284424e-01
6.205946207046508789e-01
-3.995104506611824036e-02
4.901199340820312500e-01
6.671090722084045410e-01
-2.783977612853050232e-02
4.641445875167846680e-01
6.744684576988220215e-01
-1.507279928773641586e-02
4.332803785800933838e-01
6.626640558242797852e-01
-1.510425470769405365e-02
4.330520927906036377e-01
6.891396045684814453e-01
-4.780723154544830322e-02
4.636966586112976074e-01
7.179783582687377930e-01
-3.437213972210884094e-02
4.380208551883697510e-01
7.192879319190979004e-01
-1.973978616297245026e-02
4.131039977073669434e-01
7.065699696540832520e-01
-1.421031728386878967e-02
