3.016107678413391113e-01
6.936188936233520508e-01
-3.611145587001374224e-07
3.255691528320312500e-01
5.904825329780578613e-01
3.228815039619803429e-03
3.685444891452789307e-01
4.951466619968414307e-01
-6.552195176482200623e-03
3.854099810123443604e-01
4.173343181610107422e-01
-1.618643663823604584e-02
3.728593885898590088e-01
3.518360853195190430e-01
-2.369247190654277802e-02
4.351013600826263428e-01
4.827179908752441406e-01
-3.418850898742675781e-02
5.081906318664550781e-01
5.333022475242614746e-01
-3.815885633230209351e-02
4.828863143920898438e-01
5.618680119514465332e-01
-3.504526615142822266e-02
4.502654373645782471e-01
5.516827106475830078e-01
-3.506838157773017883e-02
4.431518614292144775e-01
5.432038307189941406e-01
-4.486904293298721313e-02
5.089933872222900391e-01
5.988448858261108398e-01
-3.682265058159828186e-02
4.804698824882507324e-01
6.186994910240173340e-01
-2.622897364199161530e-02
4.486438333988189697e-01
6.069810986518859863e-01
-2.668666467070579529e-02
4.416007399559020996e-01
6.178168058395385742e-01
-5.231158062815666199e-02
4.983333647251129150e-01
6.660867929458618164e-01
-4.162431135773658752e-02
4.701766371726989746e-01
6.736510992050170898e-01
-2.668629214167594910e-02
4.369936287403106689e-01
6.591954827308654785e-01
-2.592790126800537109e-02
4.344936013221740723e-01
6.901600360870361328e-01
-5.925312638282775879e-02
4.680672585964202881e-01
7.187879085540771484e-01
-4.907563701272010803e-02
4.406243264675140381e-01
7.178671360015869141e-01
-3.451123088598251343e-02
4.141088724136352539e-01
7.025963068008422852e-01
-2.897414006292819977e-02
