3.002483844757080078e-01
7.018584609031677246e-01
-4.035105689581541810e-07
3.221046924591064453e-01
5.968167781829833984e-01
7.765332236886024475e-03
3.668369352817535400e-01
4.988092780113220215e-01
1.600607647560536861e-03
3.862223625183105469e-01
4.208317399024963379e-01
-5.064602941274642944e-03
3.747963309288024902e-01
3.570912480354309082e-01
-1.013900339603424072e-02
4.343017637729644775e-01
4.844971895217895508e-01
-2.809172123670578003e-02
5.092544555664062500e-01
5.370655059814453125e-01
-2.937815524637699127e-02
4.849396944046020508e-01
5.652680993080139160e-01
-2.478736639022827148e-02
4.515790939331054688e-01
5.568065643310546875e-01
-2.387365140020847321e-02
4.428366124629974365e-01
5.439873337745666504e-01
-3.945502638816833496e-02
5.098284482955932617e-01
5.994197726249694824e-01
-2.819955721497535706e-02
4.831280410289764404e-01
6.207244992256164551e-01
-1.605885662138462067e-02
4.518445730209350586e-01
6.126924753189086914e-01
-1.587793789803981781e-02
4.414287209510803223e-01
6.180884838104248047e-01
-4.744478315114974976e-02
4.981248676776885986e-01
6.669759750366210938e-01
-3.348897024989128113e-02
4.728425741195678711e-01
6.759110689163208008e-01
-1.894715428352355957e-02
4.409592449665069580e-01
6.635301709175109863e-01
-1.923969201743602753e-02
4.347680807113647461e-01
6.891445517539978027e-01
-5.464376881718635559e-02
4.672472476959228516e-01
7.190073132514953613e-01
-4.122874885797500610e-02
4.419414103031158447e-01
7.198967933654785156e-01
-2.707514911890029907e-02
4.172248840332031250e-01
7.064903378486633301e-01
-2.264914847910404205e-02
