3.060081005096435547e-01
6.969581246376037598e-01
-3.957761975925677689e-07
3.292618691921234131e-01
5.897318124771118164e-01
6.261089816689491272e-03
3.736055195331573486e-01
4.916597902774810791e-01
-5.689963581971824169e-04
3.906275928020477295e-01
4.107461571693420410e-01
-8.643413893878459930e-03
3.798099756240844727e-01
3.452086448669433594e-01
-1.475950982421636581e-02
4.435891509056091309e-01
4.823271930217742920e-01
-2.134699933230876923e-02
5.161492228507995605e-01
5.355573892593383789e-01
-2.433486841619014740e-02
4.915502965450286865e-01
5.649956464767456055e-01
-2.318713441491127014e-02
4.593316614627838135e-01
5.574315190315246582e-01
-2.438250370323657990e-02
4.510004520416259766e-01
5.395250320434570312e-01
-3.245918452739715576e-02
5.146123170852661133e-01
6.006340980529785156e-01
-2.163147181272506714e-02
4.879700541496276855e-01
6.226084828376770020e-01
-1.273722853511571884e-02
4.581860899925231934e-01
6.142197847366333008e-01
-1.459459587931632996e-02
4.492834806442260742e-01
6.121414303779602051e-01
-4.086790233850479126e-02
5.008749365806579590e-01
6.665667891502380371e-01
-2.754259109497070312e-02
4.753496646881103516e-01
6.768839359283447266e-01
-1.487555168569087982e-02
4.448048174381256104e-01
6.640977859497070312e-01
-1.567295566201210022e-02
4.425531327724456787e-01
6.829695701599121094e-01
-4.888856038451194763e-02
4.763888418674468994e-01
7.182359695434570312e-01
-3.506252169609069824e-02
4.515094757080078125e-01
7.209051847457885742e-01
-2.087908796966075897e-02
4.263670146465301514e-01
7.075353860855102539e-01
-1.588928699493408203e-02
