3.044848442077636719e-01
6.986039280891418457e-01
-4.072289527812245069e-07
3.294522166252136230e-01
5.928658246994018555e-01
6.595647893846035004e-03
3.751904368400573730e-01
4.947005808353424072e-01
-1.718082348816096783e-04
3.921993374824523926e-01
4.150642752647399902e-01
-7.691038772463798523e-03
3.800376951694488525e-01
3.501414656639099121e-01
-1.349780708551406860e-02
4.411416947841644287e-01
4.839854240417480469e-01
-2.486196532845497131e-02
5.157643556594848633e-01
5.392544269561767578e-01
-2.674490585923194885e-02
4.908944368362426758e-01
5.668673515319824219e-01
-2.369134873151779175e-02
4.575653672218322754e-01
5.586117506027221680e-01
-2.353935874998569489e-02
4.483843147754669189e-01
5.432603955268859863e-01
-3.584048151969909668e-02
5.147794485092163086e-01
6.023604869842529297e-01
-2.425788156688213348e-02
4.879865050315856934e-01
6.224000453948974609e-01
-1.356636546552181244e-02
4.570194780826568604e-01
6.134932041168212891e-01
-1.425597351044416428e-02
4.462274610996246338e-01
6.170027256011962891e-01
-4.381196573376655579e-02
5.021120905876159668e-01
6.684950590133666992e-01
-2.995321527123451233e-02
4.770030677318572998e-01
6.769722700119018555e-01
-1.682912930846214294e-02
4.455671906471252441e-01
6.636057496070861816e-01
-1.757218316197395325e-02
4.389776289463043213e-01
6.876753568649291992e-01
-5.110003799200057983e-02
4.743584394454956055e-01
7.191810607910156250e-01
-3.737563639879226685e-02
4.498550295829772949e-01
7.206006050109863281e-01
-2.325347624719142914e-02
4.241879284381866455e-01
7.065632343292236328e-01
-1.850363984704017639e-02
