3.059199750423431396e-01
6.936995983123779297e-01
-4.016833656805829378e-07
3.308038115501403809e-01
5.905086994171142578e-01
2.068587811663746834e-03
3.774123787879943848e-01
4.919384419918060303e-01
-7.225161418318748474e-03
3.964640498161315918e-01
4.118458032608032227e-01
-1.722753793001174927e-02
3.860883712768554688e-01
3.445961475372314453e-01
-2.488360553979873657e-02
4.487344324588775635e-01
4.794929921627044678e-01
-2.437892742455005646e-02
5.213266611099243164e-01
5.349362492561340332e-01
-3.283210098743438721e-02
4.941992461681365967e-01
5.625650882720947266e-01
-3.626773133873939514e-02
4.607169032096862793e-01
5.516121387481689453e-01
-4.040087759494781494e-02
4.552726745605468750e-01
5.375002026557922363e-01
-3.567160293459892273e-02
5.194966197013854980e-01
6.006302833557128906e-01
-3.042864799499511719e-02
4.896680712699890137e-01
6.199958920478820801e-01
-2.432428114116191864e-02
4.585468173027038574e-01
6.068910956382751465e-01
-2.721454948186874390e-02
4.527587592601776123e-01
6.101833581924438477e-01
-4.507998749613761902e-02
5.066827535629272461e-01
6.678240299224853516e-01
-3.708179667592048645e-02
4.774874150753021240e-01
6.758294701576232910e-01
-2.496797591447830200e-02
4.459022581577301025e-01
6.587808132171630859e-01
-2.500213682651519775e-02
4.447372555732727051e-01
6.817007064819335938e-01
-5.454969406127929688e-02
4.786232709884643555e-01
7.203634381294250488e-01
-4.505020752549171448e-02
4.504668712615966797e-01
7.222920060157775879e-01
-3.175630792975425720e-02
4.249524772167205811e-01
7.060731649398803711e-01
-2.663975395262241364e-02
