2.586335241794586182e-01
6.983930468559265137e-01
-3.701190109950402984e-07
2.777728438377380371e-01
6.050693988800048828e-01
-2.448669867590069771e-03
3.208452761173248291e-01
5.080285072326660156e-01
-1.294846087694168091e-02
3.387834131717681885e-01
4.298465847969055176e-01
-2.287809178233146667e-02
3.248793482780456543e-01
3.660128116607666016e-01
-3.037129342555999756e-02
3.836942613124847412e-01
4.881155490875244141e-01
-3.244285285472869873e-02
4.594469070434570312e-01
5.403366684913635254e-01
-4.217402637004852295e-02
4.353414773941040039e-01
5.645335912704467773e-01
-4.388554766774177551e-02
4.026258289813995361e-01
5.527254343032836914e-01
-4.639825224876403809e-02
3.904391825199127197e-01
5.442463755607604980e-01
-4.143800586462020874e-02
4.603947699069976807e-01
6.019445657730102539e-01
-4.034996777772903442e-02
4.324822425842285156e-01
6.199007630348205566e-01
-3.337625041604042053e-02
4.018390178680419922e-01
6.074446439743041992e-01
-3.426156938076019287e-02
3.897022306919097900e-01
6.153335571289062500e-01
-4.881401732563972473e-02
4.501014351844787598e-01
6.671394705772399902e-01
-4.532058164477348328e-02
4.238416254520416260e-01
6.729649305343627930e-01
-3.418818861246109009e-02
3.928349912166595459e-01
6.566428542137145996e-01
-3.336276113986968994e-02
3.847756087779998779e-01
6.857902407646179199e-01
-5.618138611316680908e-02
4.231458306312561035e-01
7.183687090873718262e-01
-5.014740303158760071e-02
3.984838426113128662e-01
7.189251780509948730e-01
-3.845517709851264954e-02
3.735399842262268066e-01
7.038077116012573242e-01
-3.379795327782630920e-02
