3.051032721996307373e-01
6.965572834014892578e-01
-4.077056416917912429e-07
3.310764133930206299e-01
5.939123034477233887e-01
2.955827629193663597e-03
3.784726262092590332e-01
4.959150850772857666e-01
-6.158060859888792038e-03
3.979293704032897949e-01
4.160786867141723633e-01
-1.584534719586372375e-02
3.867938220500946045e-01
3.488744795322418213e-01
-2.336283028125762939e-02
4.475749135017395020e-01
4.817427098751068115e-01
-2.666308358311653137e-02
5.223439931869506836e-01
5.375332236289978027e-01
-3.424292057752609253e-02
4.950760900974273682e-01
5.658473968505859375e-01
-3.565406054258346558e-02
4.609253406524658203e-01
5.552172064781188965e-01
-3.815325722098350525e-02
4.543020427227020264e-01
5.407807230949401855e-01
-3.797366842627525330e-02
5.211344957351684570e-01
6.016758084297180176e-01
-3.191627934575080872e-02
4.918812215328216553e-01
6.220381855964660645e-01
-2.364002540707588196e-02
4.602985084056854248e-01
6.106622815132141113e-01
-2.494216337800025940e-02
4.512858092784881592e-01
6.139855980873107910e-01
-4.720258340239524841e-02
5.069592595100402832e-01
6.687134504318237305e-01
-3.842295333743095398e-02
4.794962406158447266e-01
6.773525476455688477e-01
-2.543923258781433105e-02
4.480109214782714844e-01
6.616978049278259277e-01
-2.505969256162643433e-02
4.427933990955352783e-01
6.852627992630004883e-01
-5.626676976680755615e-02
4.781838655471801758e-01
7.212312221527099609e-01
-4.626496136188507080e-02
4.512656331062316895e-01
7.235970497131347656e-01
-3.248574957251548767e-02
4.256809055805206299e-01
7.078155875205993652e-01
-2.719416469335556030e-02
