3.034396767616271973e-01
6.958517432212829590e-01
-4.011203600384760648e-07
3.306563198566436768e-01
5.956311821937561035e-01
1.755706267431378365e-03
3.784131109714508057e-01
4.968037009239196777e-01
-8.382802829146385193e-03
3.976798951625823975e-01
4.161913394927978516e-01
-1.921140588819980621e-02
3.868968486785888672e-01
3.490881323814392090e-01
-2.762600593268871307e-02
4.478760063648223877e-01
4.817869365215301514e-01
-2.608013153076171875e-02
5.224860906600952148e-01
5.377970933914184570e-01
-3.634707257151603699e-02
4.945100843906402588e-01
5.655900835990905762e-01
-4.023310914635658264e-02
4.608592987060546875e-01
5.543425679206848145e-01
-4.443341493606567383e-02
4.533985853195190430e-01
5.384716391563415527e-01
-3.789735585451126099e-02
5.210414528846740723e-01
6.012403964996337891e-01
-3.512737154960632324e-02
4.913778007030487061e-01
6.212348937988281250e-01
-2.880783006548881531e-02
4.609865248203277588e-01
6.088356375694274902e-01
-3.106134384870529175e-02
4.500972330570220947e-01
6.095476746559143066e-01
-4.812598600983619690e-02
5.071495771408081055e-01
6.674524545669555664e-01
-4.221092909574508667e-02
4.783297181129455566e-01
6.758207678794860840e-01
-2.998357824981212616e-02
4.478347003459930420e-01
6.586728096008300781e-01
-2.957377396523952484e-02
4.421389102935791016e-01
6.801035404205322266e-01
-5.842414125800132751e-02
4.790825247764587402e-01
7.196964025497436523e-01
-5.037616938352584839e-02
4.509439766407012939e-01
7.217955589294433594e-01
-3.751119226217269897e-02
4.258332252502441406e-01
7.045724987983703613e-01
-3.265899047255516052e-02
