3.132773041725158691e-01
6.902113556861877441e-01
-3.604892810926685343e-07
3.394785225391387939e-01
5.869517326354980469e-01
1.971703954041004181e-03
3.845596611499786377e-01
4.889807701110839844e-01
-7.354612927883863449e-03
4.024626612663269043e-01
4.087159633636474609e-01
-1.748641952872276306e-02
3.924718797206878662e-01
3.430840373039245605e-01
-2.517003007233142853e-02
4.522364437580108643e-01
4.798818826675415039e-01
-2.447656728327274323e-02
5.279145240783691406e-01
5.306348204612731934e-01
-3.233409672975540161e-02
5.029612779617309570e-01
5.613827705383300781e-01
-3.472097590565681458e-02
4.702872931957244873e-01
5.536621212959289551e-01
-3.772864118218421936e-02
4.592779874801635742e-01
5.376425385475158691e-01
-3.491050750017166138e-02
5.260087847709655762e-01
5.964846611022949219e-01
-2.874229475855827332e-02
4.996427297592163086e-01
6.191719770431518555e-01
-2.201827056705951691e-02
4.695922136306762695e-01
6.087054014205932617e-01
-2.445750869810581207e-02
4.579348266124725342e-01
6.094869375228881836e-01
-4.338668659329414368e-02
5.115453004837036133e-01
6.627736687660217285e-01
-3.387210145592689514e-02
4.855431020259857178e-01
6.740112304687500000e-01
-2.107053622603416443e-02
4.554262161254882812e-01
6.603139042854309082e-01
-2.069018967449665070e-02
4.517944157123565674e-01
6.800052523612976074e-01
-5.196207389235496521e-02
4.877493679523468018e-01
7.143357396125793457e-01
-4.071084037423133850e-02
4.623183906078338623e-01
7.183709144592285156e-01
-2.620982564985752106e-02
4.373941421508789062e-01
7.054554820060729980e-01
-2.029627934098243713e-02
