3.121043145656585693e-01
6.936517953872680664e-01
-3.882185808379290393e-07
3.391365408897399902e-01
5.890598297119140625e-01
2.572690136730670929e-03
3.856333792209625244e-01
4.920954704284667969e-01
-6.100123748183250427e-03
4.046415984630584717e-01
4.128000140190124512e-01
-1.510794553905725479e-02
3.945727348327636719e-01
3.479871749877929688e-01
-2.192145586013793945e-02
4.528459310531616211e-01
4.797684252262115479e-01
-2.574132010340690613e-02
5.277081131935119629e-01
5.387228131294250488e-01
-3.178578615188598633e-02
5.026161074638366699e-01
5.665154457092285156e-01
-3.242532163858413696e-02
4.693094789981842041e-01
5.571910738945007324e-01
-3.434913605451583862e-02
4.601807296276092529e-01
5.382739901542663574e-01
-3.580608218908309937e-02
5.263180732727050781e-01
5.996185541152954102e-01
-2.807128988206386566e-02
4.995310008525848389e-01
6.207346320152282715e-01
-1.991304010152816772e-02
4.690904915332794189e-01
6.110552549362182617e-01
-2.141294814646244049e-02
4.587583839893341064e-01
6.112868785858154297e-01
-4.361390694975852966e-02
5.124988555908203125e-01
6.652665138244628906e-01
-3.272907435894012451e-02
4.866095781326293945e-01
6.741682887077331543e-01
-2.042746171355247498e-02
4.557461738586425781e-01
6.600420475006103516e-01
-2.060970477759838104e-02
4.521245360374450684e-01
6.822516322135925293e-01
-5.129684135317802429e-02
4.835652112960815430e-01
7.157321572303771973e-01
-3.891108557581901550e-02
4.586754143238067627e-01
7.183939814567565918e-01
-2.516685612499713898e-02
4.343260228633880615e-01
7.050840854644775391e-01
-2.000828646123409271e-02
