3.199063241481781006e-01
6.892268061637878418e-01
-3.920330300388741307e-07
3.437038660049438477e-01
5.864351987838745117e-01
2.875078702345490456e-03
3.895413279533386230e-01
4.876973628997802734e-01
-5.128493998199701309e-03
4.078752696514129639e-01
4.080707430839538574e-01
-1.436805259436368942e-02
3.967165052890777588e-01
3.426170051097869873e-01
-2.139098942279815674e-02
4.606166183948516846e-01
4.758616089820861816e-01
-2.027019113302230835e-02
5.342555046081542969e-01
5.303005576133728027e-01
-2.864397689700126648e-02
5.067445039749145508e-01
5.565230846405029297e-01
-3.275826573371887207e-02
4.737749099731445312e-01
5.447353720664978027e-01
-3.730037435889244080e-02
4.675344824790954590e-01
5.340878367424011230e-01
-3.152075409889221191e-02
5.314374566078186035e-01
5.968700647354125977e-01
-2.688980102539062500e-02
5.015804767608642578e-01
6.147826910018920898e-01
-2.149075455963611603e-02
4.708593189716339111e-01
6.023646593093872070e-01
-2.443658374249935150e-02
4.656696617603302002e-01
6.066015362739562988e-01
-4.113676771521568298e-02
5.173155069351196289e-01
6.640795469284057617e-01
-3.281564638018608093e-02
4.886902868747711182e-01
6.710196733474731445e-01
-2.115685120224952698e-02
4.581841826438903809e-01
6.546001434326171875e-01
-2.132046222686767578e-02
4.588614702224731445e-01
6.782271265983581543e-01
-5.086870864033699036e-02
4.924087226390838623e-01
7.168686985969543457e-01
-4.063687846064567566e-02
4.643509984016418457e-01
7.160542011260986328e-01
-2.740607410669326782e-02
4.393521845340728760e-01
6.992647647857666016e-01
-2.232946641743183136e-02
