3.237028121948242188e-01
6.834475994110107422e-01
-4.123887720197672024e-07
3.495846688747406006e-01
5.803338289260864258e-01
4.686157219111919403e-03
3.955937027931213379e-01
4.830775260925292969e-01
-2.565480768680572510e-03
4.138028621673583984e-01
4.041021168231964111e-01
-1.135023031383752823e-02
4.047404825687408447e-01
3.381873369216918945e-01
-1.812002621591091156e-02
4.680059254169464111e-01
4.717685878276824951e-01
-1.739729195833206177e-02
5.401912331581115723e-01
5.300860404968261719e-01
-2.324044518172740936e-02
5.139459371566772461e-01
5.599662661552429199e-01
-2.573536895215511322e-02
4.817936420440673828e-01
5.514806509017944336e-01
-2.945903688669204712e-02
4.762326478958129883e-01
5.290297269821166992e-01
-2.900080196559429169e-02
5.381386280059814453e-01
5.959750413894653320e-01
-2.187542617321014404e-02
5.094382166862487793e-01
6.179528236389160156e-01
-1.648380793631076813e-02
4.794399142265319824e-01
6.070286035537719727e-01
-1.994046941399574280e-02
4.747636318206787109e-01
6.010509133338928223e-01
-3.870283812284469604e-02
5.240394473075866699e-01
6.608562469482421875e-01
-2.881556935608386993e-02
4.965813159942626953e-01
6.712154746055603027e-01
-1.800911501049995422e-02
4.668729901313781738e-01
6.555307507514953613e-01
-1.918387413024902344e-02
4.683784246444702148e-01
6.723830699920654297e-01
-4.830274358391761780e-02
5.005178451538085938e-01
7.111543416976928711e-01
-3.751613572239875793e-02
4.737478494644165039e-01
7.141215205192565918e-01
-2.464790642261505127e-02
4.487539529800415039e-01
6.990782022476196289e-01
-1.991391554474830627e-02
