3.245260715484619141e-01
6.881905198097229004e-01
-4.369927353309321916e-07
3.506867587566375732e-01
5.821474790573120117e-01
1.038009114563465118e-02
3.970798552036285400e-01
4.844575524330139160e-01
4.687415435910224915e-03
4.152292609214782715e-01
4.050011634826660156e-01
-2.757559297606348991e-03
4.051012992858886719e-01
3.393340706825256348e-01
-8.765642531216144562e-03
4.674836993217468262e-01
4.728377163410186768e-01
-1.952596567571163177e-02
5.401639938354492188e-01
5.342992544174194336e-01
-1.971448957920074463e-02
5.138646364212036133e-01
5.649136900901794434e-01
-1.629922166466712952e-02
4.808733463287353516e-01
5.572036504745483398e-01
-1.643296517431735992e-02
4.761034250259399414e-01
5.311003327369689941e-01
-3.244730085134506226e-02
5.380350351333618164e-01
5.991294384002685547e-01
-1.929679326713085175e-02
5.094614624977111816e-01
6.212356090545654297e-01
-9.418363682925701141e-03
4.787789881229400635e-01
6.112116575241088867e-01
-1.123777125030755997e-02
4.743949472904205322e-01
6.045211553573608398e-01
-4.205705225467681885e-02
5.239114165306091309e-01
6.641408205032348633e-01
-2.549949288368225098e-02
4.963938295841217041e-01
6.745826005935668945e-01
-1.202628202736377716e-02
4.658896327018737793e-01
6.595448851585388184e-01
-1.368525903671979904e-02
4.677899181842803955e-01
6.756190061569213867e-01
-5.097607523202896118e-02
4.973671138286590576e-01
7.132276892662048340e-01
-3.512363508343696594e-02
4.704374969005584717e-01
7.158907055854797363e-01
-2.057164721190929413e-02
4.453938603401184082e-01
7.003211379051208496e-01
-1.615266688168048859e-02
