3.308926820755004883e-01
6.795530319213867188e-01
-3.948279072574223392e-07
3.564098477363586426e-01
5.748053789138793945e-01
5.017419811338186264e-03
4.011791944503784180e-01
4.775286614894866943e-01
-2.625046297907829285e-03
4.193327724933624268e-01
3.986794352531433105e-01
-1.177269872277975082e-02
4.093449711799621582e-01
3.334632813930511475e-01
-1.885509304702281952e-02
4.721093475818634033e-01
4.693397581577301025e-01
-1.884977333247661591e-02
5.442071557044982910e-01
5.300346016883850098e-01
-2.623947151005268097e-02
5.167492032051086426e-01
5.573708415031433105e-01
-2.967807836830615997e-02
4.846580922603607178e-01
5.468215942382812500e-01
-3.389083221554756165e-02
4.787009060382843018e-01
5.285500288009643555e-01
-3.101259469985961914e-02
5.424148440361022949e-01
5.967614054679870605e-01
-2.548277005553245544e-02
5.118963718414306641e-01
6.145957112312316895e-01
-1.996381580829620361e-02
4.812550246715545654e-01
6.019976735115051270e-01
-2.297098934650421143e-02
4.762471914291381836e-01
6.010388135910034180e-01
-4.118347540497779846e-02
5.260526537895202637e-01
6.637046337127685547e-01
-3.136205300688743591e-02
4.967103600502014160e-01
6.699015498161315918e-01
-1.993042603135108948e-02
4.669309556484222412e-01
6.518123745918273926e-01
-2.072156220674514771e-02
4.690798819065093994e-01
6.714745759963989258e-01
-5.132149904966354370e-02
4.970587193965911865e-01
7.148964405059814453e-01
-3.970197215676307678e-02
4.684129059314727783e-01
7.142141461372375488e-01
-2.669657208025455475e-02
4.441742300987243652e-01
6.957494020462036133e-01
-2.212864160537719727e-02
