3.303941488265991211e-01
6.815676093101501465e-01
-4.086931255642411998e-07
3.556789755821228027e-01
5.754251480102539062e-01
8.286084048449993134e-03
4.011459350585937500e-01
4.796269536018371582e-01
2.698046620935201645e-03
4.196458458900451660e-01
4.019525945186614990e-01
-4.052512813359498978e-03
4.109422862529754639e-01
3.401238918304443359e-01
-9.208787232637405396e-03
4.707437455654144287e-01
4.706604778766632080e-01
-2.100809663534164429e-02
5.432451367378234863e-01
5.318977236747741699e-01
-2.239164523780345917e-02
5.173469781875610352e-01
5.608428120613098145e-01
-1.961393654346466064e-02
4.835798740386962891e-01
5.533940196037292480e-01
-1.969964616000652313e-02
4.784466922283172607e-01
5.308087468147277832e-01
-3.266926482319831848e-02
5.415767431259155273e-01
5.975219607353210449e-01
-2.107031643390655518e-02
5.135565996170043945e-01
6.171639561653137207e-01
-1.179331354796886444e-02
4.828348159790039062e-01
6.070343255996704102e-01
-1.325841248035430908e-02
4.766795039176940918e-01
6.046691536903381348e-01
-4.120118543505668640e-02
5.266271233558654785e-01
6.635061502456665039e-01
-2.646947279572486877e-02
4.990336894989013672e-01
6.720348596572875977e-01
-1.394622679799795151e-02
4.686243832111358643e-01
6.574957370758056641e-01
-1.532484218478202820e-02
4.697142839431762695e-01
6.751314401626586914e-01
-4.910361021757125854e-02
4.961352348327636719e-01
7.136185169219970703e-01
-3.440532833337783813e-02
4.687283635139465332e-01
7.151312828063964844e-01
-2.048597857356071472e-02
4.444156885147094727e-01
7.005822062492370605e-01
-1.596187800168991089e-02
