3.311685323715209961e-01
6.899533271789550781e-01
-4.641073019229224883e-07
3.534958362579345703e-01
5.804415345191955566e-01
1.679099537432193756e-02
3.996318578720092773e-01
4.818252921104431152e-01
1.559858303517103195e-02
4.194229841232299805e-01
4.017218649387359619e-01
1.237667631357908249e-02
4.086607694625854492e-01
3.386132717132568359e-01
1.038823835551738739e-02
4.700455665588378906e-01
4.708765149116516113e-01
-1.513819862157106400e-02
5.435597300529479980e-01
5.295644402503967285e-01
-6.600974593311548233e-03
5.163404345512390137e-01
5.602897405624389648e-01
4.198390059173107147e-03
4.827019870281219482e-01
5.531998872756958008e-01
8.529283106327056885e-03
4.793246984481811523e-01
5.312644839286804199e-01
-2.784698083996772766e-02
5.403856635093688965e-01
5.939868688583374023e-01
-5.829256027936935425e-03
5.123239159584045410e-01
6.160467863082885742e-01
9.507972747087478638e-03
4.820290207862854004e-01
6.094421744346618652e-01
1.014638040214776993e-02
4.787744581699371338e-01
6.058752536773681641e-01
-3.607572987675666809e-02
5.270820260047912598e-01
6.602809429168701172e-01
-1.050255727022886276e-02
5.007128715515136719e-01
6.710280776023864746e-01
5.686019547283649445e-03
4.703662991523742676e-01
6.597959399223327637e-01
3.802789608016610146e-03
4.741871058940887451e-01
6.764061450958251953e-01
-4.312440752983093262e-02
5.022329092025756836e-01
7.088521718978881836e-01
-1.982949674129486084e-02
4.755495190620422363e-01
7.117666006088256836e-01
-3.256212919950485229e-03
4.516667723655700684e-01
6.993321180343627930e-01
1.075521111488342285e-03
