2.577340602874755859e-01
6.985121369361877441e-01
-3.814127751411433564e-07
2.762079238891601562e-01
6.042670011520385742e-01
-6.826000171713531017e-04
3.204918503761291504e-01
5.068538188934326172e-01
-9.680230170488357544e-03
3.379452228546142578e-01
4.293819069862365723e-01
-1.886574923992156982e-02
3.236511945724487305e-01
3.679101765155792236e-01
-2.584902383387088776e-02
3.849919736385345459e-01
4.870950281620025635e-01
-2.634228952229022980e-02
4.597745537757873535e-01
5.391115546226501465e-01
-3.667375072836875916e-02
4.353463351726531982e-01
5.629690289497375488e-01
-4.022601991891860962e-02
4.021106958389282227e-01
5.506494641304016113e-01
-4.395784065127372742e-02
3.904886841773986816e-01
5.407773852348327637e-01
-3.620718419551849365e-02
4.598250389099121094e-01
5.996654629707336426e-01
-3.612619638442993164e-02
4.318583011627197266e-01
6.176596879959106445e-01
-3.080843761563301086e-02
4.010640680789947510e-01
6.053771972656250000e-01
-3.269023075699806213e-02
3.892660140991210938e-01
6.097436547279357910e-01
-4.476086422801017761e-02
4.498029053211212158e-01
6.624737977981567383e-01
-4.244418442249298096e-02
4.230540692806243896e-01
6.696342825889587402e-01
-3.212098777294158936e-02
3.923487961292266846e-01
6.538766026496887207e-01
-3.140690177679061890e-02
3.842352628707885742e-01
6.789845824241638184e-01
-5.330650135874748230e-02
4.278892874717712402e-01
7.121203541755676270e-01
-4.799063503742218018e-02
4.020721912384033203e-01
7.132173776626586914e-01
-3.639228269457817078e-02
3.757565915584564209e-01
6.985067725181579590e-01
-3.161260858178138733e-02
