3.292871117591857910e-01
6.891489624977111816e-01
-4.346514970166026615e-07
3.524731099605560303e-01
5.807901620864868164e-01
8.768746629357337952e-03
3.988120853900909424e-01
4.808306396007537842e-01
3.873814130201935768e-03
4.192810952663421631e-01
4.000902175903320312e-01
-2.344526583328843117e-03
4.082400798797607422e-01
3.340598940849304199e-01
-6.924931425601243973e-03
4.702072143554687500e-01
4.717225730419158936e-01
-1.861656084656715393e-02
5.437353849411010742e-01
5.295862555503845215e-01
-1.846980489790439606e-02
5.180929899215698242e-01
5.591241717338562012e-01
-1.533704437315464020e-02
4.844051897525787354e-01
5.513646006584167480e-01
-1.533082872629165649e-02
4.786373674869537354e-01
5.323762893676757812e-01
-2.960753627121448517e-02
5.417972803115844727e-01
5.937967300415039062e-01
-1.517427805811166763e-02
5.149446129798889160e-01
6.150355935096740723e-01
-4.425426479429006577e-03
4.842104315757751465e-01
6.070812940597534180e-01
-5.420566070824861526e-03
4.778344035148620605e-01
6.069197654724121094e-01
-3.757135942578315735e-02
5.284394621849060059e-01
6.600444316864013672e-01
-1.994238793849945068e-02
5.032075643539428711e-01
6.696369051933288574e-01
-6.113556213676929474e-03
4.723514318466186523e-01
6.574116945266723633e-01
-7.058659102767705917e-03
4.724496603012084961e-01
6.782496571540832520e-01
-4.502198472619056702e-02
5.036189556121826172e-01
7.101168036460876465e-01
-2.768131904304027557e-02
4.785834252834320068e-01
7.129365205764770508e-01
-1.247319392859935760e-02
4.542357325553894043e-01
7.004634141921997070e-01
-7.323819212615489960e-03
