3.293358683586120605e-01
6.922844648361206055e-01
-4.552066172891500173e-07
3.525566458702087402e-01
5.821394324302673340e-01
1.452921517193317413e-02
3.989324271678924561e-01
4.825864136219024658e-01
1.169602479785680771e-02
4.195249676704406738e-01
4.013864994049072266e-01
6.998063996434211731e-03
4.081012010574340820e-01
3.361873626708984375e-01
3.668142482638359070e-03
4.692122638225555420e-01
4.719135761260986328e-01
-1.722746901214122772e-02
5.436973571777343750e-01
5.292096734046936035e-01
-1.145687792450189590e-02
5.172430872917175293e-01
5.596082210540771484e-01
-3.099330468103289604e-03
4.838490486145019531e-01
5.519655346870422363e-01
-1.219762780237942934e-04
4.782179892063140869e-01
5.324755311012268066e-01
-2.952868491411209106e-02
5.417408347129821777e-01
5.926993489265441895e-01
-9.417326189577579498e-03
5.147166252136230469e-01
6.144249439239501953e-01
5.099548958241939545e-03
4.842199683189392090e-01
6.073358654975891113e-01
5.414110142737627029e-03
4.778585433959960938e-01
6.072398424148559570e-01
-3.769895434379577637e-02
5.280774831771850586e-01
6.587308645248413086e-01
-1.381593104451894760e-02
5.027762055397033691e-01
6.690027117729187012e-01
2.267200499773025513e-03
4.721212983131408691e-01
6.577958464622497559e-01
8.286010124720633030e-04
4.733664393424987793e-01
6.781900525093078613e-01
-4.490032419562339783e-02
5.041251778602600098e-01
7.080017328262329102e-01
-2.261176519095897675e-02
4.783468246459960938e-01
7.105755209922790527e-01
-5.841420032083988190e-03
4.538066685199737549e-01
6.983317732810974121e-01
-1.000610529445111752e-03
