3.188425898551940918e-01
6.787472963333129883e-01
-4.112137048650765792e-07
3.475993871688842773e-01
5.789776444435119629e-01
-1.052537350915372372e-03
3.968877196311950684e-01
4.810866117477416992e-01
-1.112767308950424194e-02
4.185383915901184082e-01
4.023959636688232422e-01
-2.119627967476844788e-02
4.093537628650665283e-01
3.357897400856018066e-01
-2.856726013123989105e-02
4.648584127426147461e-01
4.727478325366973877e-01
-2.694700472056865692e-02
5.391848087310791016e-01
5.311120152473449707e-01
-3.785928711295127869e-02
5.120447278022766113e-01
5.558152794837951660e-01
-4.207730293273925781e-02
4.775972664356231689e-01
5.445011854171752930e-01
-4.605731740593910217e-02
4.704905748367309570e-01
5.336223244667053223e-01
-3.696945682168006897e-02
5.372409820556640625e-01
5.929185748100280762e-01
-3.484549000859260559e-02
5.074418187141418457e-01
6.100682616233825684e-01
-2.832457609474658966e-02
4.758621752262115479e-01
5.990000367164611816e-01
-2.991884388029575348e-02
4.678775370121002197e-01
6.067408919334411621e-01
-4.572055861353874207e-02
5.225312113761901855e-01
6.589564085006713867e-01
-4.040750861167907715e-02
4.941892921924591064e-01
6.662341356277465820e-01
-2.750850841403007507e-02
4.633572399616241455e-01
6.518650650978088379e-01
-2.590783685445785522e-02
4.605842232704162598e-01
6.778816580772399902e-01
-5.477263778448104858e-02
4.950175285339355469e-01
7.125027179718017578e-01
-4.646101221442222595e-02
4.677927494049072266e-01
7.140264511108398438e-01
-3.274665027856826782e-02
4.436037540435791016e-01
6.992706656455993652e-01
-2.684345841407775879e-02
