3.211625218391418457e-01
6.784840822219848633e-01
-3.786888953527522972e-07
3.504880368709564209e-01
5.778338909149169922e-01
3.648348183560301550e-06
3.991488516330718994e-01
4.813773632049560547e-01
-1.068430300801992416e-02
4.188713431358337402e-01
4.025375247001647949e-01
-2.185430005192756653e-02
4.094462394714355469e-01
3.361388444900512695e-01
-3.048639371991157532e-02
4.674471318721771240e-01
4.720699191093444824e-01
-2.642910555005073547e-02
5.400773882865905762e-01
5.313396453857421875e-01
-3.705278784036636353e-02
5.106673240661621094e-01
5.559692978858947754e-01
-4.163947701454162598e-02
4.765701293945312500e-01
5.439658761024475098e-01
-4.586156085133552551e-02
4.712721407413482666e-01
5.335707068443298340e-01
-3.706796839833259583e-02
5.363655090332031250e-01
5.953850746154785156e-01
-3.407378867268562317e-02
5.057705044746398926e-01
6.111481189727783203e-01
-2.787407860159873962e-02
4.745602011680603027e-01
5.987680554389953613e-01
-2.985257096588611603e-02
4.662676155567169189e-01
6.073904037475585938e-01
-4.625070095062255859e-02
5.204027891159057617e-01
6.616389155387878418e-01
-3.980091959238052368e-02
4.915418326854705811e-01
6.678518652915954590e-01
-2.702124975621700287e-02
4.604713916778564453e-01
6.525349020957946777e-01
-2.573266625404357910e-02
4.569704532623291016e-01
6.792166829109191895e-01
-5.564838647842407227e-02
4.918002486228942871e-01
7.144163846969604492e-01
-4.622038081288337708e-02
4.649297595024108887e-01
7.147785425186157227e-01
-3.184506669640541077e-02
4.402116537094116211e-01
6.994868516921997070e-01
-2.561995573341846466e-02
