3.071116805076599121e-01
6.780985593795776367e-01
-4.160106072959024459e-07
3.367819488048553467e-01
5.807116627693176270e-01
-5.526196211576461792e-03
3.879042267799377441e-01
4.833667278289794922e-01
-1.670367084443569183e-02
4.102788865566253662e-01
4.048441052436828613e-01
-2.764722704887390137e-02
4.013175070285797119e-01
3.373752236366271973e-01
-3.542109578847885132e-02
4.512100219726562500e-01
4.729494154453277588e-01
-2.659684419631958008e-02
5.276523828506469727e-01
5.249069929122924805e-01
-4.064684361219406128e-02
4.994098842144012451e-01
5.530847907066345215e-01
-4.826319590210914612e-02
4.642867743968963623e-01
5.421617031097412109e-01
-5.424302443861961365e-02
4.579802453517913818e-01
5.347793698310852051e-01
-3.568630293011665344e-02
5.227196216583251953e-01
5.896872282028198242e-01
-3.810317069292068481e-02
4.918076097965240479e-01
6.073371171951293945e-01
-3.538702428340911865e-02
4.582776725292205811e-01
5.945411324501037598e-01
-3.809555619955062866e-02
4.564555585384368896e-01
6.077844500541687012e-01
-4.429170116782188416e-02
5.063033699989318848e-01
6.553404927253723145e-01
-4.236276447772979736e-02
4.779029786586761475e-01
6.623905897140502930e-01
-3.096727095544338226e-02
4.473783075809478760e-01
6.477963328361511230e-01
-2.903843671083450317e-02
4.500641524791717529e-01
6.782753467559814453e-01
-5.374376103281974792e-02
4.807357788085937500e-01
7.069656848907470703e-01
-4.784722626209259033e-02
4.536052346229553223e-01
7.082839012145996094e-01
-3.431685641407966614e-02
4.301748871803283691e-01
6.953949332237243652e-01
-2.757408283650875092e-02
