3.045893907546997070e-01
6.758536696434020996e-01
-3.770698810967587633e-07
3.365162611007690430e-01
5.794448852539062500e-01
-5.774834193289279938e-03
3.865118920803070068e-01
4.838218688964843750e-01
-1.854577660560607910e-02
4.083414375782012939e-01
4.059721827507019043e-01
-3.105329535901546478e-02
3.999966681003570557e-01
3.386266827583312988e-01
-4.037572443485260010e-02
4.488419890403747559e-01
4.738082289695739746e-01
-2.963277325034141541e-02
5.260429382324218750e-01
5.246446132659912109e-01
-4.490817710757255554e-02
4.977524280548095703e-01
5.518904924392700195e-01
-5.261710658669471741e-02
4.628088474273681641e-01
5.417054295539855957e-01
-5.840017274022102356e-02
4.547352492809295654e-01
5.368012785911560059e-01
-3.880304470658302307e-02
5.236266851425170898e-01
5.883818268775939941e-01
-4.207234457135200500e-02
4.940567314624786377e-01
6.062072515487670898e-01
-3.887839615345001221e-02
4.608851671218872070e-01
5.943599343299865723e-01
-4.125237464904785156e-02
4.532361328601837158e-01
6.100575327873229980e-01
-4.739658907055854797e-02
5.068146586418151855e-01
6.553621292114257812e-01
-4.596270620822906494e-02
4.791498482227325439e-01
6.637303829193115234e-01
-3.368378803133964539e-02
4.486013948917388916e-01
6.497270464897155762e-01
-3.122242540121078491e-02
4.468021094799041748e-01
6.816581487655639648e-01
-5.680513381958007812e-02
4.804148674011230469e-01
7.106078267097473145e-01
-5.134512856602668762e-02
4.537166953086853027e-01
7.125033140182495117e-01
-3.766302391886711121e-02
4.294216632843017578e-01
6.990669369697570801e-01
-3.091285750269889832e-02
