2.890350222587585449e-01
6.842802166938781738e-01
-4.237230655235180166e-07
3.178829848766326904e-01
5.835766792297363281e-01
-1.977806910872459412e-03
3.700830638408660889e-01
4.848937094211578369e-01
-1.206161081790924072e-02
3.935649991035461426e-01
4.051616787910461426e-01
-2.258713915944099426e-02
3.857092857360839844e-01
3.376353383064270020e-01
-3.012484312057495117e-02
4.305865764617919922e-01
4.708402156829833984e-01
-2.503173239529132843e-02
5.100428462028503418e-01
5.220137834548950195e-01
-3.786759451031684875e-02
4.830394089221954346e-01
5.500802397727966309e-01
-4.379296302795410156e-02
4.478430151939392090e-01
5.399499535560607910e-01
-4.839470610022544861e-02
4.372786581516265869e-01
5.318238139152526855e-01
-3.547910600900650024e-02
5.044817924499511719e-01
5.862048268318176270e-01
-3.624532371759414673e-02
4.749877154827117920e-01
6.057366728782653809e-01
-3.228851035237312317e-02
4.420161843299865723e-01
5.942302942276000977e-01
-3.452249243855476379e-02
4.366110265254974365e-01
6.048405170440673828e-01
-4.499330371618270874e-02
4.922593533992767334e-01
6.523593664169311523e-01
-4.149351269006729126e-02
4.643436670303344727e-01
6.615537405014038086e-01
-2.926231920719146729e-02
4.330350756645202637e-01
6.479056477546691895e-01
-2.715652436017990112e-02
4.310904741287231445e-01
6.763824224472045898e-01
-5.499817058444023132e-02
4.666112661361694336e-01
7.051055431365966797e-01
-4.800618067383766174e-02
4.404548704624176025e-01
7.078981399536132812e-01
-3.409097716212272644e-02
4.166310131549835205e-01
6.959171295166015625e-01
-2.727434225380420685e-02
