2.716187238693237305e-01
6.864475607872009277e-01
-4.444308387974160723e-07
3.026097714900970459e-01
5.883777737617492676e-01
-4.060217645019292831e-03
3.568716347217559814e-01
4.901923537254333496e-01
-1.536201965063810349e-02
3.805681467056274414e-01
4.102239608764648438e-01
-2.703598514199256897e-02
3.727977871894836426e-01
3.404451012611389160e-01
-3.546278178691864014e-02
4.116848111152648926e-01
4.796003997325897217e-01
-2.869436144828796387e-02
4.949112534523010254e-01
5.278111100196838379e-01
-4.609911888837814331e-02
4.663465321063995361e-01
5.520571470260620117e-01
-5.463320016860961914e-02
4.303249418735504150e-01
5.380374789237976074e-01
-6.047266349196434021e-02
4.137147963047027588e-01
5.401771068572998047e-01
-3.911596536636352539e-02
4.888394176959991455e-01
5.948202013969421387e-01
-4.495901986956596375e-02
4.576640129089355469e-01
6.082202792167663574e-01
-4.154202714562416077e-02
4.230390489101409912e-01
5.936776399612426758e-01
-4.348887503147125244e-02
4.100010097026824951e-01
6.112669706344604492e-01
-4.912830144166946411e-02
4.725939929485321045e-01
6.610135436058044434e-01
-4.943032190203666687e-02
4.440534114837646484e-01
6.659771800041198730e-01
-3.645107522606849670e-02
4.123218655586242676e-01
6.503272652626037598e-01
-3.311619162559509277e-02
4.028729498386383057e-01
6.811336874961853027e-01
-5.988978967070579529e-02
4.465659260749816895e-01
7.121261954307556152e-01
-5.467582866549491882e-02
4.191592335700988770e-01
7.118088603019714355e-01
-4.042738303542137146e-02
3.933331668376922607e-01
6.964852213859558105e-01
-3.330696746706962585e-02
