2.721148729324340820e-01
6.878475546836853027e-01
-4.169688168076390866e-07
3.020275831222534180e-01
5.928884148597717285e-01
-5.521181970834732056e-03
3.558161854743957520e-01
4.940247237682342529e-01
-1.697440259158611298e-02
3.785405755043029785e-01
4.146451354026794434e-01
-2.824753522872924805e-02
3.703638315200805664e-01
3.449940681457519531e-01
-3.619401156902313232e-02
4.130571782588958740e-01
4.791431725025177002e-01
-2.821198664605617523e-02
4.930129051208496094e-01
5.305702090263366699e-01
-4.505556076765060425e-02
4.623337686061859131e-01
5.522162914276123047e-01
-5.400226265192031860e-02
4.257038235664367676e-01
5.374587774276733398e-01
-6.031106784939765930e-02
4.161761701107025146e-01
5.405580401420593262e-01
-3.725463151931762695e-02
4.886693358421325684e-01
5.957996249198913574e-01
-4.203368350863456726e-02
4.568075239658355713e-01
6.079967021942138672e-01
-3.829381987452507019e-02
4.227796196937561035e-01
5.950642824172973633e-01
-4.036363586783409119e-02
4.128830134868621826e-01
6.127934455871582031e-01
-4.612097516655921936e-02
4.745725095272064209e-01
6.611282825469970703e-01
-4.582375660538673401e-02
4.452559947967529297e-01
6.657441854476928711e-01
-3.203028440475463867e-02
4.130882322788238525e-01
6.517604589462280273e-01
-2.834939584136009216e-02
4.062120020389556885e-01
6.838517785072326660e-01
-5.585265532135963440e-02
4.500182569026947021e-01
7.130356431007385254e-01
-4.980769008398056030e-02
4.220968186855316162e-01
7.125043869018554688e-01
-3.482599183917045593e-02
3.957139551639556885e-01
6.984292268753051758e-01
-2.747817710041999817e-02
