2.578545808792114258e-01
6.863333582878112793e-01
-4.066869507823867025e-07
2.875457406044006348e-01
5.872281789779663086e-01
-3.347506979480385780e-03
3.393128514289855957e-01
4.864632487297058105e-01
-1.419744361191987991e-02
3.608608841896057129e-01
4.070327281951904297e-01
-2.501020208001136780e-02
3.532800674438476562e-01
3.405383527278900146e-01
-3.291873261332511902e-02
3.927139937877655029e-01
4.794957637786865234e-01
-3.263916447758674622e-02
4.773831963539123535e-01
5.274801850318908691e-01
-4.739490523934364319e-02
4.518674314022064209e-01
5.540808439254760742e-01
-5.280148237943649292e-02
4.146799445152282715e-01
5.425569415092468262e-01
-5.630720779299736023e-02
3.966877460479736328e-01
5.435851812362670898e-01
-4.230345040559768677e-02
4.711714684963226318e-01
5.940436720848083496e-01
-4.502685368061065674e-02
4.431707859039306641e-01
6.105736494064331055e-01
-3.984402120113372803e-02
4.074365496635437012e-01
5.977268218994140625e-01
-4.126854240894317627e-02
3.947316110134124756e-01
6.175776720046997070e-01
-5.083250254392623901e-02
4.569232463836669922e-01
6.582621932029724121e-01
-4.892120510339736938e-02
4.313252866268157959e-01
6.662076711654663086e-01
-3.534859791398048401e-02
3.982717394828796387e-01
6.532997488975524902e-01
-3.210905566811561584e-02
3.890890479087829590e-01
6.884060502052307129e-01
-5.971493199467658997e-02
4.332723021507263184e-01
7.100715637207031250e-01
-5.349721387028694153e-02
4.092428386211395264e-01
7.126606106758117676e-01
-3.835121542215347290e-02
3.828100860118865967e-01
7.018020749092102051e-01
-3.068434260785579681e-02
