2.560508847236633301e-01
6.941545009613037109e-01
-3.793495295667526079e-07
2.784768342971801758e-01
6.003618240356445312e-01
-2.186074620112776756e-03
3.227138221263885498e-01
5.026533603668212891e-01
-1.366594154387712479e-02
3.381082713603973389e-01
4.240238666534423828e-01
-2.489596046507358551e-02
3.228608965873718262e-01
3.597621321678161621e-01
-3.366177901625633240e-02
3.845684826374053955e-01
4.850103557109832764e-01
-3.303895145654678345e-02
4.615532457828521729e-01
5.380141735076904297e-01
-4.564667120575904846e-02
4.352143704891204834e-01
5.620046854019165039e-01
-4.932693392038345337e-02
4.015280604362487793e-01
5.506089925765991211e-01
-5.309522151947021484e-02
3.891015648841857910e-01
5.411455631256103516e-01
-4.352378100156784058e-02
4.612332582473754883e-01
5.990720987319946289e-01
-4.574703797698020935e-02
4.311292469501495361e-01
6.168964505195617676e-01
-3.975847736001014709e-02
4.000518620014190674e-01
6.052619218826293945e-01
-4.107359796762466431e-02
3.871682286262512207e-01
6.119953393936157227e-01
-5.257023870944976807e-02
4.507902860641479492e-01
6.632663607597351074e-01
-5.242373049259185791e-02
4.222809672355651855e-01
6.703828573226928711e-01
-4.076024517416954041e-02
3.910339474678039551e-01
6.548329591751098633e-01
-3.899038210511207581e-02
3.817192912101745605e-01
6.826357841491699219e-01
-6.158307567238807678e-02
4.258236289024353027e-01
7.143305540084838867e-01
-5.825615674257278442e-02
3.985820114612579346e-01
7.155427336692810059e-01
-4.627475515007972717e-02
3.720487654209136963e-01
7.005187273025512695e-01
-4.102801904082298279e-02
