2.569555938243865967e-01
6.910127401351928711e-01
-4.051283610806422075e-07
2.869641184806823730e-01
5.947009325027465820e-01
-3.917893860489130020e-03
3.402068316936492920e-01
4.954781234264373779e-01
-1.476267352700233459e-02
3.620750010013580322e-01
4.145201444625854492e-01
-2.553869038820266724e-02
3.530113697052001953e-01
3.453269600868225098e-01
-3.321434929966926575e-02
3.935895562171936035e-01
4.818999171257019043e-01
-2.881371788680553436e-02
4.753940999507904053e-01
5.283188819885253906e-01
-4.446867853403091431e-02
4.470214843750000000e-01
5.526880621910095215e-01
-5.153397098183631897e-02
4.111141264438629150e-01
5.402092933654785156e-01
-5.631864443421363831e-02
3.978801965713500977e-01
5.432026982307434082e-01
-3.818451613187789917e-02
4.728785753250122070e-01
5.923883914947509766e-01
-4.168231412768363953e-02
4.426257610321044922e-01
6.086646914482116699e-01
-3.681746870279312134e-02
4.088135063648223877e-01
5.976777076721191406e-01
-3.795480728149414062e-02
3.963411152362823486e-01
6.160771846771240234e-01
-4.691940918564796448e-02
4.589617252349853516e-01
6.597319245338439941e-01
-4.573395848274230957e-02
4.306406974792480469e-01
6.672062873840332031e-01
-3.191905096173286438e-02
3.986320197582244873e-01
6.545850634574890137e-01
-2.818690799176692963e-02
3.907870054244995117e-01
6.882113218307495117e-01
-5.617900937795639038e-02
4.342643916606903076e-01
7.136510014533996582e-01
-4.971433803439140320e-02
4.065566062927246094e-01
7.147263884544372559e-01
-3.464749082922935486e-02
3.799355924129486084e-01
7.019518613815307617e-01
-2.717972546815872192e-02
