2.425076216459274292e-01
6.963645219802856445e-01
-4.176680477030458860e-07
2.700527310371398926e-01
5.980873107910156250e-01
-3.956063650548458099e-03
3.230692744255065918e-01
4.973778724670410156e-01
-1.527630351483821869e-02
3.480914831161499023e-01
4.164106249809265137e-01
-2.645198814570903778e-02
3.404006659984588623e-01
3.471419811248779297e-01
-3.447633609175682068e-02
3.725035190582275391e-01
4.870769679546356201e-01
-3.466707840561866760e-02
4.598203599452972412e-01
5.300365090370178223e-01
-5.083115771412849426e-02
4.342107772827148438e-01
5.545256137847900391e-01
-5.625494942069053650e-02
3.979433476924896240e-01
5.440981388092041016e-01
-5.964750051498413086e-02
3.772055506706237793e-01
5.504829287528991699e-01
-4.456888884305953979e-02
4.555993676185607910e-01
5.969406366348266602e-01
-4.914866387844085693e-02
4.259887635707855225e-01
6.122837066650390625e-01
-4.303382337093353271e-02
3.905911147594451904e-01
6.011240482330322266e-01
-4.339549317955970764e-02
3.760079741477966309e-01
6.245111227035522461e-01
-5.346314981579780579e-02
4.438177943229675293e-01
6.638612151145935059e-01
-5.361489951610565186e-02
4.163000583648681641e-01
6.708083152770996094e-01
-3.863446786999702454e-02
3.824224770069122314e-01
6.594398617744445801e-01
-3.399616107344627380e-02
3.704827427864074707e-01
6.961222887039184570e-01
-6.275722384452819824e-02
4.184073805809020996e-01
7.178635597229003906e-01
-5.809738487005233765e-02
3.926023542881011963e-01
7.192140817642211914e-01
-4.269744828343391418e-02
3.646017014980316162e-01
7.083490490913391113e-01
-3.464150428771972656e-02
