2.428208589553833008e-01
6.942129135131835938e-01
-3.879740120282804128e-07
2.715261578559875488e-01
5.986933112144470215e-01
-4.948885645717382431e-03
3.236622214317321777e-01
4.967074394226074219e-01
-1.673747226595878601e-02
3.460476398468017578e-01
4.159603118896484375e-01
-2.810753136873245239e-02
3.369014859199523926e-01
3.470252454280853271e-01
-3.646013885736465454e-02
3.746034801006317139e-01
4.830601215362548828e-01
-3.361183777451515198e-02
4.587943553924560547e-01
5.299470424652099609e-01
-5.051729455590248108e-02
4.316248297691345215e-01
5.554682016372680664e-01
-5.753980576992034912e-02
3.956202864646911621e-01
5.447505712509155273e-01
-6.213248148560523987e-02
3.789075613021850586e-01
5.469031929969787598e-01
-4.331548884510993958e-02
4.563673436641693115e-01
5.955405831336975098e-01
-4.899806529283523560e-02
4.255378246307373047e-01
6.114614009857177734e-01
-4.420710727572441101e-02
3.905792236328125000e-01
5.998376607894897461e-01
-4.505652934312820435e-02
3.778006732463836670e-01
6.215810179710388184e-01
-5.220356211066246033e-02
4.448460340499877930e-01
6.637221574783325195e-01
-5.335985124111175537e-02
4.152172803878784180e-01
6.715301275253295898e-01
-3.887808322906494141e-02
3.821371197700500488e-01
6.590118408203125000e-01
-3.421624749898910522e-02
3.728305697441101074e-01
6.938529014587402344e-01
-6.153444945812225342e-02
4.185512661933898926e-01
7.186180353164672852e-01
-5.691151320934295654e-02
3.906598389148712158e-01
7.214251160621643066e-01
-4.138405621051788330e-02
3.636463880538940430e-01
7.100703120231628418e-01
-3.320597112178802490e-02
