2.426138222217559814e-01
6.936231851577758789e-01
-3.806457584687450435e-07
2.716333866119384766e-01
5.979140996932983398e-01
-5.338455084711313248e-03
3.237422406673431396e-01
4.963557422161102295e-01
-1.733518205583095551e-02
3.458620309829711914e-01
4.159749150276184082e-01
-2.880274504423141479e-02
3.370489776134490967e-01
3.471259176731109619e-01
-3.712283819913864136e-02
3.743298947811126709e-01
4.830135405063629150e-01
-3.394692018628120422e-02
4.585160613059997559e-01
5.302163958549499512e-01
-5.118334665894508362e-02
4.312455654144287109e-01
5.555569529533386230e-01
-5.828382819890975952e-02
3.952160775661468506e-01
5.446882843971252441e-01
-6.292513012886047363e-02
3.784969747066497803e-01
5.470001697540283203e-01
-4.370072111487388611e-02
4.567423462867736816e-01
5.955876708030700684e-01
-4.991873353719711304e-02
4.253319501876831055e-01
6.119526028633117676e-01
-4.505565389990806580e-02
3.901397287845611572e-01
6.001393198966979980e-01
-4.566901922225952148e-02
3.772539496421813965e-01
6.216133832931518555e-01
-5.270688980817794800e-02
4.446888566017150879e-01
6.637428998947143555e-01
-5.430980026721954346e-02
4.144770205020904541e-01
6.718727946281433105e-01
-3.960693627595901489e-02
3.810817003250122070e-01
6.590102314949035645e-01
-3.465664759278297424e-02
3.719218671321868896e-01
6.939961314201354980e-01
-6.219848990440368652e-02
4.171655476093292236e-01
7.189056873321533203e-01
-5.804719403386116028e-02
3.888123929500579834e-01
7.216975688934326172e-01
-4.251984879374504089e-02
3.615600466728210449e-01
7.100389003753662109e-01
-3.422464430332183838e-02
