2.300228625535964966e-01
6.976519227027893066e-01
-4.101887611795973498e-07
2.578310668468475342e-01
6.009369492530822754e-01
-3.367175580933690071e-03
3.095799088478088379e-01
5.000863075256347656e-01
-1.610117405652999878e-02
3.330734670162200928e-01
4.189072251319885254e-01
-2.859778702259063721e-02
3.250053226947784424e-01
3.493626117706298828e-01
-3.781921043992042542e-02
3.565777838230133057e-01
4.869566559791564941e-01
-3.928974643349647522e-02
4.456253051757812500e-01
5.310286283493041992e-01
-5.644192174077033997e-02
4.186326563358306885e-01
5.577642321586608887e-01
-6.088527664542198181e-02
3.823051452636718750e-01
5.486570596694946289e-01
-6.359727680683135986e-02
3.591583371162414551e-01
5.491308569908142090e-01
-5.026074871420860291e-02
4.418599605560302734e-01
5.982043147087097168e-01
-5.705373734235763550e-02
4.111576378345489502e-01
6.155308485031127930e-01
-5.060099810361862183e-02
3.756920397281646729e-01
6.054364442825317383e-01
-5.043227970600128174e-02
3.571442663669586182e-01
6.226033568382263184e-01
-5.987719446420669556e-02
4.288901090621948242e-01
6.659959554672241211e-01
-6.167771667242050171e-02
4.005640447139739990e-01
6.741580367088317871e-01
-4.656576365232467651e-02
3.675145208835601807e-01
6.623330712318420410e-01
-4.172550514340400696e-02
3.521933853626251221e-01
6.944920420646667480e-01
-6.969573348760604858e-02
4.037264585494995117e-01
7.199809551239013672e-01
-6.630667299032211304e-02
3.772650659084320068e-01
7.215263247489929199e-01
-5.157798156142234802e-02
3.495543897151947021e-01
7.089112997055053711e-01
-4.409943148493766785e-02
