2.307465821504592896e-01
6.957701444625854492e-01
-3.978857137099112151e-07
2.600407898426055908e-01
6.021608710289001465e-01
-5.939058028161525726e-03
3.120446205139160156e-01
4.983138144016265869e-01
-1.847560890018939972e-02
3.329819142818450928e-01
4.161217808723449707e-01
-3.036298602819442749e-02
3.227434754371643066e-01
3.468053936958312988e-01
-3.911779820919036865e-02
3.581876158714294434e-01
4.875700473785400391e-01
-3.619784489274024963e-02
4.444636106491088867e-01
5.350808501243591309e-01
-5.467118695378303528e-02
4.160820543766021729e-01
5.579336285591125488e-01
-6.168689951300621033e-02
3.802748918533325195e-01
5.463410615921020508e-01
-6.604428589344024658e-02
3.604345023632049561e-01
5.501466989517211914e-01
-4.562602564692497253e-02
4.420850872993469238e-01
5.982132554054260254e-01
-5.396747589111328125e-02
4.105444848537445068e-01
6.129642128944396973e-01
-4.918661713600158691e-02
3.755930662155151367e-01
6.027582287788391113e-01
-4.949533566832542419e-02
3.590726852416992188e-01
6.230268478393554688e-01
-5.432556569576263428e-02
4.294350147247314453e-01
6.644029617309570312e-01
-5.723055452108383179e-02
4.000586867332458496e-01
6.718665957450866699e-01
-4.271314665675163269e-02
3.677626848220825195e-01
6.602149605751037598e-01
-3.757261857390403748e-02
3.553026318550109863e-01
6.944040060043334961e-01
-6.352255493402481079e-02
4.049993157386779785e-01
7.187524437904357910e-01
-6.005065143108367920e-02
3.767356872558593750e-01
7.210372686386108398e-01
-4.526206478476524353e-02
3.493824899196624756e-01
7.089126110076904297e-01
-3.751580789685249329e-02
