2.180023640394210815e-01
7.013822793960571289e-01
-3.979840244028309826e-07
2.434903234243392944e-01
6.056531667709350586e-01
-4.868030548095703125e-03
2.957426309585571289e-01
5.015414357185363770e-01
-1.666619256138801575e-02
3.202232420444488525e-01
4.194432497024536133e-01
-2.832470461726188660e-02
3.138552904129028320e-01
3.519652187824249268e-01
-3.627167642116546631e-02
3.408963382244110107e-01
4.889294505119323730e-01
-3.544247150421142578e-02
4.302371144294738770e-01
5.301975011825561523e-01
-5.465318635106086731e-02
4.024782180786132812e-01
5.574950575828552246e-01
-6.124774366617202759e-02
3.671296238899230957e-01
5.495798587799072266e-01
-6.529678404331207275e-02
3.443656563758850098e-01
5.492729544639587402e-01
-4.609901830554008484e-02
4.281367361545562744e-01
5.969218611717224121e-01
-5.552178993821144104e-02
3.963967859745025635e-01
6.140298247337341309e-01
-5.054035037755966187e-02
3.617183864116668701e-01
6.047538518905639648e-01
-5.034998431801795959e-02
3.432161211967468262e-01
6.209333539009094238e-01
-5.627160146832466125e-02
4.142297506332397461e-01
6.665050983428955078e-01
-6.039372831583023071e-02
3.842858374118804932e-01
6.751073002815246582e-01
-4.682274162769317627e-02
3.524630963802337646e-01
6.631870865821838379e-01
-4.208336025476455688e-02
3.394644260406494141e-01
6.926273703575134277e-01
-6.696892529726028442e-02
3.888663947582244873e-01
7.231128215789794922e-01
-6.526980549097061157e-02
3.601862192153930664e-01
7.241993546485900879e-01
-5.244031548500061035e-02
3.333812952041625977e-01
7.099325656890869141e-01
-4.592152684926986694e-02
