2.180538177490234375e-01
6.998531222343444824e-01
-3.942812725199473789e-07
2.458331137895584106e-01
6.066835522651672363e-01
-5.811009556055068970e-03
2.971863150596618652e-01
5.022160410881042480e-01
-1.770108938217163086e-02
3.187057673931121826e-01
4.206494688987731934e-01
-2.953019179403781891e-02
3.113718628883361816e-01
3.519495129585266113e-01
-3.814060986042022705e-02
3.420589864253997803e-01
4.877937734127044678e-01
-3.257863968610763550e-02
4.293504059314727783e-01
5.335708260536193848e-01
-5.337611585855484009e-02
4.018379151821136475e-01
5.586695075035095215e-01
-6.280006468296051025e-02
3.660508692264556885e-01
5.475702881813049316e-01
-6.856283545494079590e-02
3.434811830520629883e-01
5.486127734184265137e-01
-4.292092099785804749e-02
4.264636039733886719e-01
5.986084342002868652e-01
-5.343075096607208252e-02
3.948401808738708496e-01
6.151678562164306641e-01
-5.015368759632110596e-02
3.596957623958587646e-01
6.036350131034851074e-01
-5.115612223744392395e-02
3.417088389396667480e-01
6.201265454292297363e-01
-5.316005647182464600e-02
4.145905077457427979e-01
6.651268005371093750e-01
-5.861214175820350647e-02
3.846958577632904053e-01
6.746129989624023438e-01
-4.506006091833114624e-02
3.520783483982086182e-01
6.615183353424072266e-01
-4.003265127539634705e-02
3.379979729652404785e-01
6.911960840225219727e-01
-6.397726386785507202e-02
3.896880149841308594e-01
7.202515602111816406e-01
-6.255499273538589478e-02
3.605893552303314209e-01
7.245041131973266602e-01
-4.856241121888160706e-02
3.324679434299468994e-01
7.110487222671508789e-01
-4.104409366846084595e-02
