2.086007148027420044e-01
6.992869377136230469e-01
-4.144308149989228696e-07
2.337675988674163818e-01
6.064102649688720703e-01
-5.358515307307243347e-03
2.846170663833618164e-01
5.062547922134399414e-01
-1.813386566936969757e-02
3.092064857482910156e-01
4.259462952613830566e-01
-3.077769279479980469e-02
3.020122647285461426e-01
3.577693998813629150e-01
-4.004191234707832336e-02
3.287691771984100342e-01
4.903210699558258057e-01
-3.745988756418228149e-02
4.187341332435607910e-01
5.333804488182067871e-01
-5.846000090241432190e-02
3.914847075939178467e-01
5.618793368339538574e-01
-6.636644899845123291e-02
3.560354411602020264e-01
5.540217757225036621e-01
-7.105273753404617310e-02
3.309151232242584229e-01
5.500301718711853027e-01
-4.840347543358802795e-02
4.141472876071929932e-01
6.011061072349548340e-01
-5.877373740077018738e-02
3.831566870212554932e-01
6.197609305381774902e-01
-5.441105365753173828e-02
3.490344583988189697e-01
6.091645956039428711e-01
-5.520431324839591980e-02
3.288232088088989258e-01
6.208992600440979004e-01
-5.891913548111915588e-02
4.013598263263702393e-01
6.685428619384765625e-01
-6.499980390071868896e-02
3.721272945404052734e-01
6.779714822769165039e-01
-5.185900256037712097e-02
3.398874402046203613e-01
6.641166806221008301e-01
-4.749969020485877991e-02
3.243940770626068115e-01
6.910820007324218750e-01
-6.983394920825958252e-02
3.780698776245117188e-01
7.233610153198242188e-01
-6.972873210906982422e-02
3.498552441596984863e-01
7.274445295333862305e-01
-5.690146982669830322e-02
3.211588561534881592e-01
7.135819196701049805e-01
-5.036826804280281067e-02
