1.992828547954559326e-01
7.069078087806701660e-01
-3.676167636967875296e-07
2.222013771533966064e-01
6.129649877548217773e-01
-7.087646983563899994e-03
2.743373513221740723e-01
5.089150667190551758e-01
-2.052777819335460663e-02
2.992205023765563965e-01
4.262305200099945068e-01
-3.348469361662864685e-02
2.918421030044555664e-01
3.560408949851989746e-01
-4.273396730422973633e-02
3.132988810539245605e-01
4.911656677722930908e-01
-3.882493451237678528e-02
4.073483049869537354e-01
5.298655033111572266e-01
-6.147872284054756165e-02
3.812881708145141602e-01
5.604383945465087891e-01
-6.960809975862503052e-02
3.460069000720977783e-01
5.557553768157958984e-01
-7.403507083654403687e-02
3.146314322948455811e-01
5.497996807098388672e-01
-4.891883209347724915e-02
4.053517878055572510e-01
5.972440838813781738e-01
-6.226335465908050537e-02
3.749320805072784424e-01
6.186769008636474609e-01
-5.807078629732131958e-02
3.404313027858734131e-01
6.115222573280334473e-01
-5.780373141169548035e-02
3.135082125663757324e-01
6.188591122627258301e-01
-5.894492194056510925e-02
3.922166526317596436e-01
6.645788550376892090e-01
-6.650254130363464355e-02
3.639831542968750000e-01
6.766778230667114258e-01
-5.293625965714454651e-02
3.328942954540252686e-01
6.656593084335327148e-01
-4.748927429318428040e-02
3.116062879562377930e-01
6.881005764007568359e-01
-6.955817341804504395e-02
3.680514991283416748e-01
7.183963060379028320e-01
-6.984562426805496216e-02
3.416528701782226562e-01
7.239094972610473633e-01
-5.739022418856620789e-02
3.153578341007232666e-01
7.115203142166137695e-01
-5.092201754450798035e-02
