2.556419968605041504e-01
6.946746110916137695e-01
-3.721166876857751049e-07
2.803594470024108887e-01
5.997694730758666992e-01
-1.794827869161963463e-03
3.241205215454101562e-01
5.022153258323669434e-01
-1.347248908132314682e-02
3.383631408214569092e-01
4.232941865921020508e-01
-2.475049719214439392e-02
3.221719264984130859e-01
3.599426448345184326e-01
-3.352766484022140503e-02
3.843774199485778809e-01
4.847480356693267822e-01
-3.436454385519027710e-02
4.617798924446105957e-01
5.397272706031799316e-01
-4.571106657385826111e-02
4.355528056621551514e-01
5.647300481796264648e-01
-4.780974611639976501e-02
4.018426835536956787e-01
5.537503957748413086e-01
-5.054131522774696350e-02
3.891946971416473389e-01
5.408053994178771973e-01
-4.469743371009826660e-02
4.607586264610290527e-01
6.006449460983276367e-01
-4.565608128905296326e-02
4.308332800865173340e-01
6.188749074935913086e-01
-3.863149508833885193e-02
3.997202813625335693e-01
6.069701910018920898e-01
-3.938415274024009705e-02
3.875028789043426514e-01
6.116611361503601074e-01
-5.332183837890625000e-02
4.497269392013549805e-01
6.646093726158142090e-01
-5.147062614560127258e-02
4.212960898876190186e-01
6.719973087310791016e-01
-3.936277329921722412e-02
3.902441263198852539e-01
6.562793850898742676e-01
-3.774012625217437744e-02
3.825102150440216064e-01
6.824366450309753418e-01
-6.187354773283004761e-02
4.236210584640502930e-01
7.153981924057006836e-01
-5.710886791348457336e-02
3.965232074260711670e-01
7.168214917182922363e-01
-4.487246274948120117e-02
3.708993792533874512e-01
7.013748288154602051e-01
-3.973698988556861877e-02
