1.982398033142089844e-01
7.046667337417602539e-01
-3.730891648956458084e-07
2.227318137884140015e-01
6.105865836143493652e-01
-8.891463279724121094e-03
2.756119072437286377e-01
5.056217908859252930e-01
-2.212128601968288422e-02
2.990086674690246582e-01
4.243816137313842773e-01
-3.411114588379859924e-02
2.899142801761627197e-01
3.545380830764770508e-01
-4.261720180511474609e-02
3.133238255977630615e-01
4.927105009555816650e-01
-4.136295244097709656e-02
4.059125781059265137e-01
5.322489142417907715e-01
-6.421159207820892334e-02
3.798863589763641357e-01
5.593152642250061035e-01
-7.238677144050598145e-02
3.448980152606964111e-01
5.522946715354919434e-01
-7.694081962108612061e-02
3.150269985198974609e-01
5.533871650695800781e-01
-5.000040680170059204e-02
4.054166078567504883e-01
6.007304787635803223e-01
-6.362468749284744263e-02
3.737989366054534912e-01
6.196763515472412109e-01
-5.851903557777404785e-02
3.393749296665191650e-01
6.122116446495056152e-01
-5.792131647467613220e-02
3.146089911460876465e-01
6.230514645576477051e-01
-5.866521969437599182e-02
3.928879201412200928e-01
6.675060391426086426e-01
-6.677351146936416626e-02
3.635685443878173828e-01
6.768271327018737793e-01
-5.254446342587471008e-02
3.320889770984649658e-01
6.657187938690185547e-01
-4.675289988517761230e-02
3.138193786144256592e-01
6.913617849349975586e-01
-6.797705590724945068e-02
3.695798218250274658e-01
7.193307280540466309e-01
-6.821042299270629883e-02
3.418079316616058350e-01
7.231879234313964844e-01
-5.530303716659545898e-02
3.144635558128356934e-01
7.103751301765441895e-01
-4.870504513382911682e-02
