1.945975869894027710e-01
7.111543416976928711e-01
-4.095167298601154471e-07
2.166967988014221191e-01
6.140562891960144043e-01
-1.568499719724059105e-03
2.661397457122802734e-01
5.110986232757568359e-01
-1.261621993035078049e-02
2.908253371715545654e-01
4.268896579742431641e-01
-2.325845882296562195e-02
2.831650674343109131e-01
3.574024140834808350e-01
-3.093668818473815918e-02
3.101976215839385986e-01
4.902198016643524170e-01
-3.905685245990753174e-02
4.008656442165374756e-01
5.347065925598144531e-01
-5.549597740173339844e-02
3.765591084957122803e-01
5.694723725318908691e-01
-5.827019363641738892e-02
3.416527807712554932e-01
5.653805732727050781e-01
-6.001117825508117676e-02
3.130196630954742432e-01
5.437200665473937988e-01
-4.946855828166007996e-02
3.967702090740203857e-01
6.026945114135742188e-01
-5.505829676985740662e-02
3.678789138793945312e-01
6.285421848297119141e-01
-4.754480347037315369e-02
3.356973230838775635e-01
6.199066638946533203e-01
-4.763003066182136536e-02
3.126061856746673584e-01
6.122556328773498535e-01
-5.839556455612182617e-02
3.857274949550628662e-01
6.689058542251586914e-01
-6.082617491483688354e-02
3.568111658096313477e-01
6.826636195182800293e-01
-4.761930555105209351e-02
3.257923722267150879e-01
6.694869399070739746e-01
-4.468816891312599182e-02
3.116149306297302246e-01
6.814275383949279785e-01
-6.710532307624816895e-02
3.630117177963256836e-01
7.209968566894531250e-01
-6.468962132930755615e-02
3.344512283802032471e-01
7.281922698020935059e-01
-5.279331281781196594e-02
3.072326183319091797e-01
7.138677835464477539e-01
-4.788822680711746216e-02
