1.923063695430755615e-01
7.067107558250427246e-01
-4.094642633845069213e-07
2.164274901151657104e-01
6.114775538444519043e-01
-4.956046119332313538e-03
2.676859796047210693e-01
5.089346766471862793e-01
-1.706604287028312683e-02
2.921285629272460938e-01
4.266509115695953369e-01
-2.817633748054504395e-02
2.835524976253509521e-01
3.578053712844848633e-01
-3.638113662600517273e-02
3.094875216484069824e-01
4.899771809577941895e-01
-4.167126119136810303e-02
4.009378254413604736e-01
5.370016098022460938e-01
-6.193903461098670959e-02
3.748965859413146973e-01
5.675851702690124512e-01
-6.802552193403244019e-02
3.392696678638458252e-01
5.596682429313659668e-01
-7.181579619646072388e-02
3.109315633773803711e-01
5.474780201911926270e-01
-5.159141495823860168e-02
3.974193036556243896e-01
6.048572063446044922e-01
-6.086749210953712463e-02
3.660896122455596924e-01
6.267413496971130371e-01
-5.440793186426162720e-02
3.321478068828582764e-01
6.173754930496215820e-01
-5.455628037452697754e-02
3.092130124568939209e-01
6.179776191711425781e-01
-6.070978939533233643e-02
3.838721811771392822e-01
6.720967888832092285e-01
-6.614154577255249023e-02
3.544152379035949707e-01
6.826374530792236328e-01
-5.269819498062133789e-02
3.227471411228179932e-01
6.696691513061523438e-01
-4.884888231754302979e-02
3.066011071205139160e-01
6.880214810371398926e-01
-6.998217850923538208e-02
3.598508238792419434e-01
7.235260009765625000e-01
-6.942555308341979980e-02
3.315208554267883301e-01
7.290840148925781250e-01
-5.734542384743690491e-02
3.040746152400970459e-01
7.154579162597656250e-01
-5.192208290100097656e-02
