1.918825358152389526e-01
7.020653486251831055e-01
-3.478658641142828856e-07
2.173261344432830811e-01
6.096504926681518555e-01
-7.131331134587526321e-03
2.674329876899719238e-01
5.089780688285827637e-01
-2.216436527669429779e-02
2.884291410446166992e-01
4.282837212085723877e-01
-3.641725704073905945e-02
2.785791158676147461e-01
3.595764040946960449e-01
-4.777715727686882019e-02
3.045317828655242920e-01
4.915997982025146484e-01
-4.599149525165557861e-02
3.979474902153015137e-01
5.346041321754455566e-01
-7.031023502349853516e-02
3.730985224246978760e-01
5.646832585334777832e-01
-7.935018837451934814e-02
3.382799625396728516e-01
5.578418970108032227e-01
-8.449621498584747314e-02
3.033938109874725342e-01
5.516813993453979492e-01
-5.656823143362998962e-02
3.961794376373291016e-01
6.021028757095336914e-01
-7.097309827804565430e-02
3.647533357143402100e-01
6.236431598663330078e-01
-6.604219973087310791e-02
3.293637633323669434e-01
6.153106689453125000e-01
-6.599531322717666626e-02
3.004901111125946045e-01
6.220683455467224121e-01
-6.660047173500061035e-02
3.826937377452850342e-01
6.692250967025756836e-01
-7.594712078571319580e-02
3.527956306934356689e-01
6.802411079406738281e-01
-6.152955442667007446e-02
3.199547231197357178e-01
6.686273813247680664e-01
-5.573775246739387512e-02
2.973371446132659912e-01
6.913810372352600098e-01
-7.694955915212631226e-02
3.579190969467163086e-01
7.215347886085510254e-01
-7.878067344427108765e-02
3.295997679233551025e-01
7.263200879096984863e-01
-6.560041755437850952e-02
3.000144958496093750e-01
7.137604355812072754e-01
-5.877688154578208923e-02
