1.937335729598999023e-01
6.994465589523315430e-01
-3.433415258768945932e-07
2.178625613451004028e-01
6.071118116378784180e-01
-7.383369375020265579e-03
2.676160335540771484e-01
5.065309405326843262e-01
-2.219893038272857666e-02
2.884916067123413086e-01
4.263936877250671387e-01
-3.622590750455856323e-02
2.777221798896789551e-01
3.582538962364196777e-01
-4.727009683847427368e-02
3.055536150932312012e-01
4.908156394958496094e-01
-4.549046233296394348e-02
3.982268869876861572e-01
5.356127023696899414e-01
-6.983906030654907227e-02
3.724032044410705566e-01
5.639254450798034668e-01
-7.892656326293945312e-02
3.380862772464752197e-01
5.557595491409301758e-01
-8.422458171844482422e-02
3.042696714401245117e-01
5.511016845703125000e-01
-5.616752430796623230e-02
3.968027830123901367e-01
6.030229926109313965e-01
-7.041376084089279175e-02
3.642337620258331299e-01
6.224695444107055664e-01
-6.510514020919799805e-02
3.293884694576263428e-01
6.134455800056457520e-01
-6.482802331447601318e-02
3.009111285209655762e-01
6.221980452537536621e-01
-6.642500311136245728e-02
3.824952840805053711e-01
6.710891723632812500e-01
-7.559216767549514771e-02
3.517319262027740479e-01
6.801916956901550293e-01
-6.091086566448211670e-02
3.194190263748168945e-01
6.677607893943786621e-01
-5.504158511757850647e-02
2.972920835018157959e-01
6.922414898872375488e-01
-7.709447294473648071e-02
3.576490879058837891e-01
7.243080139160156250e-01
-7.861119508743286133e-02
3.286773264408111572e-01
7.272814512252807617e-01
-6.527762860059738159e-02
2.992730438709259033e-01
7.134338617324829102e-01
-5.851497873663902283e-02
