1.959827840328216553e-01
6.996420025825500488e-01
-3.380690145604603458e-07
2.188144028186798096e-01
6.063392162322998047e-01
-6.964078638702630997e-03
2.673428654670715332e-01
5.063342452049255371e-01
-2.186549641191959381e-02
2.882733941078186035e-01
4.266751706600189209e-01
-3.570124506950378418e-02
2.777260243892669678e-01
3.589727580547332764e-01
-4.666707292199134827e-02
3.053872883319854736e-01
4.916204810142517090e-01
-4.682141914963722229e-02
3.976845443248748779e-01
5.352746248245239258e-01
-6.931246072053909302e-02
3.725084066390991211e-01
5.642794966697692871e-01
-7.688026875257492065e-02
3.385978341102600098e-01
5.562001466751098633e-01
-8.132589608430862427e-02
3.053547739982604980e-01
5.525211095809936523e-01
-5.700796097517013550e-02
3.964297473430633545e-01
6.017036437988281250e-01
-6.929592043161392212e-02
3.647648692131042480e-01
6.218995451927185059e-01
-6.308802217245101929e-02
3.303698897361755371e-01
6.130366325378417969e-01
-6.257425248622894287e-02
3.033749461174011230e-01
6.239993572235107422e-01
-6.634800881147384644e-02
3.834667801856994629e-01
6.695477366447448730e-01
-7.380260527133941650e-02
3.534249663352966309e-01
6.789680123329162598e-01
-5.860858410596847534e-02
3.209261000156402588e-01
6.670212149620056152e-01
-5.279216542840003967e-02
3.010646104812622070e-01
6.939718723297119141e-01
-7.593619078397750854e-02
3.602780699729919434e-01
7.222459912300109863e-01
-7.622841000556945801e-02
3.317702114582061768e-01
7.260371446609497070e-01
-6.212382018566131592e-02
3.025108873844146729e-01
7.134826183319091797e-01
-5.495520308613777161e-02
