1.891508996486663818e-01
7.088929414749145508e-01
-3.781057955620781286e-07
2.111227810382843018e-01
6.135174632072448730e-01
-2.806023461744189262e-03
2.604312002658843994e-01
5.118396878242492676e-01
-1.584669202566146851e-02
2.849470078945159912e-01
4.287061691284179688e-01
-2.811232767999172211e-02
2.762449085712432861e-01
3.591674566268920898e-01
-3.738311305642127991e-02
3.016839921474456787e-01
4.920099377632141113e-01
-4.395224526524543762e-02
3.942983448505401611e-01
5.358458161354064941e-01
-6.215580925345420837e-02
3.711639642715454102e-01
5.690512061119079590e-01
-6.544268131256103516e-02
3.366289734840393066e-01
5.627056360244750977e-01
-6.742002069950103760e-02
3.040070831775665283e-01
5.491775870323181152e-01
-5.489366501569747925e-02
3.926908075809478760e-01
6.034247875213623047e-01
-6.215777620673179626e-02
3.636787235736846924e-01
6.286349296569824219e-01
-5.321118235588073730e-02
3.307430446147918701e-01
6.189678311347961426e-01
-5.208925902843475342e-02
3.034470975399017334e-01
6.203061938285827637e-01
-6.439557671546936035e-02
3.817680776119232178e-01
6.707642674446105957e-01
-6.789644807577133179e-02
3.535159230232238770e-01
6.828602552413940430e-01
-5.271914601325988770e-02
3.214765191078186035e-01
6.693655252456665039e-01
-4.836861789226531982e-02
3.020181655883789062e-01
6.910294294357299805e-01
-7.373850047588348389e-02
3.581994473934173584e-01
7.240160703659057617e-01
-7.183691859245300293e-02
3.309812247753143311e-01
7.293066978454589844e-01
-5.882810428738594055e-02
3.029825985431671143e-01
7.146893143653869629e-01
-5.318766459822654724e-02
