1.881871521472930908e-01
7.099580168724060059e-01
-3.817922902271675412e-07
2.116743028163909912e-01
6.147540807723999023e-01
-2.579412655904889107e-03
2.620494663715362549e-01
5.115042924880981445e-01
-1.434976048767566681e-02
2.857460379600524902e-01
4.287338852882385254e-01
-2.536645345389842987e-02
2.766292095184326172e-01
3.603727221488952637e-01
-3.359661623835563660e-02
3.012744486331939697e-01
4.918942153453826904e-01
-4.086822271347045898e-02
3.940735757350921631e-01
5.351389050483703613e-01
-5.969546735286712646e-02
3.703382909297943115e-01
5.669376254081726074e-01
-6.407517194747924805e-02
3.357172906398773193e-01
5.608763694763183594e-01
-6.652609258890151978e-02
3.046195507049560547e-01
5.499256253242492676e-01
-5.115986987948417664e-02
3.935175240039825439e-01
6.016653776168823242e-01
-5.944322794675827026e-02
3.639519810676574707e-01
6.255707740783691406e-01
-5.181429535150527954e-02
3.306764960289001465e-01
6.170009374618530273e-01
-5.094531923532485962e-02
3.060932159423828125e-01
6.203469634056091309e-01
-6.018993258476257324e-02
3.823572993278503418e-01
6.686523556709289551e-01
-6.406708806753158569e-02
3.541563153266906738e-01
6.813369989395141602e-01
-4.941198602318763733e-02
3.232769668102264404e-01
6.695201992988586426e-01
-4.478321969509124756e-02
3.069498240947723389e-01
6.899088025093078613e-01
-6.908840686082839966e-02
3.609079122543334961e-01
7.208623886108398438e-01
-6.644310802221298218e-02
3.328663706779479980e-01
7.270743846893310547e-01
-5.316950008273124695e-02
3.060511350631713867e-01
7.140586376190185547e-01
-4.709814116358757019e-02
