1.870257854461669922e-01
7.084707617759704590e-01
-3.768428200601192657e-07
2.120104134082794189e-01
6.149026155471801758e-01
-5.358684808015823364e-03
2.633479237556457520e-01
5.123996734619140625e-01
-1.785836741328239441e-02
2.855507135391235352e-01
4.300774335861206055e-01
-2.998206391930580139e-02
2.764001786708831787e-01
3.615797162055969238e-01
-3.921274468302726746e-02
3.031139969825744629e-01
4.942443966865539551e-01
-3.902151435613632202e-02
3.945468366146087646e-01
5.376682877540588379e-01
-6.100481003522872925e-02
3.696850538253784180e-01
5.676322579383850098e-01
-6.891597062349319458e-02
3.356112241744995117e-01
5.605903863906860352e-01
-7.379391789436340332e-02
3.031950294971466064e-01
5.522277355194091797e-01
-4.975313693284988403e-02
3.928291797637939453e-01
6.053548455238342285e-01
-6.191933155059814453e-02
3.609825372695922852e-01
6.267246007919311523e-01
-5.704207345843315125e-02
3.266105055809020996e-01
6.169799566268920898e-01
-5.744394659996032715e-02
3.007853329181671143e-01
6.217327117919921875e-01
-6.009206548333168030e-02
3.791286945343017578e-01
6.737769842147827148e-01
-6.791779398918151855e-02
3.488485515117645264e-01
6.839036345481872559e-01
-5.474207177758216858e-02
3.172813951969146729e-01
6.698579192161560059e-01
-5.025600641965866089e-02
2.975522577762603760e-01
6.907460093498229980e-01
-7.067263126373291016e-02
3.548508286476135254e-01
7.256536483764648438e-01
-7.138135284185409546e-02
3.257745206356048584e-01
7.297574281692504883e-01
-5.911611765623092651e-02
2.972723841667175293e-01
7.145470976829528809e-01
-5.333179235458374023e-02
