1.871474981307983398e-01
7.070920467376708984e-01
-3.640128340975934407e-07
2.133331149816513062e-01
6.148083806037902832e-01
-5.560031626373529434e-03
2.646544575691223145e-01
5.127447247505187988e-01
-1.872923783957958221e-02
2.854928970336914062e-01
4.304820895195007324e-01
-3.151975944638252258e-02
2.753337025642395020e-01
3.617694973945617676e-01
-4.141347110271453857e-02
3.032349944114685059e-01
4.950779080390930176e-01
-4.054290801286697388e-02
3.948538899421691895e-01
5.393730401992797852e-01
-6.302998214960098267e-02
3.698552548885345459e-01
5.685320496559143066e-01
-7.099907845258712769e-02
3.357244729995727539e-01
5.607137084007263184e-01
-7.585929334163665771e-02
3.024584650993347168e-01
5.532864332199096680e-01
-5.161695554852485657e-02
3.927988409996032715e-01
6.069642305374145508e-01
-6.421280652284622192e-02
3.610745072364807129e-01
6.275366544723510742e-01
-5.902377143502235413e-02
3.264952003955841064e-01
6.168896555900573730e-01
-5.919891223311424255e-02
2.992784678936004639e-01
6.230117678642272949e-01
-6.227758899331092834e-02
3.787968754768371582e-01
6.742063760757446289e-01
-7.036183029413223267e-02
3.485500514507293701e-01
6.844855546951293945e-01
-5.637815594673156738e-02
3.167207837104797363e-01
6.701830029487609863e-01
-5.133163183927536011e-02
2.953003644943237305e-01
6.921879649162292480e-01
-7.320179045200347900e-02
3.537034094333648682e-01
7.259700298309326172e-01
-7.389194518327713013e-02
3.254225254058837891e-01
7.306829690933227539e-01
-6.089646741747856140e-02
2.969959378242492676e-01
7.159826755523681641e-01
-5.462161451578140259e-02
