2.611981630325317383e-01
6.975756287574768066e-01
-3.867591260586777935e-07
2.767703235149383545e-01
5.981774926185607910e-01
4.411901813000440598e-03
3.192447721958160400e-01
4.999662637710571289e-01
-1.319921342656016350e-03
3.367316126823425293e-01
4.217097759246826172e-01
-8.821674622595310211e-03
3.248751163482666016e-01
3.595582842826843262e-01
-1.432963460683822632e-02
3.850383162498474121e-01
4.842367768287658691e-01
-1.364293415099382401e-02
4.617368578910827637e-01
5.336834192276000977e-01
-1.987537369132041931e-02
4.369796514511108398e-01
5.617228746414184570e-01
-2.233432233333587646e-02
4.037145972251892090e-01
5.531163811683654785e-01
-2.520759403705596924e-02
3.920410573482513428e-01
5.353564023971557617e-01
-2.404049970209598541e-02
4.605180621147155762e-01
5.921673774719238281e-01
-1.836898364126682281e-02
4.343309998512268066e-01
6.131659150123596191e-01
-1.302052289247512817e-02
4.046326875686645508e-01
6.031315326690673828e-01
-1.547197345644235611e-02
3.923968374729156494e-01
6.021120548248291016e-01
-3.309881314635276794e-02
4.503832161426544189e-01
6.520321369171142578e-01
-2.549281343817710876e-02
4.254049062728881836e-01
6.637982130050659180e-01
-1.556146703660488129e-02
3.963493704795837402e-01
6.505299806594848633e-01
-1.599159277975559235e-02
3.902116119861602783e-01
6.694319844245910645e-01
-4.191338643431663513e-02
4.349762797355651855e-01
7.017734050750732422e-01
-3.173612430691719055e-02
4.094426631927490234e-01
7.067269086837768555e-01
-1.885465905070304871e-02
3.829893469810485840e-01
6.940761804580688477e-01
-1.380085665732622147e-02
