1.877217292785644531e-01
7.053850889205932617e-01
-3.831664230347087141e-07
2.124181985855102539e-01
6.114420294761657715e-01
-2.186232479289174080e-03
2.632269263267517090e-01
5.099753737449645996e-01
-1.450450252741575241e-02
2.864952087402343750e-01
4.266909360885620117e-01
-2.545347623527050018e-02
2.756190299987792969e-01
3.585861921310424805e-01
-3.355157375335693359e-02
2.995289862155914307e-01
4.962727129459381104e-01
-4.919198900461196899e-02
3.917789459228515625e-01
5.397701263427734375e-01
-6.534890830516815186e-02
3.679436743259429932e-01
5.704237222671508789e-01
-6.502135843038558960e-02
3.348427116870880127e-01
5.639098882675170898e-01
-6.492645293474197388e-02
3.030511736869812012e-01
5.542533993721008301e-01
-5.978435650467872620e-02
3.916942179203033447e-01
6.063575744628906250e-01
-6.636839359998703003e-02
3.611853718757629395e-01
6.265956163406372070e-01
-5.504373088479042053e-02
3.278355896472930908e-01
6.172770261764526367e-01
-5.248664692044258118e-02
3.040110170841217041e-01
6.239834427833557129e-01
-6.825295835733413696e-02
3.795569539070129395e-01
6.731119155883789062e-01
-7.013965398073196411e-02
3.504436612129211426e-01
6.827546954154968262e-01
-5.315956100821495056e-02
3.192928433418273926e-01
6.700462102890014648e-01
-4.818521067500114441e-02
3.034292459487915039e-01
6.923586726188659668e-01
-7.650504261255264282e-02
3.553183674812316895e-01
7.259849309921264648e-01
-7.318779826164245605e-02
3.270657956600189209e-01
7.300586700439453125e-01
-5.959869176149368286e-02
3.005610704421997070e-01
7.151744365692138672e-01
-5.411621555685997009e-02
