1.896430850028991699e-01
7.079483270645141602e-01
-3.430087645028834231e-07
2.106518745422363281e-01
6.137801408767700195e-01
-5.230088252574205399e-03
2.601689696311950684e-01
5.132488608360290527e-01
-1.814220100641250610e-02
2.826957106590270996e-01
4.314495921134948730e-01
-3.036978654563426971e-02
2.741088569164276123e-01
3.626266717910766602e-01
-3.963883593678474426e-02
2.965338826179504395e-01
4.959267973899841309e-01
-4.142750799655914307e-02
3.887113630771636963e-01
5.371966958045959473e-01
-6.171212345361709595e-02
3.651830554008483887e-01
5.675839185714721680e-01
-6.739554554224014282e-02
3.328247070312500000e-01
5.624064207077026367e-01
-7.060378044843673706e-02
2.988788485527038574e-01
5.537701845169067383e-01
-5.143152177333831787e-02
3.880965411663055420e-01
6.044227480888366699e-01
-6.190170347690582275e-02
3.575999140739440918e-01
6.247576475143432617e-01
-5.508264154195785522e-02
3.242295682430267334e-01
6.159130930900573730e-01
-5.412147566676139832e-02
2.989453971385955811e-01
6.227849721908569336e-01
-6.073062121868133545e-02
3.756331205368041992e-01
6.721922755241394043e-01
-6.650249660015106201e-02
3.462320864200592041e-01
6.819839477539062500e-01
-5.210706219077110291e-02
3.154609501361846924e-01
6.687099933624267578e-01
-4.712449014186859131e-02
2.982334792613983154e-01
6.910133361816406250e-01
-7.025370746850967407e-02
3.526335358619689941e-01
7.249633669853210449e-01
-6.928352266550064087e-02
3.240385055541992188e-01
7.297294139862060547e-01
-5.643196031451225281e-02
2.967355549335479736e-01
7.149703502655029297e-01
-5.043652281165122986e-02
