1.899610161781311035e-01
7.074950933456420898e-01
-3.503911045754648512e-07
2.102672904729843140e-01
6.147719025611877441e-01
-5.846460349857807159e-03
2.600470781326293945e-01
5.136060714721679688e-01
-1.875617541372776031e-02
2.837378382682800293e-01
4.316166043281555176e-01
-3.062292002141475677e-02
2.743504941463470459e-01
3.631857037544250488e-01
-3.956598415970802307e-02
2.958886027336120605e-01
4.944193661212921143e-01
-4.337271675467491150e-02
3.886342048645019531e-01
5.376059412956237793e-01
-6.326340138912200928e-02
3.657736182212829590e-01
5.679126381874084473e-01
-6.814770400524139404e-02
3.331831693649291992e-01
5.623361468315124512e-01
-7.105506956577301025e-02
2.975522577762603760e-01
5.510281920433044434e-01
-5.292711406946182251e-02
3.872370719909667969e-01
6.039297580718994141e-01
-6.321067363023757935e-02
3.577537834644317627e-01
6.253669261932373047e-01
-5.621111392974853516e-02
3.255966901779174805e-01
6.168447732925415039e-01
-5.554189160466194153e-02
2.976925671100616455e-01
6.198923587799072266e-01
-6.166512519121170044e-02
3.754239678382873535e-01
6.709980368614196777e-01
-6.774119287729263306e-02
3.468267023563385010e-01
6.812305450439453125e-01
-5.401436239480972290e-02
3.167906999588012695e-01
6.682232022285461426e-01
-4.969153553247451782e-02
2.978921234607696533e-01
6.884137392044067383e-01
-7.056820392608642578e-02
3.543294668197631836e-01
7.227485179901123047e-01
-7.016454637050628662e-02
3.264332413673400879e-01
7.274296283721923828e-01
-5.825692415237426758e-02
2.993800044059753418e-01
7.129904031753540039e-01
-5.303590372204780579e-02
