1.847516745328903198e-01
7.018349766731262207e-01
-3.562419692570983898e-07
2.079913318157196045e-01
6.083038449287414551e-01
-6.634970195591449738e-03
2.585154175758361816e-01
5.083425641059875488e-01
-2.002895250916481018e-02
2.814358472824096680e-01
4.278507232666015625e-01
-3.189218416810035706e-02
2.723583579063415527e-01
3.605846166610717773e-01
-4.042943194508552551e-02
2.943754792213439941e-01
4.974380135536193848e-01
-4.909102618694305420e-02
3.876627683639526367e-01
5.398963689804077148e-01
-6.934349983930587769e-02
3.647999167442321777e-01
5.695642828941345215e-01
-7.272883504629135132e-02
3.311025202274322510e-01
5.645532011985778809e-01
-7.453399896621704102e-02
2.942607402801513672e-01
5.564903616905212402e-01
-5.866711959242820740e-02
3.851229846477508545e-01
6.093603372573852539e-01
-6.936462968587875366e-02
3.558963835239410400e-01
6.288416981697082520e-01
-6.100159510970115662e-02
3.233011960983276367e-01
6.204277873039245605e-01
-5.981394276022911072e-02
2.924425601959228516e-01
6.265689134597778320e-01
-6.719070672988891602e-02
3.717792630195617676e-01
6.780526638031005859e-01
-7.401048392057418823e-02
3.432715535163879395e-01
6.855069994926452637e-01
-5.983339995145797729e-02
3.126488327980041504e-01
6.723302006721496582e-01
-5.551327392458915710e-02
2.900861799716949463e-01
6.944281458854675293e-01
-7.584894448518753052e-02
3.476524651050567627e-01
7.300324440002441406e-01
-7.691349089145660400e-02
3.199623525142669678e-01
7.311605215072631836e-01
-6.571532785892486572e-02
2.919183671474456787e-01
7.154968380928039551e-01
-6.110283359885215759e-02
