1.865827739238739014e-01
7.023459672927856445e-01
-3.219967652512423228e-07
2.091708779335021973e-01
6.078543663024902344e-01
-5.122620146721601486e-03
2.589687108993530273e-01
5.091864466667175293e-01
-1.971556991338729858e-02
2.810381948947906494e-01
4.277635216712951660e-01
-3.291293233633041382e-02
2.708284854888916016e-01
3.589048385620117188e-01
-4.313948005437850952e-02
2.928286492824554443e-01
4.959315657615661621e-01
-5.186461284756660461e-02
3.866493999958038330e-01
5.395205616950988770e-01
-7.167288661003112793e-02
3.646197319030761719e-01
5.697737932205200195e-01
-7.418061792850494385e-02
3.314010202884674072e-01
5.643622875213623047e-01
-7.533325999975204468e-02
2.928873002529144287e-01
5.542134642601013184e-01
-6.224585324525833130e-02
3.849523663520812988e-01
6.076216697692871094e-01
-7.205770909786224365e-02
3.559580743312835693e-01
6.279473304748535156e-01
-6.231754645705223083e-02
3.230231404304504395e-01
6.188489794731140137e-01
-6.041047722101211548e-02
2.909825444221496582e-01
6.245698332786560059e-01
-7.106879353523254395e-02
3.729458451271057129e-01
6.763419508934020996e-01
-7.686876505613327026e-02
3.441588282585144043e-01
6.845063567161560059e-01
-6.127528473734855652e-02
3.125801086425781250e-01
6.703600883483886719e-01
-5.643500387668609619e-02
2.884597778320312500e-01
6.935662627220153809e-01
-7.980001717805862427e-02
3.466913700103759766e-01
7.304041385650634766e-01
-8.000937104225158691e-02
3.185392916202545166e-01
7.324712872505187988e-01
-6.762728095054626465e-02
2.898507416248321533e-01
7.161000967025756836e-01
-6.246542185544967651e-02
