1.846446990966796875e-01
7.041788697242736816e-01
-3.427434194236411713e-07
2.073013484477996826e-01
6.113495230674743652e-01
-4.474115092307329178e-03
2.578592896461486816e-01
5.111660361289978027e-01
-1.787207089364528656e-02
2.806781530380249023e-01
4.289133250713348389e-01
-2.992032654583454132e-02
2.715044021606445312e-01
3.608207404613494873e-01
-3.895338997244834900e-02
2.929237186908721924e-01
4.950892329216003418e-01
-5.014798790216445923e-02
3.857260942459106445e-01
5.395153164863586426e-01
-6.892361491918563843e-02
3.640830218791961670e-01
5.713153481483459473e-01
-7.055249810218811035e-02
3.308486938476562500e-01
5.670284628868103027e-01
-7.131716609001159668e-02
2.925492525100708008e-01
5.518000721931457520e-01
-6.057180836796760559e-02
3.831904828548431396e-01
6.089293360710144043e-01
-6.984296441078186035e-02
3.545832931995391846e-01
6.313536763191223145e-01
-6.042714044451713562e-02
3.227317333221435547e-01
6.218836307525634766e-01
-5.890528485178947449e-02
2.905122935771942139e-01
6.221311688423156738e-01
-6.938233226537704468e-02
3.719477057456970215e-01
6.781119704246520996e-01
-7.550663501024246216e-02
3.434498608112335205e-01
6.878775954246520996e-01
-6.116458401083946228e-02
3.124677836894989014e-01
6.735848188400268555e-01
-5.713055655360221863e-02
2.881314456462860107e-01
6.918029785156250000e-01
-7.794526219367980957e-02
3.466796278953552246e-01
7.316407561302185059e-01
-7.866969704627990723e-02
3.188754618167877197e-01
7.344866394996643066e-01
-6.738677620887756348e-02
2.908417582511901855e-01
7.182860374450683594e-01
-6.294457614421844482e-02
