1.829735636711120605e-01
7.026231884956359863e-01
-3.508749273350986186e-07
2.046927660703659058e-01
6.095710396766662598e-01
-5.681857932358980179e-03
2.555674016475677490e-01
5.097118020057678223e-01
-1.846345886588096619e-02
2.790447771549224854e-01
4.289017319679260254e-01
-3.031813539564609528e-02
2.708226442337036133e-01
3.611470460891723633e-01
-3.883963078260421753e-02
2.919786870479583740e-01
4.966189861297607422e-01
-4.421204701066017151e-02
3.851942718029022217e-01
5.388132333755493164e-01
-6.441511213779449463e-02
3.624123334884643555e-01
5.692160129547119141e-01
-6.855984777212142944e-02
3.293823301792144775e-01
5.642157196998596191e-01
-7.081342488527297974e-02
2.926755547523498535e-01
5.533234477043151855e-01
-5.427132919430732727e-02
3.830975890159606934e-01
6.073725819587707520e-01
-6.496205925941467285e-02
3.530027568340301514e-01
6.275864839553833008e-01
-5.740664899349212646e-02
3.203886151313781738e-01
6.180321574211120605e-01
-5.635423585772514343e-02
2.912644147872924805e-01
6.222304701805114746e-01
-6.350190937519073486e-02
3.706594407558441162e-01
6.750411391258239746e-01
-7.013411819934844971e-02
3.415708541870117188e-01
6.844612360000610352e-01
-5.598883330821990967e-02
3.113612234592437744e-01
6.706429719924926758e-01
-5.137517675757408142e-02
2.891748547554016113e-01
6.903225779533386230e-01
-7.293577492237091064e-02
3.475393056869506836e-01
7.280991077423095703e-01
-7.355915009975433350e-02
3.193142712116241455e-01
7.313120961189270020e-01
-6.187460944056510925e-02
2.914426624774932861e-01
7.155606746673583984e-01
-5.670378729701042175e-02
