1.815448999404907227e-01
7.059364318847656250e-01
-3.510700992137572030e-07
2.037446796894073486e-01
6.120708584785461426e-01
-4.957920871675014496e-03
2.548871636390686035e-01
5.102860927581787109e-01
-1.773025467991828918e-02
2.779599130153656006e-01
4.273717999458312988e-01
-2.955746464431285858e-02
2.692669928073883057e-01
3.587559461593627930e-01
-3.801327943801879883e-02
2.916172742843627930e-01
4.953327476978302002e-01
-4.486901685595512390e-02
3.844256401062011719e-01
5.391459465026855469e-01
-6.394480168819427490e-02
3.612841963768005371e-01
5.701051950454711914e-01
-6.692315638065338135e-02
3.282911777496337891e-01
5.641267299652099609e-01
-6.869716197252273560e-02
2.921421825885772705e-01
5.518658757209777832e-01
-5.528040602803230286e-02
3.825813233852386475e-01
6.071383357048034668e-01
-6.531561911106109619e-02
3.523151874542236328e-01
6.282126903533935547e-01
-5.724521353840827942e-02
3.196510672569274902e-01
6.177111864089965820e-01
-5.602769553661346436e-02
2.903743684291839600e-01
6.212410926818847656e-01
-6.459742784500122070e-02
3.700229525566101074e-01
6.759812235832214355e-01
-7.085537165403366089e-02
3.406727015972137451e-01
6.858217716217041016e-01
-5.681782215833663940e-02
3.101909458637237549e-01
6.706465482711791992e-01
-5.250944942235946655e-02
2.875683307647705078e-01
6.903526782989501953e-01
-7.395056635141372681e-02
3.460504114627838135e-01
7.297602891921997070e-01
-7.453092187643051147e-02
3.175508975982666016e-01
7.331223487854003906e-01
-6.303559988737106323e-02
2.893327176570892334e-01
7.165282368659973145e-01
-5.814395844936370850e-02
