1.832115948200225830e-01
7.058554887771606445e-01
-3.811127839981054422e-07
2.052025496959686279e-01
6.099129915237426758e-01
-2.489876933395862579e-03
2.570348680019378662e-01
5.073983073234558105e-01
-1.326613128185272217e-02
2.804470062255859375e-01
4.255777597427368164e-01
-2.271270193159580231e-02
2.719316780567169189e-01
3.593446612358093262e-01
-2.924083545804023743e-02
2.905880212783813477e-01
4.968589544296264648e-01
-4.645513370633125305e-02
3.816938400268554688e-01
5.385028123855590820e-01
-6.160157173871994019e-02
3.591413497924804688e-01
5.667012333869934082e-01
-6.044874712824821472e-02
3.263305723667144775e-01
5.606513023376464844e-01
-5.967729166150093079e-02
2.934928834438323975e-01
5.533950924873352051e-01
-5.614783614873886108e-02
3.797882795333862305e-01
6.044539213180541992e-01
-6.205806881189346313e-02
3.512916266918182373e-01
6.243099570274353027e-01
-5.112737417221069336e-02
3.203076422214508057e-01
6.165233850479125977e-01
-4.889191687107086182e-02
2.946516573429107666e-01
6.219356060028076172e-01
-6.396616995334625244e-02
3.692768812179565430e-01
6.704666614532470703e-01
-6.599641591310501099e-02
3.418676555156707764e-01
6.802030205726623535e-01
-5.044224485754966736e-02
3.129648864269256592e-01
6.687434315681457520e-01
-4.621683806180953979e-02
2.951746881008148193e-01
6.896355152130126953e-01
-7.155700773000717163e-02
3.484728634357452393e-01
7.216340303421020508e-01
-6.838749349117279053e-02
3.209518492221832275e-01
7.254751324653625488e-01
-5.567485839128494263e-02
2.954252660274505615e-01
7.120242118835449219e-01
-5.077668279409408569e-02
