1.827391833066940308e-01
7.030158638954162598e-01
-3.732275786205718759e-07
2.055442035198211670e-01
6.076946854591369629e-01
-3.644823329523205757e-03
2.574386298656463623e-01
5.062067508697509766e-01
-1.436325442045927048e-02
2.805302143096923828e-01
4.253107905387878418e-01
-2.355984412133693695e-02
2.720682919025421143e-01
3.597680032253265381e-01
-2.984344027936458588e-02
2.919219732284545898e-01
4.972810149192810059e-01
-4.501491039991378784e-02
3.810519576072692871e-01
5.387225151062011719e-01
-6.070671603083610535e-02
3.580759763717651367e-01
5.662448406219482422e-01
-6.112693995237350464e-02
3.257075846195220947e-01
5.594257116317749023e-01
-6.149685382843017578e-02
2.952864170074462891e-01
5.551173090934753418e-01
-5.424294620752334595e-02
3.801631927490234375e-01
6.049617528915405273e-01
-6.067327037453651428e-02
3.507211506366729736e-01
6.239249110221862793e-01
-5.076809227466583252e-02
3.191768229007720947e-01
6.153644323348999023e-01
-4.890669882297515869e-02
2.964999675750732422e-01
6.245731115341186523e-01
-6.183039397001266479e-02
3.691888153553009033e-01
6.722050309181213379e-01
-6.386525928974151611e-02
3.411663174629211426e-01
6.806609630584716797e-01
-4.851586371660232544e-02
3.118932843208312988e-01
6.685122251510620117e-01
-4.418962448835372925e-02
2.964197099208831787e-01
6.929475665092468262e-01
-6.937512010335922241e-02
3.464707732200622559e-01
7.242076396942138672e-01
-6.613830476999282837e-02
3.186969161033630371e-01
7.267631292343139648e-01
-5.330635607242584229e-02
2.938096523284912109e-01
7.128726840019226074e-01
-4.810107871890068054e-02
