2.612068355083465576e-01
7.003067731857299805e-01
-3.987369154856423847e-07
2.778229713439941406e-01
6.014520525932312012e-01
-1.585008867550641298e-04
3.194717466831207275e-01
5.019003152847290039e-01
-7.925339043140411377e-03
3.360531628131866455e-01
4.234946072101593018e-01
-1.592316105961799622e-02
3.238603472709655762e-01
3.604933321475982666e-01
-2.164520695805549622e-02
3.840010464191436768e-01
4.853996038436889648e-01
-2.320976369082927704e-02
4.607933759689331055e-01
5.351063013076782227e-01
-3.126486018300056458e-02
4.366731941699981689e-01
5.610637068748474121e-01
-3.365613520145416260e-02
4.027611017227172852e-01
5.514712929725646973e-01
-3.651950135827064514e-02
3.915516138076782227e-01
5.397851467132568359e-01
-3.194849193096160889e-02
4.603606462478637695e-01
5.961806774139404297e-01
-2.845306880772113800e-02
4.335202872753143311e-01
6.158118247985839844e-01
-2.220517583191394806e-02
4.027207791805267334e-01
6.056675910949707031e-01
-2.392624504864215851e-02
3.921188712120056152e-01
6.087968945503234863e-01
-3.937767073512077332e-02
4.505035281181335449e-01
6.596019864082336426e-01
-3.372084721922874451e-02
4.252032935619354248e-01
6.687520742416381836e-01
-2.316746115684509277e-02
3.948901593685150146e-01
6.549399495124816895e-01
-2.307029254734516144e-02
3.894513547420501709e-01
6.773116588592529297e-01
-4.681769385933876038e-02
4.303711652755737305e-01
7.096325159072875977e-01
-3.884131833910942078e-02
4.042439460754394531e-01
7.125729918479919434e-01
-2.690889686346054077e-02
3.778703510761260986e-01
6.983658671379089355e-01
-2.234546653926372528e-02
