1.799222081899642944e-01
7.054612040519714355e-01
-3.339781358135951450e-07
2.025051116943359375e-01
6.108464002609252930e-01
-5.216091405600309372e-03
2.532460689544677734e-01
5.106363892555236816e-01
-1.900044456124305725e-02
2.764838635921478271e-01
4.282363653182983398e-01
-3.185120970010757446e-02
2.680596113204956055e-01
3.591537475585937500e-01
-4.142251238226890564e-02
2.895389199256896973e-01
4.951563477516174316e-01
-4.523633047938346863e-02
3.806935250759124756e-01
5.383313894271850586e-01
-6.551092863082885742e-02
3.573881089687347412e-01
5.688850879669189453e-01
-7.013925909996032715e-02
3.248973190784454346e-01
5.637290477752685547e-01
-7.294986397027969360e-02
2.895116806030273438e-01
5.523220300674438477e-01
-5.611776933073997498e-02
3.804758191108703613e-01
6.067674756050109863e-01
-6.722106039524078369e-02
3.496260344982147217e-01
6.276255846023559570e-01
-5.990058928728103638e-02
3.160103261470794678e-01
6.181088089942932129e-01
-5.874386057257652283e-02
2.868328988552093506e-01
6.222249269485473633e-01
-6.594492495059967041e-02
3.674231469631195068e-01
6.759874224662780762e-01
-7.270760834217071533e-02
3.380447328090667725e-01
6.854995489120483398e-01
-5.848570913076400757e-02
3.070582151412963867e-01
6.712656617164611816e-01
-5.373886227607727051e-02
2.829551100730895996e-01
6.917583942413330078e-01
-7.586595416069030762e-02
3.402471542358398438e-01
7.307399511337280273e-01
-7.693541049957275391e-02
3.117948770523071289e-01
7.334690093994140625e-01
-6.519325077533721924e-02
2.836620807647705078e-01
7.167479991912841797e-01
-5.988135188817977905e-02
