1.797753870487213135e-01
7.058395743370056152e-01
-3.469014018264715560e-07
2.018757164478302002e-01
6.130967736244201660e-01
-5.569745786488056183e-03
2.531238496303558350e-01
5.128519535064697266e-01
-1.898498833179473877e-02
2.777892053127288818e-01
4.315035939216613770e-01
-3.157938271760940552e-02
2.706281840801239014e-01
3.625156879425048828e-01
-4.109325632452964783e-02
2.884340584278106689e-01
4.941439628601074219e-01
-4.513655230402946472e-02
3.810020983219146729e-01
5.393233299255371094e-01
-6.762180477380752563e-02
3.571142554283142090e-01
5.690721869468688965e-01
-7.385639846324920654e-02
3.244504928588867188e-01
5.638498067855834961e-01
-7.747536152601242065e-02
2.871111333370208740e-01
5.526955127716064453e-01
-5.635228380560874939e-02
3.808327317237854004e-01
6.081329584121704102e-01
-6.984031200408935547e-02
3.491752147674560547e-01
6.282653808593750000e-01
-6.311832368373870850e-02
3.153531849384307861e-01
6.186128854751586914e-01
-6.205945089459419250e-02
2.838406860828399658e-01
6.231597065925598145e-01
-6.689509004354476929e-02
3.669641911983489990e-01
6.765806674957275391e-01
-7.611096650362014771e-02
3.369081020355224609e-01
6.857839226722717285e-01
-6.207364797592163086e-02
3.058432340621948242e-01
6.717277169227600098e-01
-5.688602477312088013e-02
2.799003422260284424e-01
6.927811503410339355e-01
-7.757334411144256592e-02
3.396340012550354004e-01
7.304273843765258789e-01
-8.008415997028350830e-02
3.113471865653991699e-01
7.334288954734802246e-01
-6.868780404329299927e-02
2.833167314529418945e-01
7.175918817520141602e-01
-6.339895725250244141e-02
