1.825286895036697388e-01
7.026889920234680176e-01
-3.303426865386427380e-07
2.047277092933654785e-01
6.111667156219482422e-01
-7.881024852395057678e-03
2.564847469329833984e-01
5.100027918815612793e-01
-2.068270929157733917e-02
2.796019315719604492e-01
4.312587380409240723e-01
-3.229391574859619141e-02
2.715268433094024658e-01
3.650423884391784668e-01
-4.078365117311477661e-02
2.882512211799621582e-01
4.970548152923583984e-01
-4.375499859452247620e-02
3.815476894378662109e-01
5.391305685043334961e-01
-6.640962511301040649e-02
3.574075102806091309e-01
5.639245510101318359e-01
-7.355491071939468384e-02
3.240644633769989014e-01
5.566796064376831055e-01
-7.723892480134963989e-02
2.876123487949371338e-01
5.577650666236877441e-01
-5.290330946445465088e-02
3.807125091552734375e-01
6.059795618057250977e-01
-6.556478887796401978e-02
3.499804735183715820e-01
6.222885847091674805e-01
-5.928011983633041382e-02
3.168134689331054688e-01
6.131959557533264160e-01
-5.830530449748039246e-02
2.858980000019073486e-01
6.282285451889038086e-01
-6.170693039894104004e-02
3.705627322196960449e-01
6.719838976860046387e-01
-7.053682208061218262e-02
3.411272168159484863e-01
6.807771325111389160e-01
-5.606145784258842468e-02
3.096818327903747559e-01
6.695992350578308105e-01
-5.003073439002037048e-02
2.839774787425994873e-01
6.972036957740783691e-01
-7.082342356443405151e-02
3.480483591556549072e-01
7.256671190261840820e-01
-7.230667024850845337e-02
3.204045891761779785e-01
7.298892736434936523e-01
-5.899293720722198486e-02
2.909611165523529053e-01
7.185798883438110352e-01
-5.200235918164253235e-02
