1.848212778568267822e-01
7.030789852142333984e-01
-3.383342743745743064e-07
2.081783115863800049e-01
6.107887625694274902e-01
-4.086728673428297043e-03
2.588372826576232910e-01
5.131430029869079590e-01
-1.639908179640769958e-02
2.833690047264099121e-01
4.325810968875885010e-01
-2.813798747956752777e-02
2.759922146797180176e-01
3.653880357742309570e-01
-3.673317283391952515e-02
2.944689393043518066e-01
4.976955652236938477e-01
-4.183000698685646057e-02
3.852505087852478027e-01
5.371985435485839844e-01
-6.192912533879280090e-02
3.629958033561706543e-01
5.685731172561645508e-01
-6.698507815599441528e-02
3.305763900279998779e-01
5.644954442977905273e-01
-6.979594379663467407e-02
2.947057187557220459e-01
5.557297468185424805e-01
-5.262858420610427856e-02
3.843798637390136719e-01
6.048086285591125488e-01
-6.276964396238327026e-02
3.549012839794158936e-01
6.269034743309020996e-01
-5.531753227114677429e-02
3.219006955623626709e-01
6.187788844108581543e-01
-5.401816591620445251e-02
2.928203046321868896e-01
6.261275410652160645e-01
-6.251051276922225952e-02
3.722162246704101562e-01
6.754716634750366211e-01
-6.890404224395751953e-02
3.442299962043762207e-01
6.853573322296142578e-01
-5.484300106763839722e-02
3.132041394710540771e-01
6.720859408378601074e-01
-4.996251687407493591e-02
2.896772623062133789e-01
6.958367228507995605e-01
-7.239248603582382202e-02
3.484469652175903320e-01
7.313287258148193359e-01
-7.255876809358596802e-02
3.212834894657135010e-01
7.348505854606628418e-01
-6.011132150888442993e-02
2.930291891098022461e-01
7.199187278747558594e-01
-5.417975410819053650e-02
