1.840990036725997925e-01
7.038762569427490234e-01
-3.461162236817472149e-07
2.075311690568923950e-01
6.109796166419982910e-01
-4.706521518528461456e-03
2.578305006027221680e-01
5.120121240615844727e-01
-1.824135892093181610e-02
2.818178534507751465e-01
4.295573830604553223e-01
-3.120997920632362366e-02
2.730589807033538818e-01
3.608388900756835938e-01
-4.100483655929565430e-02
2.942993938922882080e-01
4.973463118076324463e-01
-4.338920488953590393e-02
3.847878873348236084e-01
5.377206206321716309e-01
-6.356997787952423096e-02
3.622978627681732178e-01
5.697988271713256836e-01
-6.888230144977569580e-02
3.306361734867095947e-01
5.657513141632080078e-01
-7.214248925447463989e-02
2.950382530689239502e-01
5.543783307075500488e-01
-5.430068820714950562e-02
3.847473263740539551e-01
6.046392917633056641e-01
-6.481389701366424561e-02
3.557384014129638672e-01
6.275601983070373535e-01
-5.802312865853309631e-02
3.231866359710693359e-01
6.202548742294311523e-01
-5.730616301298141479e-02
2.933721244335174561e-01
6.239039897918701172e-01
-6.418935954570770264e-02
3.718300461769104004e-01
6.749362349510192871e-01
-7.047253847122192383e-02
3.438607752323150635e-01
6.854783296585083008e-01
-5.678682401776313782e-02
3.134467005729675293e-01
6.722481846809387207e-01
-5.241066589951515198e-02
2.904030382633209229e-01
6.929016709327697754e-01
-7.417763024568557739e-02
3.483498394489288330e-01
7.300672531127929688e-01
-7.435142248868942261e-02
3.210109770298004150e-01
7.334769964218139648e-01
-6.241978704929351807e-02
2.930696010589599609e-01
7.178633213043212891e-01
-5.708071216940879822e-02
