1.900846064090728760e-01
7.019999027252197266e-01
-3.348500570155010791e-07
2.132537961006164551e-01
6.069995760917663574e-01
-3.035117872059345245e-03
2.624914646148681641e-01
5.083950757980346680e-01
-1.414626277983188629e-02
2.853206694126129150e-01
4.298891425132751465e-01
-2.452750690281391144e-02
2.761259973049163818e-01
3.650206923484802246e-01
-3.235541284084320068e-02
2.965941131114959717e-01
4.989453852176666260e-01
-4.025267064571380615e-02
3.873083889484405518e-01
5.388796925544738770e-01
-5.847030878067016602e-02
3.657000958919525146e-01
5.671586990356445312e-01
-6.283897906541824341e-02
3.334189653396606445e-01
5.619670152664184570e-01
-6.523622572422027588e-02
3.004835844039916992e-01
5.592187643051147461e-01
-5.050606653094291687e-02
3.879100978374481201e-01
6.041539907455444336e-01
-5.864602327346801758e-02
3.591132760047912598e-01
6.231482625007629395e-01
-5.095152556896209717e-02
3.256404399871826172e-01
6.151284575462341309e-01
-4.965585097670555115e-02
3.018360435962677002e-01
6.303673386573791504e-01
-5.945309996604919434e-02
3.767390549182891846e-01
6.730816364288330078e-01
-6.303563714027404785e-02
3.487676382064819336e-01
6.818470358848571777e-01
-4.766057804226875305e-02
3.178402781486511230e-01
6.704204082489013672e-01
-4.231899976730346680e-02
3.013675212860107422e-01
6.995112895965576172e-01
-6.837309151887893677e-02
3.529264628887176514e-01
7.277578711509704590e-01
-6.576562672853469849e-02
3.252408206462860107e-01
7.309496998786926270e-01
-5.152377486228942871e-02
2.985767424106597900e-01
7.180113196372985840e-01
-4.463303834199905396e-02
