1.896915137767791748e-01
7.015266418457031250e-01
-3.385405875633296091e-07
2.124208658933639526e-01
6.078206896781921387e-01
-5.107569508254528046e-03
2.601441144943237305e-01
5.091039538383483887e-01
-1.790675148367881775e-02
2.831356823444366455e-01
4.298638701438903809e-01
-2.945539355278015137e-02
2.752528786659240723e-01
3.635048866271972656e-01
-3.809234499931335449e-02
2.963599562644958496e-01
5.000066161155700684e-01
-4.307920858263969421e-02
3.863466382026672363e-01
5.402760505676269531e-01
-6.134476140141487122e-02
3.640171587467193604e-01
5.705397725105285645e-01
-6.566432118415832520e-02
3.315009772777557373e-01
5.652182102203369141e-01
-6.815450638532638550e-02
3.013052046298980713e-01
5.594019889831542969e-01
-5.222106352448463440e-02
3.871911168098449707e-01
6.054776310920715332e-01
-6.024139374494552612e-02
3.585383296012878418e-01
6.259378790855407715e-01
-5.284670367836952209e-02
3.250802159309387207e-01
6.171261668205261230e-01
-5.196502432227134705e-02
3.032959103584289551e-01
6.300175786018371582e-01
-6.002144142985343933e-02
3.761994838714599609e-01
6.741241216659545898e-01
-6.347763538360595703e-02
3.481276631355285645e-01
6.832332015037536621e-01
-4.840541258454322815e-02
3.170020580291748047e-01
6.710379123687744141e-01
-4.349244013428688049e-02
3.036475181579589844e-01
6.991364359855651855e-01
-6.788767874240875244e-02
3.524278700351715088e-01
7.279888987541198730e-01
-6.567988544702529907e-02
3.249202072620391846e-01
7.309897541999816895e-01
-5.201077833771705627e-02
2.986701130867004395e-01
7.173858880996704102e-01
-4.553220421075820923e-02
