1.893779039382934570e-01
7.019282579421997070e-01
-3.285209402292821323e-07
2.119308114051818848e-01
6.073726415634155273e-01
-4.909982904791831970e-03
2.604371011257171631e-01
5.091369748115539551e-01
-1.778652518987655640e-02
2.834757864475250244e-01
4.297810196876525879e-01
-2.948988229036331177e-02
2.752307653427124023e-01
3.632851839065551758e-01
-3.822968155145645142e-02
2.962974905967712402e-01
4.989014565944671631e-01
-4.338972270488739014e-02
3.867754936218261719e-01
5.399104952812194824e-01
-6.165880709886550903e-02
3.640072047710418701e-01
5.696744918823242188e-01
-6.568844616413116455e-02
3.317100405693054199e-01
5.635094046592712402e-01
-6.798797100782394409e-02
3.007451891899108887e-01
5.585886240005493164e-01
-5.284393578767776489e-02
3.871454000473022461e-01
6.045461893081665039e-01
-6.100384518504142761e-02
3.578088879585266113e-01
6.250247955322265625e-01
-5.324572324752807617e-02
3.247081637382507324e-01
6.165652275085449219e-01
-5.192941427230834961e-02
3.022828400135040283e-01
6.297149062156677246e-01
-6.092229112982749939e-02
3.764778971672058105e-01
6.740161180496215820e-01
-6.462465971708297729e-02
3.478455543518066406e-01
6.833809018135070801e-01
-4.925039038062095642e-02
3.167045414447784424e-01
6.716509461402893066e-01
-4.395355284214019775e-02
3.020241558551788330e-01
6.995197534561157227e-01
-6.904032826423645020e-02
3.526700139045715332e-01
7.290909886360168457e-01
-6.707672774791717529e-02
3.246658742427825928e-01
7.321047782897949219e-01
-5.323862284421920776e-02
2.978487312793731689e-01
7.187442183494567871e-01
-4.650181904435157776e-02
