1.882013082504272461e-01
7.034439444541931152e-01
-3.147440281736635370e-07
2.117529064416885376e-01
6.107794046401977539e-01
-6.154704373329877853e-03
2.624271512031555176e-01
5.112639069557189941e-01
-1.997125707566738129e-02
2.854786515235900879e-01
4.309526085853576660e-01
-3.271542116999626160e-02
2.769448757171630859e-01
3.629595041275024414e-01
-4.196232557296752930e-02
2.975168526172637939e-01
4.966510534286499023e-01
-4.543138295412063599e-02
3.894551992416381836e-01
5.397245287895202637e-01
-6.608650088310241699e-02
3.659656345844268799e-01
5.691891312599182129e-01
-7.078776508569717407e-02
3.323161602020263672e-01
5.621317625045776367e-01
-7.329545915126800537e-02
2.973346412181854248e-01
5.564461946487426758e-01
-5.558777600526809692e-02
3.881366550922393799e-01
6.071079969406127930e-01
-6.682088971138000488e-02
3.576815724372863770e-01
6.269949078559875488e-01
-5.931010097265243530e-02
3.239629864692687988e-01
6.170470118522644043e-01
-5.780582875013351440e-02
2.953659296035766602e-01
6.276475191116333008e-01
-6.484922021627426147e-02
3.765417635440826416e-01
6.766045093536376953e-01
-7.197698950767517090e-02
3.470792770385742188e-01
6.853920817375183105e-01
-5.719047412276268005e-02
3.150277733802795410e-01
6.715267896652221680e-01
-5.164433270692825317e-02
2.925410866737365723e-01
6.985536813735961914e-01
-7.421167194843292236e-02
3.520477414131164551e-01
7.326818704605102539e-01
-7.517736405134201050e-02
3.241679072380065918e-01
7.351231575012207031e-01
-6.234464049339294434e-02
2.952443063259124756e-01
7.202328443527221680e-01
-5.591619759798049927e-02
