1.863500922918319702e-01
7.061082124710083008e-01
-3.404496453640604159e-07
2.094707638025283813e-01
6.147281527519226074e-01
-7.249968592077493668e-03
2.610290348529815674e-01
5.132167935371398926e-01
-2.052970789372920990e-02
2.855801284313201904e-01
4.325183033943176270e-01
-3.296102583408355713e-02
2.774457037448883057e-01
3.643049001693725586e-01
-4.203137010335922241e-02
2.977925539016723633e-01
4.970158934593200684e-01
-4.140378534793853760e-02
3.899126350879669189e-01
5.400252938270568848e-01
-6.377556174993515015e-02
3.658184409141540527e-01
5.696337223052978516e-01
-7.157877832651138306e-02
3.323393762111663818e-01
5.625278949737548828e-01
-7.617978751659393311e-02
2.977815270423889160e-01
5.566528439521789551e-01
-5.142916366457939148e-02
3.894389569759368896e-01
6.075572967529296875e-01
-6.436792016029357910e-02
3.586003184318542480e-01
6.271278262138366699e-01
-5.939222872257232666e-02
3.241152465343475342e-01
6.168729066848754883e-01
-5.919840559363365173e-02
2.960990369319915771e-01
6.273117661476135254e-01
-6.112946942448616028e-02
3.761711120605468750e-01
6.767629981040954590e-01
-6.950407475233078003e-02
3.466159999370574951e-01
6.855146884918212891e-01
-5.617691576480865479e-02
3.148142993450164795e-01
6.713371872901916504e-01
-5.114492401480674744e-02
2.935694456100463867e-01
6.974141001701354980e-01
-7.118311524391174316e-02
3.527731895446777344e-01
7.305274605751037598e-01
-7.257013767957687378e-02
3.247790336608886719e-01
7.330975532531738281e-01
-6.027857214212417603e-02
2.957828044891357422e-01
7.183344960212707520e-01
-5.406160652637481689e-02
