2.608351707458496094e-01
6.993600726127624512e-01
-3.875582592627324630e-07
2.763841152191162109e-01
6.007095575332641602e-01
1.740263251122087240e-04
3.187361359596252441e-01
5.007428526878356934e-01
-7.467433810234069824e-03
3.360201716423034668e-01
4.223732352256774902e-01
-1.548018120229244232e-02
3.246359527111053467e-01
3.594014048576354980e-01
-2.121441252529621124e-02
3.833978176116943359e-01
4.843121469020843506e-01
-2.255127392709255219e-02
4.608618021011352539e-01
5.367217659950256348e-01
-3.101734071969985962e-02
4.366797804832458496e-01
5.619297623634338379e-01
-3.345173224806785583e-02
4.023824632167816162e-01
5.519317388534545898e-01
-3.623134642839431763e-02
3.897981643676757812e-01
5.383493900299072266e-01
-3.170173987746238708e-02
4.603877961635589600e-01
5.971969366073608398e-01
-2.908897772431373596e-02
4.337610304355621338e-01
6.162833571434020996e-01
-2.328686974942684174e-02
4.031182229518890381e-01
6.056857705116271973e-01
-2.515045739710330963e-02
3.895262479782104492e-01
6.071770191192626953e-01
-3.960987925529479980e-02
4.503046870231628418e-01
6.597114801406860352e-01
-3.509863093495368958e-02
4.248516559600830078e-01
6.690463423728942871e-01
-2.493250183761119843e-02
3.946965336799621582e-01
6.545154452323913574e-01
-2.484540641307830811e-02
3.866156935691833496e-01
6.760336160659790039e-01
-4.744902998208999634e-02
4.304617941379547119e-01
7.100859880447387695e-01
-4.036308452486991882e-02
4.040059447288513184e-01
7.132626175880432129e-01
-2.869995683431625366e-02
3.772108852863311768e-01
6.985153555870056152e-01
-2.424868382513523102e-02
