1.896558851003646851e-01
7.039090394973754883e-01
-3.553899716735031689e-07
2.118786573410034180e-01
6.115602850914001465e-01
-3.547724569216370583e-03
2.617424726486206055e-01
5.124529004096984863e-01
-1.544989831745624542e-02
2.877966165542602539e-01
4.316357970237731934e-01
-2.687704935669898987e-02
2.812704443931579590e-01
3.635876178741455078e-01
-3.539479896426200867e-02
2.982940673828125000e-01
4.959042072296142578e-01
-4.004630073904991150e-02
3.881601691246032715e-01
5.356043577194213867e-01
-5.963396281003952026e-02
3.672246932983398438e-01
5.679485201835632324e-01
-6.489463895559310913e-02
3.358925580978393555e-01
5.660110712051391602e-01
-6.792396306991577148e-02
3.012810945510864258e-01
5.519958138465881348e-01
-5.070817843079566956e-02
3.882045149803161621e-01
6.027924418449401855e-01
-5.998777225613594055e-02
3.594677746295928955e-01
6.253633499145507812e-01
-5.279149860143661499e-02
3.266558051109313965e-01
6.179540753364562988e-01
-5.190210044384002686e-02
3.015446662902832031e-01
6.201241612434387207e-01
-6.050993874669075012e-02
3.769243955612182617e-01
6.702128648757934570e-01
-6.563085317611694336e-02
3.485049009323120117e-01
6.808995008468627930e-01
-5.147787556052207947e-02
3.177049756050109863e-01
6.681446433067321777e-01
-4.697505384683609009e-02
3.001888394355773926e-01
6.883357763290405273e-01
-7.041312009096145630e-02
3.518646657466888428e-01
7.247686386108398438e-01
-6.993580609560012817e-02
3.240021467208862305e-01
7.294569611549377441e-01
-5.800889804959297180e-02
2.973705232143402100e-01
7.141106724739074707e-01
-5.261938273906707764e-02
