1.887893080711364746e-01
7.030170559883117676e-01
-3.522430063185311155e-07
2.106983661651611328e-01
6.103350520133972168e-01
-3.706661053001880646e-03
2.611165046691894531e-01
5.124593973159790039e-01
-1.584355719387531281e-02
2.874427437782287598e-01
4.318268895149230957e-01
-2.753935568034648895e-02
2.809880077838897705e-01
3.634948432445526123e-01
-3.621049597859382629e-02
2.986502647399902344e-01
4.949835538864135742e-01
-4.110200703144073486e-02
3.892048001289367676e-01
5.372638106346130371e-01
-6.079120934009552002e-02
3.678689002990722656e-01
5.698066949844360352e-01
-6.574202328920364380e-02
3.356638252735137939e-01
5.670038461685180664e-01
-6.863924860954284668e-02
3.000245094299316406e-01
5.507639646530151367e-01
-5.208584293723106384e-02
3.879802525043487549e-01
6.045783758163452148e-01
-6.152201816439628601e-02
3.593560457229614258e-01
6.278969049453735352e-01
-5.425035580992698669e-02
3.270329833030700684e-01
6.197714805603027344e-01
-5.353197455406188965e-02
2.984274029731750488e-01
6.197113990783691406e-01
-6.214649975299835205e-02
3.761823475360870361e-01
6.723908185958862305e-01
-6.829719990491867065e-02
3.477090597152709961e-01
6.839688420295715332e-01
-5.450877919793128967e-02
3.169653713703155518e-01
6.707561016082763672e-01
-5.019941926002502441e-02
2.954177260398864746e-01
6.887278556823730469e-01
-7.222566753625869751e-02
3.511867523193359375e-01
7.279727458953857422e-01
-7.295594364404678345e-02
3.235284686088562012e-01
7.324255108833312988e-01
-6.142391636967658997e-02
2.959053814411163330e-01
7.166191339492797852e-01
-5.626933276653289795e-02
