1.920489668846130371e-01
6.944208741188049316e-01
-2.931635947334143566e-07
2.129998058080673218e-01
6.069079041481018066e-01
-9.801976382732391357e-03
2.616390287876129150e-01
5.110189318656921387e-01
-2.334107086062431335e-02
2.866164445877075195e-01
4.361378848552703857e-01
-3.620171546936035156e-02
2.834534645080566406e-01
3.701457083225250244e-01
-4.550999775528907776e-02
2.881796956062316895e-01
5.002766847610473633e-01
-3.648240491747856140e-02
3.813366591930389404e-01
5.254967808723449707e-01
-6.170684471726417542e-02
3.591327667236328125e-01
5.482213497161865234e-01
-7.209830731153488159e-02
3.254477381706237793e-01
5.458055138587951660e-01
-7.689458131790161133e-02
2.903048098087310791e-01
5.586161613464355469e-01
-4.460819438099861145e-02
3.819817304611206055e-01
5.903621315956115723e-01
-5.947001650929450989e-02
3.545563817024230957e-01
6.069629192352294922e-01
-5.580968037247657776e-02
3.205121755599975586e-01
6.033388972282409668e-01
-5.540034547448158264e-02
2.912179231643676758e-01
6.232466101646423340e-01
-5.353445187211036682e-02
3.726205229759216309e-01
6.522594094276428223e-01
-6.327781081199645996e-02
3.457477390766143799e-01
6.635962128639221191e-01
-4.840056970715522766e-02
3.138316571712493896e-01
6.572951674461364746e-01
-4.124976322054862976e-02
2.913301289081573486e-01
6.868687868118286133e-01
-6.342741847038269043e-02
3.504344820976257324e-01
7.073774337768554688e-01
-6.593862175941467285e-02
3.252116143703460693e-01
7.172135114669799805e-01
-5.270704999566078186e-02
2.974638640880584717e-01
7.097113132476806641e-01
-4.509060829877853394e-02
