1.931715905666351318e-01
6.880806684494018555e-01
-2.919320536420855206e-07
2.145129740238189697e-01
6.024734973907470703e-01
-9.807241149246692657e-03
2.628736495971679688e-01
5.085121393203735352e-01
-2.292117476463317871e-02
2.861689925193786621e-01
4.355616867542266846e-01
-3.531870245933532715e-02
2.828925549983978271e-01
3.708755075931549072e-01
-4.430508241057395935e-02
2.901688516139984131e-01
4.983710050582885742e-01
-3.650668263435363770e-02
3.824919462203979492e-01
5.267361998558044434e-01
-6.110795959830284119e-02
3.601166009902954102e-01
5.496537089347839355e-01
-7.127657532691955566e-02
3.257758617401123047e-01
5.457983016967773438e-01
-7.609604299068450928e-02
2.906056344509124756e-01
5.554214119911193848e-01
-4.433875158429145813e-02
3.805586397647857666e-01
5.906893014907836914e-01
-5.835518240928649902e-02
3.543333113193511963e-01
6.074404716491699219e-01
-5.477746203541755676e-02
3.212949037551879883e-01
6.027981042861938477e-01
-5.484976619482040405e-02
2.902426123619079590e-01
6.193109154701232910e-01
-5.292786285281181335e-02
3.703081607818603516e-01
6.516895294189453125e-01
-6.250356882810592651e-02
3.445098996162414551e-01
6.625454425811767578e-01
-4.850963130593299866e-02
3.132432699203491211e-01
6.548029184341430664e-01
-4.214874655008316040e-02
2.896944880485534668e-01
6.820841431617736816e-01
-6.238226592540740967e-02
3.499050140380859375e-01
7.047157287597656250e-01
-6.511914730072021484e-02
3.252235054969787598e-01
7.138577103614807129e-01
-5.238054320216178894e-02
2.968015968799591064e-01
7.053047418594360352e-01
-4.519910737872123718e-02
