1.893056631088256836e-01
6.855774521827697754e-01
-2.781017371944471961e-07
2.089408785104751587e-01
5.978420376777648926e-01
-1.069314870983362198e-02
2.570261657238006592e-01
5.040273070335388184e-01
-2.504056133329868317e-02
2.853062450885772705e-01
4.311425387859344482e-01
-3.816879168152809143e-02
2.851240634918212891e-01
3.650714159011840820e-01
-4.794011637568473816e-02
2.775672376155853271e-01
5.009193420410156250e-01
-4.293172433972358704e-02
3.658545911312103271e-01
5.112016201019287109e-01
-7.030938565731048584e-02
3.419052958488464355e-01
5.249937176704406738e-01
-8.219595998525619507e-02
3.072731494903564453e-01
5.214226841926574707e-01
-8.723392337560653687e-02
2.751404941082000732e-01
5.598281621932983398e-01
-5.046629533171653748e-02
3.684889972209930420e-01
5.791783332824707031e-01
-6.773208081722259521e-02
3.405146002769470215e-01
5.871031284332275391e-01
-6.448026001453399658e-02
3.044146895408630371e-01
5.830650925636291504e-01
-6.389301270246505737e-02
2.725342810153961182e-01
6.231929659843444824e-01
-5.845263600349426270e-02
3.539016842842102051e-01
6.393792033195495605e-01
-6.874505430459976196e-02
3.290077149868011475e-01
6.421953439712524414e-01
-5.370463803410530090e-02
2.954204976558685303e-01
6.349001526832580566e-01
-4.616874828934669495e-02
2.702838480472564697e-01
6.831303238868713379e-01
-6.736966222524642944e-02
3.311412334442138672e-01
6.894618868827819824e-01
-6.938707083463668823e-02
3.099786341190338135e-01
6.927322745323181152e-01
-5.524561181664466858e-02
2.815625071525573730e-01
6.852270960807800293e-01
-4.709269478917121887e-02
