1.813434511423110962e-01
6.912547945976257324e-01
-3.613473040786630008e-07
2.012220323085784912e-01
6.017061471939086914e-01
-1.111996360123157501e-02
2.525416016578674316e-01
5.055893063545227051e-01
-2.354298718273639679e-02
2.885099351406097412e-01
4.323826432228088379e-01
-3.525769338011741638e-02
2.967694103717803955e-01
3.665539026260375977e-01
-4.425209015607833862e-02
2.759957313537597656e-01
5.030451416969299316e-01
-3.982564061880111694e-02
3.299174904823303223e-01
4.929365515708923340e-01
-6.938902288675308228e-02
2.998616099357604980e-01
4.889755547046661377e-01
-8.417762070894241333e-02
2.690643966197967529e-01
4.822007119655609131e-01
-9.231247007846832275e-02
2.639258503913879395e-01
5.570335984230041504e-01
-4.985706508159637451e-02
3.261103928089141846e-01
5.675255060195922852e-01
-7.262187451124191284e-02
2.916824817657470703e-01
5.636139512062072754e-01
-7.365945726633071899e-02
2.612437903881072998e-01
5.555440187454223633e-01
-7.592394202947616577e-02
2.503080368041992188e-01
6.164216995239257812e-01
-6.102572754025459290e-02
3.117670416831970215e-01
6.374579071998596191e-01
-7.922490686178207397e-02
2.802545428276062012e-01
6.326575875282287598e-01
-6.862872838973999023e-02
2.506896257400512695e-01
6.219769716262817383e-01
-6.279267370700836182e-02
2.372556328773498535e-01
6.747527718544006348e-01
-7.330758124589920044e-02
2.878527939319610596e-01
6.892043948173522949e-01
-8.323325216770172119e-02
2.672587633132934570e-01
6.893684267997741699e-01
-7.382334023714065552e-02
2.447891831398010254e-01
6.818369626998901367e-01
-6.775797158479690552e-02
