1.815110445022583008e-01
7.003281712532043457e-01
-2.527688138798112050e-07
2.084689736366271973e-01
6.165609955787658691e-01
-1.124000828713178635e-02
2.599822282791137695e-01
5.171285867691040039e-01
-2.704179659485816956e-02
2.897913157939910889e-01
4.377793371677398682e-01
-4.149017855525016785e-02
2.955120503902435303e-01
3.672815561294555664e-01
-5.273728817701339722e-02
2.512074112892150879e-01
4.927052259445190430e-01
-5.600442364811897278e-02
3.228860497474670410e-01
4.917472898960113525e-01
-8.928311616182327271e-02
3.034152686595916748e-01
4.986129999160766602e-01
-1.022613048553466797e-01
2.771592736244201660e-01
4.905907511711120605e-01
-1.087068542838096619e-01
2.360961288213729858e-01
5.459282994270324707e-01
-6.707461923360824585e-02
3.241533637046813965e-01
5.682592988014221191e-01
-9.436960518360137939e-02
2.949274778366088867e-01
5.768135190010070801e-01
-9.120025485754013062e-02
2.642945349216461182e-01
5.693228244781494141e-01
-9.039812535047531128e-02
2.260594666004180908e-01
6.074941754341125488e-01
-7.837912440299987793e-02
3.106596171855926514e-01
6.387384533882141113e-01
-9.839617460966110229e-02
2.819544076919555664e-01
6.445863842964172363e-01
-8.248110860586166382e-02
2.530734539031982422e-01
6.350345015525817871e-01
-7.358863204717636108e-02
2.202035784721374512e-01
6.691324710845947266e-01
-9.086769074201583862e-02
2.898785173892974854e-01
6.928559541702270508e-01
-1.001795232295989990e-01
2.695033252239227295e-01
6.995198130607604980e-01
-8.834733814001083374e-02
2.445040494203567505e-01
6.904440522193908691e-01
-8.149292320013046265e-02
