1.958028227090835571e-01
7.173111438751220703e-01
-2.833490952980355360e-07
2.303024232387542725e-01
6.238173842430114746e-01
-9.980496019124984741e-03
2.722659111022949219e-01
5.137343406677246094e-01
-2.315804362297058105e-02
2.934338748455047607e-01
4.315493702888488770e-01
-3.491834551095962524e-02
2.989254295825958252e-01
3.615041375160217285e-01
-4.347893968224525452e-02
2.368804365396499634e-01
4.763832688331604004e-01
-5.072719976305961609e-02
3.270320296287536621e-01
4.952437281608581543e-01
-7.762952893972396851e-02
3.118358552455902100e-01
5.278143882751464844e-01
-8.638157695531845093e-02
2.799899876117706299e-01
5.251768231391906738e-01
-9.160822629928588867e-02
2.199812829494476318e-01
5.381415486335754395e-01
-6.095610558986663818e-02
3.204880356788635254e-01
5.655801892280578613e-01
-7.947524636983871460e-02
3.033404052257537842e-01
5.855940580368041992e-01
-7.523176819086074829e-02
2.717005312442779541e-01
5.828718543052673340e-01
-7.709005475044250488e-02
2.099856585264205933e-01
6.087697744369506836e-01
-7.127667218446731567e-02
3.024590015411376953e-01
6.313198804855346680e-01
-8.593328297138214111e-02
2.845508754253387451e-01
6.467553377151489258e-01
-7.224149256944656372e-02
2.557820081710815430e-01
6.425158381462097168e-01
-6.707993149757385254e-02
2.062134146690368652e-01
6.747762560844421387e-01
-8.247634023427963257e-02
2.803824543952941895e-01
6.862377524375915527e-01
-8.948309719562530518e-02
2.690685093402862549e-01
6.963981986045837402e-01
-7.981032133102416992e-02
2.433784306049346924e-01
6.929699778556823730e-01
-7.567254453897476196e-02
