2.121187746524810791e-01
7.417488098144531250e-01
-3.947101845369616058e-07
2.539615631103515625e-01
6.474769711494445801e-01
-1.272606849670410156e-02
2.863906025886535645e-01
5.321211814880371094e-01
-2.680382132530212402e-02
2.986253499984741211e-01
4.430755674839019775e-01
-3.940211981534957886e-02
2.985280454158782959e-01
3.639489710330963135e-01
-4.859625175595283508e-02
2.409405410289764404e-01
4.800500273704528809e-01
-5.684480443596839905e-02
3.221802711486816406e-01
4.770706593990325928e-01
-8.842267096042633057e-02
3.127540349960327148e-01
5.216524600982666016e-01
-9.808952361345291138e-02
2.874324917793273926e-01
5.314025878906250000e-01
-1.034861057996749878e-01
2.228461056947708130e-01
5.365090966224670410e-01
-6.753305345773696899e-02
3.207183480262756348e-01
5.534301400184631348e-01
-9.105863422155380249e-02
3.046007156372070312e-01
5.811744928359985352e-01
-8.648350834846496582e-02
2.733501195907592773e-01
5.818190574645996094e-01
-8.816031366586685181e-02
2.107459306716918945e-01
6.085107326507568359e-01
-7.902071624994277954e-02
3.011380136013031006e-01
6.273096203804016113e-01
-1.004551053047180176e-01
2.846699059009552002e-01
6.484596729278564453e-01
-8.678205311298370361e-02
2.581861019134521484e-01
6.478447914123535156e-01
-8.109305053949356079e-02
2.024717926979064941e-01
6.791635751724243164e-01
-9.162512421607971191e-02
2.740995585918426514e-01
6.830696463584899902e-01
-1.059444472193717957e-01
2.633537352085113525e-01
6.938620805740356445e-01
-9.865358471870422363e-02
2.357013374567031860e-01
6.935148239135742188e-01
-9.538106620311737061e-02
