2.120721638202667236e-01
7.458614110946655273e-01
-4.299307363453408470e-07
2.649963796138763428e-01
6.481313705444335938e-01
-1.071180030703544617e-02
2.923730015754699707e-01
5.294532775878906250e-01
-2.265320159494876862e-02
2.991905212402343750e-01
4.386003315448760986e-01
-3.302661702036857605e-02
2.950892448425292969e-01
3.569438457489013672e-01
-3.914031386375427246e-02
2.292296588420867920e-01
4.640636444091796875e-01
-5.061911791563034058e-02
3.259566724300384521e-01
4.801868200302124023e-01
-7.726852595806121826e-02
3.244119286537170410e-01
5.343276262283325195e-01
-8.299601078033447266e-02
2.976737618446350098e-01
5.475636124610900879e-01
-8.630581200122833252e-02
2.092467099428176880e-01
5.169052481651306152e-01
-5.986690521240234375e-02
3.253352642059326172e-01
5.524470806121826172e-01
-7.896032184362411499e-02
3.130851387977600098e-01
5.922164320945739746e-01
-7.274216413497924805e-02
2.818672955036163330e-01
5.962603688240051270e-01
-7.359787821769714355e-02
2.004876583814620972e-01
5.864510536193847656e-01
-6.966627389192581177e-02
3.113406598567962646e-01
6.203118562698364258e-01
-8.661956340074539185e-02
2.967395484447479248e-01
6.503986120223999023e-01
-7.397474348545074463e-02
2.685321867465972900e-01
6.523495912551879883e-01
-6.983164697885513306e-02
1.978839486837387085e-01
6.558818221092224121e-01
-8.071690797805786133e-02
2.854120731353759766e-01
6.734538674354553223e-01
-9.312047809362411499e-02
2.756469547748565674e-01
6.898920536041259766e-01
-8.860127627849578857e-02
2.470722347497940063e-01
6.910256743431091309e-01
-8.723530173301696777e-02
